831
402
305
632
363
616
307
257
652
438
387
513
585
956
440
387
690
343
405
327
507
723
473
546
441
285
418
283
351
359
345
519
338
843
351
255
261
364
330
422
493
518
503
394
272
319
256
354
437
511
275
809
493
385
312
792
399
369
463
272
466
307
330
644
538
265
366
359
463
506
478
291
459
996
400
1855
433
455
466
665
257
401
1082
911
282
944
379
310
415
537
489
470
295
506
350
297
489
372
254
406
409
398
421
656
485
534
535
378
347
275
1388
1818
576
839
705
988
250
532
653
694
1500
1180
425
467
585
455
274
365
410
471
996
384
370
250
520
294
440
324
536
390
325
313
634
491
568
395
349
298
558
375
502
391
334
511
324
369
307
449
443
398
291
471
467
322
292
629
526
362
500
408
419
239
382
268
507
266
261
328
459
279
380
329
526
453
500
399
615
304
330
600
549
279
342
626
335
509
280
414
480
236
309
555
543
230
435
388
481
483
429
460
508
393
288
370
304
374
290
1170
548
445
409
393
305
315
378
344
523
374
320
493
336
427
367
375
431
327
377
299
396
375
426
525
465
1855
546
550
501
885
659
322
443
1009
660
1257
2645
737
1068
1456
263
741
531
491
4243
498
854
426
402
934
427
1637
335
892
632
617
423
814
277
1253
1385
652
376
272
657
333
548
318
333
325
679
422
288
302
367
241
275
396
544
405
297
489
262
484
435
275
365
633
427
366
426
511
444
302
435
767
581
350
523
314
303
490
270
412
520
267
257
252
621
810
346
358
342
1130
432
311
525
257
387
666
470
507
446
463
473
403
356
575
265
371
319
489
609
247
423
420
586
309
958
1126
500
1543
456
1193
900
708
674
946
307
712
1094
893
1089
793
710
464
384
527
400
339
594
272
547
278
658
355
405
414
421
571
370
356
296
403
330
262
350
489
541
375
467
998
353
641
421
2358
425
495
906
1498
958
376
634
334
497
456
331
379
514
1113
851
534
234
514
472
669
399
650
298
683
820
443
541
686
388
372
310
473
441
1543
622
603
392
357
724
539
1574
683
1305
654
335
391
371
611
437
744
332
256
664
332
369
422
302
290
396
613
294
336
252
333
355
410
347
565
373
343
424
732
342
532
590
475
362
458
354
272
490
586
287
339
339
893
447
637
426
2766
446
3096
419
1086
336
393
585
454
950
435
286
674
652
683
506
345
499
1733
326
498
2728
443
850
393
786
400
247
610
934
765
1000
296
510
963
541
3096
339
1586
425
780
1824
1506
587
495
1012
1158
1587
502
498
948
1190
2265
768
346
361
364
807
344
834
553
334
598
1843
654
420
793
414
984
496
415
528
423
1413
872
805
754
621
713
597
261
429
891
528
733
478
613
500
419
395
414
367
407
405
727
813
1313
856
297
753
300
866
498
484
400
664
266
532
1448
591
441
1207
428
626
342
442
415
734
747
520
314
610
1151
325
663
425
289
657
473
283
285
738
1454
936
1268
355
732
366
864
1275
835
454
433
304
820
523
434
806
279
543
498
745
1039
627
342
279
811
978
723
303
744
708
752
254
459
295
962
699
1535
897
1866
711
507
376
1162
436
664
771
1046
364
474
462
541
1210
884
353
278
391
354
665
762
558
753
995
542
1082
276
303
766
556
495
525
377
1716
235
639
929
944
390
1786
451
277
538
933
465
710
334
428
519
369
448
608
488
329
390
267
372
349
725
439
561
468
531
634
344
390
838
504
341
347
702
1779
521
303
471
489
1404
492
535
326
959
388
321
751
462
517
427
767
1206
551
584
317
704
477
665
1319
3081
1017
1566
726
539
579
594
375
462
1263
1562
703
599
857
768
1673
294
537
251
720
718
587
2877
875
591
471
2008
437
770
1723
330
275
978
439
648
319
749
368
535
791
1129
301
836
834
661
367
581
279
716
724
490
315
890
1168
842
602
472
527
727
570
551
328
768
379
750
542
614
265
975
537
580
681
230
573
1295
630
512
828
574
742
895
243
467
582
546
413
420
849
313
340
415
651
574
783
362
592
668
416
453
871
1290
560
541
863
388
812
571
1163
401
494
436
1303
482
483
1009
401
494
410
294
572
894
2006
672
501
338
769
342
1084
816
651
727
528
574
1023
633
3352
1068
1422
340
2343
4287
553
3062
473
716
341
1004
371
878
3319
616
711
317
604
581
296
557
439
328
717
1005
523
343
304
350
390
655
361
660
550
286
324
321
320
269
394
380
384
591
279
284
296
302
266
310
360
808
418
782
397
470
328
366
645
364
432
425
322
245
299
302
1255
646
441
467
293
401
412
338
602
877
406
332
298
410
439
344
282
449
298
1628
335
348
480
422
383
469
449
421
348
369
252
256
263
288
283
337
342
369
452
265
239
463
426
242
502
464
484
359
284
474
416
511
702
396
367
408
360
358
374
551
378
559
426
536
240
275
231
237
264
775
410
319
292
795
345
243
298
393
326
305
356
371
400
395
556
481
343
256
278
463
352
443
340
471
554
597
472
509
822
1033
492
317
536
526
312
476
515
351
377
418
477
335
391
437
294
761
517
337
636
706
394
1206
281
728
349
238
452
383
604
328
764
1813
408
1003
511
551
446
517
316
233
414
286
268
344
318
300
277
318
503
442
382
351
480
362
910
403
250
380
318
354
646
261
833
287
300
805
298
367
335
517
512
320
352
328
485
279
344
332
567
714
365
323
357
687
415
383
1332
699
1217
492
485
331
503
820
350
240
598
1257
1480
558
535
1136
378
439
645
269
677
1375
801
797
570
482
1576
614
426
824
604
646
548
3327
947
1517
1165
386
315
282
663
279
412
432
413
489
507
423
479
298
359
350
366
361
360
488
396
595
318
477
322
307
396
265
341
416
577
541
264
544
395
443
462
493
689
297
525
350
445
319
310
489
547
298
348
372
256
389
377
325
346
274
351
1041
416
826
323
1001
597
347
403
605
496
372
335
377
277
402
275
456
338
284
350
509
679
349
560
303
656
545
380
377
560
391
339
451
410
230
247
355
307
350
327
402
976
762
389
333
230
505
354
350
402
1135
350
406
308
590
638
356
397
681
290
425
257
302
353
378
1004
883
709
1621
828
620
290
339
316
365
504
402
1095
1810
480
252
299
583
402
285
584
421
1309
642
306
728
1310
2028
1417
608
404
448
913
535
2035
1282
1087
908
409
1267
1427
351
554
529
1054
350
314
561
548
741
1464
961
756
283
535
341
353
780
302
474
773
634
657
655
361
1035
791
637
625
481
388
429
1449
467
335
563
705
639
304
905
564
567
445
584
398
328
337
230
321
732
371
752
257
426
1397
370
480
834
419
853
328
407
488
285
347
324
381
376
298
243
389
631
410
549
928
283
460
394
476
296
509
451
353
400
369
390
629
450
356
494
971
502
310
411
497
716
333
321
481
271
355
303
558
470
602
396
253
309
283
827
665
512
388
730
3334
1966
299
811
366
294
268
537
562
372
378
328
365
355
453
326
320
380
344
369
316
334
612
864
683
293
546
279
278
1433
652
568
759
915
549
382
499
624
1372
423
523
548
1334
296
426
482
425
269
434
243
300
616
242
275
1025
441
531
420
453
300
978
518
355
363
381
935
338
597
898
386
239
322
479
393
369
369
411
476
465
601
380
773
663
261
366
469
771
461
370
336
323
687
267
273
639
556
239
673
277
324
563
492
384
501
519
374
642
421
441
500
443
857
295
298
329
328
481
470
269
330
428
387
541
562
351
292
644
290
452
277
360
448
384
378
604
242
407
323
553
279
307
258
413
284
390
371
346
342
570
1216
281
600
713
952
654
549
416
454
621
386
381
296
338
390
299
233
296
398
619
363
535
293
507
330
647
748
325
230
478
800
755
397
307
538
375
360
874
531
413
524
395
334
539
506
1845
833
947
810
480
433
715
347
730
333
566
278
360
607
585
723
706
473
1003
349
656
404
643
359
406
704
725
362
271
737
248
422
357
502
666
313
345
248
484
377
823
522
366
275
604
425
330
499
629
523
415
393
249
362
327
319
301
408
420
339
377
386
515
316
483
372
751
509
415
278
299
274
412
349
350
401
323
276
412
577
373
310
324
288
538
609
330
299
335
424
609
304
283
349
395
572
586
339
374
483
320
634
254
425
329
423
334
496
380
440
344
1002
