chr1:43703671-43704671,1000,[113],[511],[6.11935]
chr1:43704827-43705827,1000,[203],[259],[2.45253]
chr1:56955052-56956052,1000,[-1100],[1459],[9.651]
chr1:59982311-59983311,1000,[-2161],[4385],[13.78714]
chr1:78608484-78609484,1000,[497],[1643],[5.98802]
chr1:100169456-100170456,1000,[],[],[]
chr1:114050668-114051668,1000,[-1239, 401],[2195, 824],[16.94269, 6.80171]
chr1:114234390-114235390,1000,[],[],[]
chr1:118381270-118382270,1000,[],[],[]
chr1:119883699-119884699,1000,[-2614, 1111],[5046, 2051],[10.28392, 14.70734]
chr1:144603293-144604293,1000,[],[],[]
chr1:144604215-144605215,1000,[],[],[]
chr1:144605565-144606565,1000,[],[],[]
chr1:144835678-144836678,1000,[],[],[]
chr1:144929062-144930062,1000,[-1247],[4893],[6.52817]
chr1:144933633-144934633,1000,[-192],[631],[2.92978]
chr15:75866982-75867982,1000,[],[],[]
chr1:145006195-145007195,1000,[],[],[]
chr1:145003958-145004958,1000,[],[],[]
chr1:145002697-145003697,1000,[],[],[]
chr1:150607354-150608354,1000,[],[],[]
chr1:151830398-151831398,1000,[],[],[]
chr1:154641851-154642851,1000,[],[],[]
chr1:160959626-160960626,1000,[338],[495],[4.95163]
chr1:168424658-168425658,1000,[461],[220],[2.2064]
chr1:168426219-168427219,1000,[],[],[]
chr1:173894094-173895094,1000,[361],[1878],[8.63271]
chr1:193233249-193234249,1000,[],[],[]
chr1:204175898-204176898,1000,[-314, 165],[441, 303],[4.14319, 3.7276]
chr1:235183947-235184947,1000,[-659],[1233],[7.3563]
chr1:235186347-235187347,1000,[],[],[]
chr1:235187522-235188522,1000,[],[],[]
chr10:4923276-4924276,1000,[],[],[]
chr10:5106627-5107627,1000,[],[],[]
chr10:22722629-22723629,1000,[],[],[]
chr10:22726029-22727029,1000,[840],[1378],[8.35278]
chr10:73099480-73100480,1000,[4155],[11201],[18.13898]
chr10:73234857-73235857,1000,[],[],[]
chr10:77774673-77775673,1000,[],[],[]
chr10:88966357-88967357,1000,[],[],[]
chr10:88971258-88972258,1000,[],[],[]
chr10:91392922-91393922,1000,[-735],[4092],[10.49251]
chr10:91396573-91397573,1000,[],[],[]
chr10:93376757-93377757,1000,[],[],[]
chr10:101785138-101786138,1000,[],[],[]
chr10:114570459-114571459,1000,[-184, 1366],[1009, 1793],[7.73167, 9.61111]
chr10:114571545-114572545,1000,[280],[1793],[9.61111]
chr10:118650424-118651424,1000,[],[],[]
chr11:1695430-1696430,1000,[653],[7848],[19.35559]
chr11:2229646-2230646,1000,[521],[3497],[18.08609]
chr11:2232026-2233026,1000,[-1859, 1167],[3497, 2125],[18.08609, 17.04281]
chr11:17365149-17366149,1000,[],[],[]
chr11:22829646-22830646,1000,[],[],[]
chr11:34686353-34687353,1000,[-601],[2999],[16.29101]
chr11:43887784-43888784,1000,[],[],[]
chr11:65435972-65436972,1000,[],[],[]
chr11:68147968-68148968,1000,[-42],[3722],[11.51028]
chr11:68346639-68347639,1000,[],[],[]
chr11:114178711-114179711,1000,[-502],[1877],[8.61696]
chr11:114188022-114189022,1000,[],[],[]
chr12:81673-82673,1000,[],[],[]
chr12:9274457-9275457,1000,[-1681, 339],[2807, 605],[13.30769, 3.43598]
chr12:41757002-41758002,1000,[],[],[]
chr12:57160027-57161027,1000,[319],[230],[2.53617]
chr12:66396938-66397938,1000,[-615],[268],[2.95726]
chr12:69659730-69660730,1000,[],[],[]
chr12:100948078-100949078,1000,[-774, 696],[1490, 1317],[3.7718, 6.73958]
chr12:100949137-100950137,1000,[-363],[1317],[6.73958]
chr12:115628930-115629930,1000,[],[],[]
chr12:121397260-121398260,1000,[207],[2631],[9.94028]
chr12:121400150-121401150,1000,[-491],[1340],[6.86216]
chr12:129328184-129329184,1000,[],[],[]
chr13:33104737-33105737,1000,[-479, 594],[501, 1572],[3.41307, 7.20653]
chr13:33105537-33106537,1000,[-206],[1572],[7.20653]
chr13:34260630-34261630,1000,[-241],[453],[3.30959]
chr13:110074254-110075254,1000,[],[],[]
chr13:110079155-110080155,1000,[],[],[]
chr13:110247555-110248555,1000,[],[],[]
chr14:23434879-23435879,1000,[-470, 741],[505, 1426],[7.8909, 9.05735]
chr14:24052555-24053555,1000,[-1072, -121],[1320, 210],[5.42631, 2.48846]
chr14:35821306-35822306,1000,[799],[3383],[10.81377]
chr14:99885938-99886938,1000,[],[],[]
chr14:99886800-99887800,1000,[],[],[]
chr15:29977635-29978635,1000,[],[],[]
chr15:29978404-29979404,1000,[783],[1036],[4.30027]
chr15:32758701-32759701,1000,[],[],[]
chr15:53722037-53723037,1000,[],[],[]
chr15:75022919-75023919,1000,[-130],[2455],[18.75436]
chr15:82974949-82975949,1000,[],[],[]
chr15:85493560-85494560,1000,[-443, 111],[242, 772],[2.72641, 5.04352]
chr16:12625517-12626517,1000,[],[],[]
chr16:15073500-15074500,1000,[-325, 167],[257, 349],[4.48082, 4.74934]
chr16:15076083-15077083,1000,[-298],[713],[6.04461]
chr16:29159821-29160821,1000,[-465, 564],[369, 213],[4.53346, 3.66994]
chr16:29241921-29242921,1000,[],[],[]
chr16:29769121-29770121,1000,[-341],[2857],[11.68119]
chr16:30557321-30558321,1000,[-157],[575],[2.76119]
chr16:30560321-30561321,1000,[-487],[2253],[9.84009]
chr16:67801581-67802581,1000,[],[],[]
chr16:83972506-83973506,1000,[79],[867],[6.08532]
chr16:83976302-83977302,1000,[2822],[8777],[16.22065]
chr16:85872957-85873957,1000,[],[],[]
chr16:85878206-85879206,1000,[-15],[1210],[5.92022]
chr16:87877602-87878602,1000,[-1526],[4874],[15.03446]
chr16:87878462-87879462,1000,[-2386, 1502],[4874, 2637],[15.03446, 16.23777]
chr16:87881302-87882302,1000,[-1338, 2981],[2637, 5748],[16.23777, 15.24183]
chr16:87930906-87931906,1000,[],[],[]
chr16:89905608-89906608,1000,[-1116, 64],[1242, 970],[5.79308, 8.89836]
chr17:16290014-16291014,1000,[],[],[]
chr17:21181612-21182612,1000,[2, 467],[567, 290],[2.95726, 2.18793]
chr17:21183038-21184038,1000,[262],[520],[2.42099]
chr17:27882534-27883534,1000,[340],[2919],[18.31901]
chr17:38603752-38604752,1000,[-820],[6531],[11.9077]
chr17:41072666-41073666,1000,[-621],[6509],[10.86445]
chr17:41076617-41077617,1000,[],[],[]
chr17:44000909-44001909,1000,[154],[3234],[10.31284]
chr17:44002349-44003349,1000,[-1286],[3234],[10.31284]
chr17:44425366-44426366,1000,[],[],[]
chr17:48992189-48993189,1000,[4232],[10072],[16.9086]
chr17:48993461-48994461,1000,[2960],[10072],[16.9086]
chr17:48994161-48995161,1000,[2260],[10072],[16.9086]
chr17:48996461-48997461,1000,[-40],[10072],[16.9086]
chr17:48999161-49000161,1000,[-2740],[10072],[16.9086]
chr17:66374241-66375241,1000,[-897, 5208],[2113, 9971],[12.9209, 14.21042]
chr17:67066641-67067641,1000,[81],[1297],[8.75412]
chr17:75379783-75380783,1000,[-115],[7499],[11.66967]
chr17:75381882-75382882,1000,[-2214],[7499],[11.66967]
chr17:75386982-75387982,1000,[208],[1823],[8.91699]
chr18:20031664-20032664,1000,[17],[743],[4.45953]
chr18:20032163-20033163,1000,[-482],[743],[4.45953]
chr18:29182986-29183986,1000,[],[],[]
chr18:55209760-55210760,1000,[],[],[]
chr19:4709312-4710312,1000,[-543],[2339],[6.23179]
chr19:10137873-10138873,1000,[-194, 344],[487, 239],[5.65153, 3.97229]
chr19:33895374-33896374,1000,[-4812],[13784],[16.01489]
chr19:33897466-33898466,1000,[-6904],[13784],[16.01489]
chr19:39496786-39497786,1000,[-566],[234],[2.48507]
chr19:53966203-53967203,1000,[],[],[]
chr2:8577035-8578035,1000,[],[],[]
chr2:8578302-8579302,1000,[],[],[]
chr2:8767205-8768205,1000,[-3797, 1328],[6838, 3265],[9.80668, 11.53262]
chr2:12163938-12164938,1000,[],[],[]
chr2:20407861-20408861,1000,[-684],[4091],[13.43241]
chr2:20412471-20413471,1000,[1410],[8680],[14.96335]
chr2:20414695-20415695,1000,[-814],[8680],[14.96335]
chr2:21509977-21510977,1000,[],[],[]
chr2:33140992-33141992,1000,[],[],[]
chr2:39706548-39707548,1000,[],[],[]
chr2:39708541-39709541,1000,[],[],[]
chr2:39721741-39722741,1000,[-74],[549],[3.12767]
chr2:39724244-39725244,1000,[-298],[609],[4.32303]
chr2:39727441-39728441,1000,[-349],[2319],[8.44863]
chr2:70496415-70497415,1000,[-467, 742],[839, 1120],[5.752, 16.07131]
chr2:71310530-71311530,1000,[420],[214],[3.66994]
chr2:86725632-86726632,1000,[],[],[]
chr2:88062140-88063140,1000,[],[],[]
chr2:88062819-88063819,1000,[],[],[]
chr2:88064371-88065371,1000,[],[],[]
chr2:107013907-107014907,1000,[],[],[]
chr2:108513962-108514962,1000,[],[],[]
chr2:119984630-119985630,1000,[],[],[]
chr2:132268819-132269819,1000,[],[],[]
chr2:135641709-135642709,1000,[],[],[]
chr2:149010962-149011962,1000,[],[],[]
chr2:149013248-149014248,1000,[],[],[]
chr2:170562112-170563112,1000,[],[],[]
chr2:170567966-170568966,1000,[-168, 126, 977],[222, 246, 1364],[2.31682, 1.8042, 7.41998]
chr2:197848224-197849224,1000,[],[],[]
chr2:207662224-207663224,1000,[],[],[]
chr2:220233320-220234320,1000,[226],[1395],[5.80428]
chr2:235776181-235777181,1000,[-287],[2113],[14.82636]
chr2:242702189-242703189,1000,[],[],[]
chr20:46012144-46013144,1000,[-18, 655],[606, 648],[5.82826, 4.87133]
chr21:10492464-10493464,1000,[],[],[]
chr21:27604457-27605457,1000,[],[],[]
chr21:27608320-27609320,1000,[],[],[]
chr21:34736106-34737106,1000,[-184, 202, 563],[238, 345, 239],[3.23818, 3.88582, 2.89925]
chr21:36215709-36216709,1000,[-337],[238],[3.25291]
chr21:36217559-36218559,1000,[],[],[]
chr21:36222271-36223271,1000,[],[],[]
chr21:37843335-37844335,1000,[73],[1619],[8.44003]
chr21:43721910-43722910,1000,[],[],[]
chr21:46880275-46881275,1000,[-10],[4504],[9.19781]
chr22:24862068-24863068,1000,[496],[674],[5.95843]
chr22:37429618-37430618,1000,[715],[3282],[12.51902]
chr22:38802313-38803313,1000,[],[],[]
chr22:38808452-38809452,1000,[-256, 263],[363, 406],[2.73456, 2.44774]
chr3:13387900-13388900,1000,[],[],[]
chr3:38445475-38446475,1000,[],[],[]
chr3:42819828-42820828,1000,[],[],[]
chr3:42820392-42821392,1000,[],[],[]
chr3:43764364-43765364,1000,[],[],[]
chr3:73031611-73032611,1000,[-27],[403],[3.37696]
chr3:101409477-101410477,1000,[645],[331],[3.7578]
chr3:101412132-101413132,1000,[],[],[]
chr3:101414305-101415305,1000,[],[],[]
chr3:110918534-110919534,1000,[],[],[]
chr3:115508147-115509147,1000,[180],[2729],[8.66889]
chr3:115509412-115510412,1000,[-1085],[2729],[8.66889]
chr3:122114149-122115149,1000,[],[],[]
chr3:126166358-126167358,1000,[],[],[]
chr3:151507467-151508467,1000,[-45],[963],[6.48879]
chr3:151509786-151510786,1000,[127],[751],[4.79923]
chr3:188654865-188655865,1000,[-474, 79],[726, 288],[5.23169, 2.73369]
chr3:194243046-194244046,1000,[-1529],[3408],[10.79394]
chr4:769106-770106,1000,[230],[457],[4.1017]
chr4:15667123-15668123,1000,[],[],[]
chr4:22383531-22384531,1000,[],[],[]
chr4:76829396-76830396,1000,[],[],[]
chr4:77864013-77865013,1000,[],[],[]
chr4:110656782-110657782,1000,[],[],[]
chr4:129177359-129178359,1000,[],[],[]
chr4:129180771-129181771,1000,[122],[210],[2.80643]
chr4:139971299-139972299,1000,[],[],[]
chr4:157229283-157230283,1000,[],[],[]
chr4:170889997-170890997,1000,[],[],[]
chr5:263177-264177,1000,[130, 533],[383, 220],[5.78273, 3.23818]
chr5:556961-557961,1000,[-487],[1430],[7.124]
chr5:34052924-34053924,1000,[],[],[]
chr5:34501703-34502703,1000,[],[],[]
chr5:34503202-34504202,1000,[],[],[]
chr5:34503705-34504705,1000,[],[],[]
chr5:34509280-34510280,1000,[-130],[1374],[7.09318]
chr5:67410086-67411086,1000,[],[],[]
chr5:67412390-67413390,1000,[-241],[1485],[5.37154]
chr5:68813427-68814427,1000,[612],[2552],[10.66411]
chr5:78306840-78307840,1000,[623],[385],[4.49579]
chr5:122559290-122560290,1000,[],[],[]
chr5:122561539-122562539,1000,[],[],[]
chr5:138891152-138892152,1000,[],[],[]
chr5:138892785-138893785,1000,[],[],[]
chr5:150875561-150876561,1000,[],[],[]
chr5:151108848-151109848,1000,[],[],[]
chr5:156558622-156559622,1000,[-131],[410],[4.96521]
chr6:356481-357481,1000,[],[],[]
chr6:26260395-26261395,1000,[-1962],[6942],[8.72956]
chr6:42756738-42757738,1000,[-651, 326],[605, 994],[3.23687, 4.54332]
chr6:42758038-42759038,1000,[-974, 76],[994, 800],[4.54332, 10.5127]
chr6:64274970-64275970,1000,[-1585, 1607],[3123, 2949],[9.70655, 15.27579]
chr6:64275871-64276871,1000,[706],[2949],[15.27579]
chr6:88405218-88406218,1000,[-873],[2897],[7.50341]
chr6:90069797-90070797,1000,[],[],[]
chr6:113493302-113494302,1000,[],[],[]
chr6:143516157-143517157,1000,[],[],[]
chr6:143517661-143518661,1000,[-479],[550],[2.86426]
chr6:143518325-143519325,1000,[],[],[]
chr6:143521230-143522230,1000,[],[],[]
chr6:149817433-149818433,1000,[227, 674],[293, 472],[2.61887, 5.5708]
chr6:149819836-149820836,1000,[-52],[669],[4.73162]
chr6:151721348-151722348,1000,[82],[252],[3.06907]
chr7:1965736-1966736,1000,[],[],[]
chr7:1970547-1971547,1000,[],[],[]
chr7:65186921-65187921,1000,[],[],[]
chr7:74290597-74291597,1000,[],[],[]
chr7:102270818-102271818,1000,[],[],[]
chr7:111995178-111996178,1000,[],[],[]
chr7:116483454-116484454,1000,[],[],[]
chr7:134844452-134845452,1000,[148],[2864],[16.09903]
chr7:134860499-134861499,1000,[698],[2302],[7.64146]
chr7:134861638-134862638,1000,[-441],[2302],[7.64146]
chr7:150452388-150453388,1000,[],[],[]
chr8:17713498-17714498,1000,[],[],[]
chr8:38610033-38611033,1000,[1094],[3183],[7.48079]
chr8:49736648-49737648,1000,[],[],[]
chr8:49738390-49739390,1000,[],[],[]
chr8:49740049-49741049,1000,[],[],[]
chr8:67118045-67119045,1000,[],[],[]
chr8:98193999-98194999,1000,[],[],[]
chr8:99109639-99110639,1000,[],[],[]
chr8:120126417-120127417,1000,[],[],[]
chr8:121539507-121540507,1000,[],[],[]
chr8:121541465-121542465,1000,[],[],[]
chr8:121542040-121543040,1000,[],[],[]
chr8:125702041-125703041,1000,[-64],[1225],[12.06375]
chr8:134375101-134376101,1000,[-1500],[5995],[8.86156]
chr8:144042650-144043650,1000,[],[],[]
chr9:20994-21994,1000,[],[],[]
chr9:37913397-37914397,1000,[170],[240],[2.18239]
chr9:85684872-85685872,1000,[],[],[]
chr9:98569882-98570882,1000,[-479],[2053],[7.85896]
chr9:99650572-99651572,1000,[],[],[]
chr9:107668807-107669807,1000,[-1794],[6417],[7.50635]
chr9:107671867-107672867,1000,[1139],[5105],[16.70854]
chr9:107672999-107673999,1000,[7],[5105],[16.70854]
chr9:115386729-115387729,1000,[],[],[]
chr9:116310280-116311280,1000,[116],[4140],[11.60855]
chr9:123703169-123704169,1000,[],[],[]
chr9:123704578-123705578,1000,[],[],[]
chr9:127150679-127151679,1000,[1067],[7137],[11.39378]
chr9:128035479-128036479,1000,[-1161, 464],[2781, 337],[14.04377, 6.47637]
chrX:47366113-47367113,1000,[],[],[]
chrX:75403153-75404153,1000,[687],[2739],[6.20421]
chrX:106897831-106898831,1000,[],[],[]
chrX:117937816-117938816,1000,[],[],[]
chrX:117940912-117941912,1000,[],[],[]
chrX:146966210-146967210,1000,[-609, 391],[1029, 718],[8.87179, 10.36219]
chr1:31928747-31929747,1000,[],[],[]
chr1:43703471-43704471,1000,[313],[511],[6.11935]
chr1:53475672-53476672,1000,[],[],[]
chr1:149007294-149008294,1000,[],[],[]
chr1:148672957-148673957,1000,[],[],[]
chr1:148673557-148674557,1000,[],[],[]
chr1:154641876-154642876,1000,[],[],[]
chr1:154649776-154650776,1000,[],[],[]
chr1:159573590-159574590,1000,[],[],[]
chr1:160959790-160960790,1000,[174],[495],[4.95163]
chr1:182006635-182007635,1000,[],[],[]
chr1:182014435-182015435,1000,[],[],[]
chr1:182446835-182447835,1000,[],[],[]
chr1:204175628-204176628,1000,[-44, 435],[441, 303],[4.14319, 3.7276]
chr10:5154992-5155992,1000,[],[],[]
chr10:5264563-5265563,1000,[],[],[]
chr10:29718229-29719229,1000,[],[],[]
chr10:94444957-94445957,1000,[],[],[]
chr10:96617457-96618457,1000,[122],[210],[3.23818]
chr10:97927956-97928956,1000,[],[],[]
chr10:101787757-101788757,1000,[],[],[]
chr11:2228330-2229330,1000,[-554, -246, 1837],[317, 225, 3497],[2.75743, 2.34701, 18.08609]
chr11:17364147-17365147,1000,[],[],[]
chr11:36503650-36504650,1000,[],[],[]
chr11:43882050-43883050,1000,[],[],[]
chr11:44274050-44275050,1000,[],[],[]
chr11:56852775-56853775,1000,[],[],[]
chr11:58470573-58471573,1000,[],[],[]
chr11:61766372-61767372,1000,[174],[857],[12.39156]
chr11:71457146-71458146,1000,[],[],[]
chr11:71459546-71460546,1000,[],[],[]
chr11:114176122-114177122,1000,[],[],[]
chr11:114176722-114177722,1000,[],[],[]
chr12:21401234-21402234,1000,[],[],[]
chr12:129329345-129330345,1000,[],[],[]
chr12:129330545-129331545,1000,[],[],[]
chr13:110076047-110077047,1000,[],[],[]
chr14:24053009-24054009,1000,[-575],[210],[2.48846]
chr14:24942206-24943206,1000,[],[],[]
chr16:72100199-72101199,1000,[-1424],[4008],[8.35916]
chr16:85876006-85877006,1000,[],[],[]
chr17:21183012-21184012,1000,[288],[520],[2.42099]
chr12:70595155-70596155,1000,[],[],[]
chr8:28433420-28434420,1000,[],[],[]
chr18:20030563-20031563,1000,[],[],[]
chr18:30887364-30888364,1000,[],[],[]
chr19:10138176-10139176,1000,[-497, 41],[487, 239],[5.65153, 3.97229]
chr19:33897506-33898506,1000,[-6944],[13784],[16.01489]
chr19:36063202-36064202,1000,[],[],[]
chr19:36064702-36065702,1000,[],[],[]
chr2:25856069-25857069,1000,[],[],[]
chr2:38159943-38160943,1000,[],[],[]
chr2:99818363-99819363,1000,[],[],[]
chr2:170543910-170544910,1000,[],[],[]
chr2:235774644-235775644,1000,[-654, 1250],[754, 2113],[3.02624, 14.82636]
chr21:10492428-10493428,1000,[],[],[]
chr21:10494728-10495728,1000,[],[],[]
chr22:38805805-38806805,1000,[],[],[]
chr3:15697907-15698907,1000,[],[],[]
chr3:38470891-38471891,1000,[],[],[]
chr3:101412144-101413144,1000,[],[],[]
chr3:101414344-101415344,1000,[],[],[]
chr3:126066743-126067743,1000,[],[],[]
chr3:129082243-129083243,1000,[],[],[]
chr3:156896289-156897289,1000,[],[],[]
chr3:183915988-183916988,1000,[],[],[]
chr3:197291071-197292071,1000,[],[],[]
chr4:48005417-48006417,1000,[],[],[]
chr4:53531467-53532467,1000,[],[],[]
chr4:77837153-77838153,1000,[],[],[]
chr4:78470754-78471754,1000,[],[],[]
chr4:178583454-178584454,1000,[],[],[]
chr5:1348915-1349915,1000,[],[],[]
chr5:138892085-138893085,1000,[],[],[]
chr5:138892985-138893985,1000,[],[],[]
chr5:151108961-151109961,1000,[],[],[]
chr5:156558711-156559711,1000,[-220],[410],[4.96521]
chr6:356400-357400,1000,[],[],[]
chr6:3898734-3899734,1000,[],[],[]
chr6:30244377-30245377,1000,[],[],[]
chr6:31820077-31821077,1000,[-1240, 222],[1722, 646],[12.78628, 10.05753]
chr6:52651398-52652398,1000,[-948, 1499],[1049, 2039],[7.8013, 8.99438]
chr6:52689598-52690598,1000,[466],[214],[3.23818]
chr6:53417898-53418898,1000,[],[],[]
chr6:158717832-158718832,1000,[-431],[317],[2.64855]
chr7:1186536-1187536,1000,[],[],[]
chr7:65186973-65187973,1000,[],[],[]
chr7:72388437-72389437,1000,[],[],[]
chr7:72698309-72699309,1000,[],[],[]
chr7:143308393-143309393,1000,[],[],[]
chr7:150453688-150454688,1000,[],[],[]
chr7:150457088-150458088,1000,[],[],[]
chr7:150457888-150458888,1000,[],[],[]
chr8:254000-255000,1000,[],[],[]
chr8:42414843-42415843,1000,[],[],[]
chr8:120129139-120130139,1000,[],[],[]
chr8:144930172-144931172,1000,[],[],[]
chr9:37913297-37914297,1000,[270],[240],[2.18239]
chr9:42254232-42255232,1000,[],[],[]
chr9:90651615-90652615,1000,[],[],[]
chr9:99075282-99076282,1000,[],[],[]
chr9:134437687-134438687,1000,[],[],[]
chrX:73414835-73415835,1000,[],[],[]
chrX:75410136-75411136,1000,[],[],[]
chrX:75415037-75416037,1000,[],[],[]
chrX:80939499-80940499,1000,[],[],[]
chrX:105256391-105257391,1000,[],[],[]
chrX:117938663-117939663,1000,[],[],[]
chrX:117941063-117942063,1000,[],[],[]
chr1:145004705-145005705,1000,[],[],[]
chr1:144926884-144927884,1000,[931],[4893],[6.52817]
chr1:206827920-206828920,1000,[],[],[]
chr1:31920835-31921835,1000,[1046],[2674],[8.29487]
chr10:29717161-29718161,1000,[],[],[]
chr10:5105611-5106611,1000,[],[],[]
chr11:1693670-1694670,1000,[2413],[7848],[19.35559]
chr11:2225798-2226798,1000,[-979],[2492],[15.00024]
chr11:61764069-61765069,1000,[193],[1062],[6.21832]
chr13:77166418-77167418,1000,[],[],[]
chr14:106856937-106857937,1000,[],[],[]
chr15:85492925-85493925,1000,[192, 746],[242, 772],[2.72641, 5.04352]
chr16:85878050-85879050,1000,[141],[1210],[5.92022]
chr17:41420755-41421755,1000,[],[],[]
chr17:43992859-43993859,1000,[],[],[]
chr17:77730524-77731524,1000,[],[],[]
chr2:20408799-20409799,1000,[-1622],[4091],[13.43241]
chr2:46857087-46858087,1000,[],[],[]
chr20:22501065-22502065,1000,[],[],[]
chr21:36219556-36220556,1000,[],[],[]
chr21:36220026-36221026,1000,[],[],[]
chr21:36220422-36221422,1000,[],[],[]
chr21:36223315-36224315,1000,[],[],[]
chr21:44855850-44856850,1000,[-180],[261],[2.36581]
chr22:38750370-38751370,1000,[],[],[]
chr3:150452830-150453830,1000,[-261],[4305],[12.16406]
chr3:88210957-88211957,1000,[],[],[]
chr4:17483286-17484286,1000,[-882],[994],[5.86665]
chr5:138277596-138278596,1000,[],[],[]
chr5:147218311-147219311,1000,[-1917],[3507],[10.23921]
chr5:1565036-1566036,1000,[-245],[7508],[18.60113]
chr6:168090935-168091935,1000,[452],[3141],[10.35291]
chr7:55529552-55530552,1000,[],[],[]
chr8:120124222-120125222,1000,[],[],[]
chr8:42383230-42384230,1000,[],[],[]
chr9:131660044-131661044,1000,[],[],[]
chr9:37914167-37915167,1000,[-600],[240],[2.18239]
