chr1:43702671-43703671,1000,[],[],[]
chr1:43703827-43704827,1000,[-43],[511],[6.11935]
chr1:56954052-56955052,1000,[-100],[1459],[9.651]
chr1:59981311-59982311,1000,[-1161],[4385],[13.78714]
chr1:78607484-78608484,1000,[],[],[]
chr1:100168456-100169456,1000,[],[],[]
chr1:114049668-114050668,1000,[-239],[2195],[16.94269]
chr1:114233390-114234390,1000,[],[],[]
chr1:118380270-118381270,1000,[],[],[]
chr1:119882699-119883699,1000,[-1614],[5046],[10.28392]
chr1:144602293-144603293,1000,[],[],[]
chr1:144603215-144604215,1000,[],[],[]
chr1:144604565-144605565,1000,[],[],[]
chr1:144834678-144835678,1000,[],[],[]
chr1:144928062-144929062,1000,[-247],[4893],[6.52817]
chr1:144932633-144933633,1000,[-9, 808],[726, 631],[4.87133, 2.92978]
chr15:75865982-75866982,1000,[-495, 367],[1328, 246],[4.12243, 3.88582]
chr1:145005195-145006195,1000,[],[],[]
chr1:145002958-145003958,1000,[],[],[]
chr1:145001697-145002697,1000,[],[],[]
chr1:150606354-150607354,1000,[],[],[]
chr1:151829398-151830398,1000,[183],[278],[3.0223]
chr1:154640851-154641851,1000,[],[],[]
chr1:160958626-160959626,1000,[],[],[]
chr1:168423658-168424658,1000,[],[],[]
chr1:168425219-168426219,1000,[-100],[220],[2.2064]
chr1:173893094-173894094,1000,[-322, 1361],[292, 1878],[3.02415, 8.63271]
chr1:193232249-193233249,1000,[],[],[]
chr1:204174898-204175898,1000,[60, 686],[250, 441],[2.66154, 4.14319]
chr1:235182947-235183947,1000,[341],[1233],[7.3563]
chr1:235185347-235186347,1000,[-383],[919],[6.36663]
chr1:235186522-235187522,1000,[],[],[]
chr10:4922276-4923276,1000,[],[],[]
chr10:5105627-5106627,1000,[],[],[]
chr10:22721629-22722629,1000,[],[],[]
chr10:22725029-22726029,1000,[],[],[]
chr10:73098480-73099480,1000,[5155],[11201],[18.13898]
chr10:73233857-73234857,1000,[],[],[]
chr10:77773673-77774673,1000,[],[],[]
chr10:88965357-88966357,1000,[],[],[]
chr10:88970258-88971258,1000,[],[],[]
chr10:91391922-91392922,1000,[265],[4092],[10.49251]
chr10:91395573-91396573,1000,[-524],[941],[4.87581]
chr10:93375757-93376757,1000,[],[],[]
chr10:101784138-101785138,1000,[148],[685],[5.39697]
chr10:114569459-114570459,1000,[816],[1009],[7.73167]
chr10:114570545-114571545,1000,[-270, 1280],[1009, 1793],[7.73167, 9.61111]
chr10:118649424-118650424,1000,[],[],[]
chr11:1694430-1695430,1000,[1653],[7848],[19.35559]
chr11:2228646-2229646,1000,[-562, 1521],[225, 3497],[2.34701, 18.08609]
chr11:2231026-2232026,1000,[-859],[3497],[18.08609]
chr11:17364149-17365149,1000,[],[],[]
chr11:22828646-22829646,1000,[],[],[]
chr11:34685353-34686353,1000,[399],[2999],[16.29101]
chr11:43886784-43887784,1000,[],[],[]
chr11:65434972-65435972,1000,[],[],[]
chr11:68146968-68147968,1000,[958],[3722],[11.51028]
chr11:68345639-68346639,1000,[],[],[]
chr11:114177711-114178711,1000,[498],[1877],[8.61696]
chr11:114187022-114188022,1000,[-638],[1425],[6.84413]
chr12:80673-81673,1000,[],[],[]
chr12:9273457-9274457,1000,[-681],[2807],[13.30769]
chr12:41756002-41757002,1000,[],[],[]
chr12:57159027-57160027,1000,[],[],[]
chr12:66395938-66396938,1000,[385],[268],[2.95726]
chr12:69658730-69659730,1000,[],[],[]
chr12:100947078-100948078,1000,[226],[1490],[3.7718]
chr12:100948137-100949137,1000,[-833, 637],[1490, 1317],[3.7718, 6.73958]
chr12:115627930-115628930,1000,[],[],[]
chr12:121396260-121397260,1000,[-477, 1207],[210, 2631],[3.40332, 9.94028]
chr12:121399150-121400150,1000,[-1683, 509],[2631, 1340],[9.94028, 6.86216]
chr12:129327184-129328184,1000,[],[],[]
chr13:33103737-33104737,1000,[-720, 521],[1084, 501],[4.35475, 3.41307]
chr13:33104537-33105537,1000,[-279, 794],[501, 1572],[3.41307, 7.20653]
chr13:34259630-34260630,1000,[],[],[]
chr13:110073254-110074254,1000,[],[],[]
chr13:110078155-110079155,1000,[],[],[]
chr13:110246555-110247555,1000,[44],[678],[3.56978]
chr14:23433879-23434879,1000,[530],[505],[7.8909]
chr14:24051555-24052555,1000,[-72],[1320],[5.42631]
chr14:35820306-35821306,1000,[1799],[3383],[10.81377]
chr14:99884938-99885938,1000,[],[],[]
chr14:99885800-99886800,1000,[],[],[]
chr15:29976635-29977635,1000,[],[],[]
chr15:29977404-29978404,1000,[],[],[]
chr15:32757701-32758701,1000,[],[],[]
chr15:53721037-53722037,1000,[],[],[]
chr15:75021919-75022919,1000,[870],[2455],[18.75436]
chr15:82973949-82974949,1000,[],[],[]
chr15:85492560-85493560,1000,[557],[242],[2.72641]
chr16:12624517-12625517,1000,[],[],[]
chr16:15072500-15073500,1000,[30],[861],[5.61285]
chr16:15075083-15076083,1000,[-381, 702],[840, 713],[6.62685, 6.04461]
chr16:29158821-29159821,1000,[-23, 535],[420, 369],[5.61285, 4.53346]
chr16:29240921-29241921,1000,[-249],[691],[7.98752]
chr16:29768121-29769121,1000,[659],[2857],[11.68119]
chr16:30556321-30557321,1000,[-2197, 315],[3706, 231],[9.75312, 2.4925]
chr16:30559321-30560321,1000,[513],[2253],[9.84009]
chr16:67800581-67801581,1000,[],[],[]
chr16:83971506-83972506,1000,[-144],[1287],[6.51867]
chr16:83975302-83976302,1000,[3822],[8777],[16.22065]
chr16:85871957-85872957,1000,[],[],[]
chr16:85877206-85878206,1000,[985],[1210],[5.92022]
chr16:87876602-87877602,1000,[-526],[4874],[15.03446]
chr16:87877462-87878462,1000,[-1386],[4874],[15.03446]
chr16:87880302-87881302,1000,[-338],[2637],[16.23777]
chr16:87929906-87930906,1000,[],[],[]
chr16:89904608-89905608,1000,[-116],[1242],[5.79308]
chr17:16289014-16290014,1000,[],[],[]
chr17:21180612-21181612,1000,[],[],[]
chr17:21182038-21183038,1000,[-424, 41],[567, 290],[2.95726, 2.18793]
chr17:27881534-27882534,1000,[1340],[2919],[18.31901]
chr17:38602752-38603752,1000,[180],[6531],[11.9077]
chr17:41071666-41072666,1000,[379],[6509],[10.86445]
chr17:41075617-41076617,1000,[-3572],[6509],[10.86445]
chr17:43999909-44000909,1000,[1154],[3234],[10.31284]
chr17:44001349-44002349,1000,[-286],[3234],[10.31284]
chr17:44424366-44425366,1000,[],[],[]
chr17:48991189-48992189,1000,[-366, 5232],[370, 10072],[4.39117, 16.9086]
chr17:48992461-48993461,1000,[3960],[10072],[16.9086]
chr17:48993161-48994161,1000,[3260],[10072],[16.9086]
chr17:48995461-48996461,1000,[960],[10072],[16.9086]
chr17:48998161-48999161,1000,[-1740],[10072],[16.9086]
chr17:66373241-66374241,1000,[103],[2113],[12.9209]
chr17:67065641-67066641,1000,[-784, 1081],[1341, 1297],[6.67374, 8.75412]
chr17:75378783-75379783,1000,[885],[7499],[11.66967]
chr17:75380882-75381882,1000,[-1214],[7499],[11.66967]
chr17:75385982-75386982,1000,[-1232, 1208],[2494, 1823],[11.45665, 8.91699]
chr18:20030664-20031664,1000,[],[],[]
chr18:20031163-20032163,1000,[518],[743],[4.45953]
chr18:29181986-29182986,1000,[],[],[]
chr18:55208760-55209760,1000,[],[],[]
chr19:4708312-4709312,1000,[457],[2339],[6.23179]
chr19:10136873-10137873,1000,[],[],[]
chr19:33894374-33895374,1000,[-3812],[13784],[16.01489]
chr19:33896466-33897466,1000,[-5904],[13784],[16.01489]
chr19:39495786-39496786,1000,[434],[234],[2.48507]
chr19:53965203-53966203,1000,[-337],[339],[4.1017]
chr2:8576035-8577035,1000,[],[],[]
chr2:8577302-8578302,1000,[],[],[]
chr2:8766205-8767205,1000,[-2797],[6838],[9.80668]
chr2:12162938-12163938,1000,[],[],[]
chr2:20406861-20407861,1000,[316],[4091],[13.43241]
chr2:20411471-20412471,1000,[2410],[8680],[14.96335]
chr2:20413695-20414695,1000,[186],[8680],[14.96335]
chr2:21508977-21509977,1000,[],[],[]
chr2:33139992-33140992,1000,[],[],[]
chr2:39705548-39706548,1000,[],[],[]
chr2:39707541-39708541,1000,[],[],[]
chr2:39720741-39721741,1000,[-296],[369],[1.90938]
chr2:39723244-39724244,1000,[702],[609],[4.32303]
chr2:39726441-39727441,1000,[651],[2319],[8.44863]
chr2:70495415-70496415,1000,[533],[839],[5.752]
chr2:71309530-71310530,1000,[],[],[]
chr2:86724632-86725632,1000,[],[],[]
chr2:88061140-88062140,1000,[],[],[]
chr2:88061819-88062819,1000,[],[],[]
chr2:88063371-88064371,1000,[],[],[]
chr2:107012907-107013907,1000,[],[],[]
chr2:108512962-108513962,1000,[],[],[]
chr2:119983630-119984630,1000,[-1282],[1957],[9.7798]
chr2:132267819-132268819,1000,[],[],[]
chr2:135640709-135641709,1000,[],[],[]
chr2:149009962-149010962,1000,[-824],[977],[4.31019]
chr2:149012248-149013248,1000,[],[],[]
chr2:170561112-170562112,1000,[],[],[]
chr2:170566966-170567966,1000,[],[],[]
chr2:197847224-197848224,1000,[],[],[]
chr2:207661224-207662224,1000,[],[],[]
chr2:220232320-220233320,1000,[],[],[]
chr2:235775181-235776181,1000,[713],[2113],[14.82636]
chr2:242701189-242702189,1000,[],[],[]
chr20:46011144-46012144,1000,[-177, 205],[275, 296],[2.72656, 2.39502]
chr21:10491464-10492464,1000,[],[],[]
chr21:27603457-27604457,1000,[],[],[]
chr21:27607320-27608320,1000,[],[],[]
chr21:34735106-34736106,1000,[],[],[]
chr21:36214709-36215709,1000,[-236],[267],[3.01593]
chr21:36216559-36217559,1000,[],[],[]
chr21:36221271-36222271,1000,[],[],[]
chr21:37842335-37843335,1000,[1073],[1619],[8.44003]
chr21:43720910-43721910,1000,[],[],[]
chr21:46879275-46880275,1000,[990],[4504],[9.19781]
chr22:24861068-24862068,1000,[],[],[]
chr22:37428618-37429618,1000,[-1747, 1715],[2997, 3282],[10.32371, 12.51902]
chr22:38801313-38802313,1000,[],[],[]
chr22:38807452-38808452,1000,[],[],[]
chr3:13386900-13387900,1000,[],[],[]
chr3:38444475-38445475,1000,[],[],[]
chr3:42818828-42819828,1000,[],[],[]
chr3:42819392-42820392,1000,[],[],[]
chr3:43763364-43764364,1000,[],[],[]
chr3:73030611-73031611,1000,[],[],[]
chr3:101408477-101409477,1000,[],[],[]
chr3:101411132-101412132,1000,[],[],[]
chr3:101413305-101414305,1000,[],[],[]
chr3:110917534-110918534,1000,[],[],[]
chr3:115507147-115508147,1000,[1180],[2729],[8.66889]
chr3:115508412-115509412,1000,[-85],[2729],[8.66889]
chr3:122113149-122114149,1000,[-1689],[3232],[14.07699]
chr3:126165358-126166358,1000,[-885, 31],[1127, 339],[6.21025, 3.9729]
chr3:151506467-151507467,1000,[-689, 955],[601, 963],[3.27445, 6.48879]
chr3:151508786-151509786,1000,[],[],[]
chr3:188653865-188654865,1000,[526],[726],[5.23169]
chr3:194242046-194243046,1000,[-529],[3408],[10.79394]
chr4:768106-769106,1000,[],[],[]
chr4:15666123-15667123,1000,[],[],[]
chr4:22382531-22383531,1000,[],[],[]
chr4:76828396-76829396,1000,[],[],[]
chr4:77863013-77864013,1000,[],[],[]
chr4:110655782-110656782,1000,[],[],[]
chr4:129176359-129177359,1000,[],[],[]
chr4:129179771-129180771,1000,[],[],[]
chr4:139970299-139971299,1000,[],[],[]
chr4:157228283-157229283,1000,[],[],[]
chr4:170888997-170889997,1000,[],[],[]
chr5:262177-263177,1000,[],[],[]
chr5:555961-556961,1000,[-691, 513],[879, 1430],[3.99231, 7.124]
chr5:34051924-34052924,1000,[],[],[]
chr5:34500703-34501703,1000,[-576],[753],[5.97131]
chr5:34502202-34503202,1000,[],[],[]
chr5:34502705-34503705,1000,[],[],[]
chr5:34508280-34509280,1000,[870],[1374],[7.09318]
chr5:67409086-67410086,1000,[],[],[]
chr5:67411390-67412390,1000,[759],[1485],[5.37154]
chr5:68812427-68813427,1000,[-99, 1612],[559, 2552],[6.04461, 10.66411]
chr5:78305840-78306840,1000,[],[],[]
chr5:122558290-122559290,1000,[],[],[]
chr5:122560539-122561539,1000,[],[],[]
chr5:138890152-138891152,1000,[],[],[]
chr5:138891785-138892785,1000,[],[],[]
chr5:150874561-150875561,1000,[],[],[]
chr5:151107848-151108848,1000,[],[],[]
chr5:156557622-156558622,1000,[],[],[]
chr6:355481-356481,1000,[],[],[]
chr6:26259395-26260395,1000,[-962],[6942],[8.72956]
chr6:42755738-42756738,1000,[349],[605],[3.23687]
chr6:42757038-42758038,1000,[26],[994],[4.54332]
chr6:64273970-64274970,1000,[-585],[3123],[9.70655]
chr6:64274871-64275871,1000,[-1486, 1706],[3123, 2949],[9.70655, 15.27579]
chr6:88404218-88405218,1000,[127],[2897],[7.50341]
chr6:90068797-90069797,1000,[],[],[]
chr6:113492302-113493302,1000,[],[],[]
chr6:143515157-143516157,1000,[],[],[]
chr6:143516661-143517661,1000,[521],[550],[2.86426]
chr6:143517325-143518325,1000,[-143],[550],[2.86426]
chr6:143520230-143521230,1000,[],[],[]
chr6:149816433-149817433,1000,[],[],[]
chr6:149818836-149819836,1000,[-729],[472],[5.5708]
chr6:151720348-151721348,1000,[-696],[461],[2.11768]
chr7:1964736-1965736,1000,[],[],[]
chr7:1969547-1970547,1000,[],[],[]
chr7:65185921-65186921,1000,[],[],[]
chr7:74289597-74290597,1000,[],[],[]
chr7:102269818-102270818,1000,[],[],[]
chr7:111994178-111995178,1000,[],[],[]
chr7:116482454-116483454,1000,[],[],[]
chr7:134843452-134844452,1000,[-714, 1148],[764, 2864],[2.5895, 16.09903]
chr7:134859499-134860499,1000,[-258],[398],[3.34248]
chr7:134860638-134861638,1000,[559],[2302],[7.64146]
chr7:150451388-150452388,1000,[],[],[]
chr8:17712498-17713498,1000,[],[],[]
chr8:38609033-38610033,1000,[],[],[]
chr8:49735648-49736648,1000,[],[],[]
chr8:49737390-49738390,1000,[],[],[]
chr8:49739049-49740049,1000,[],[],[]
chr8:67117045-67118045,1000,[],[],[]
chr8:98192999-98193999,1000,[9],[435],[3.02415]
chr8:99108639-99109639,1000,[],[],[]
chr8:120125417-120126417,1000,[],[],[]
chr8:121538507-121539507,1000,[],[],[]
chr8:121540465-121541465,1000,[],[],[]
chr8:121541040-121542040,1000,[],[],[]
chr8:125701041-125702041,1000,[-1512, 936],[3488, 1225],[23.16024, 12.06375]
chr8:134374101-134375101,1000,[-500],[5995],[8.86156]
chr8:144041650-144042650,1000,[],[],[]
chr9:19994-20994,1000,[],[],[]
chr9:37912397-37913397,1000,[],[],[]
chr9:85683872-85684872,1000,[],[],[]
chr9:98568882-98569882,1000,[521],[2053],[7.85896]
chr9:99649572-99650572,1000,[],[],[]
chr9:107667807-107668807,1000,[-794],[6417],[7.50635]
chr9:107670867-107671867,1000,[2139],[5105],[16.70854]
chr9:107671999-107672999,1000,[1007],[5105],[16.70854]
chr9:115385729-115386729,1000,[],[],[]
chr9:116309280-116310280,1000,[1116],[4140],[11.60855]
chr9:123702169-123703169,1000,[],[],[]
chr9:123703578-123704578,1000,[],[],[]
chr9:127149679-127150679,1000,[2067],[7137],[11.39378]
chr9:128034479-128035479,1000,[-161],[2781],[14.04377]
chrX:47365113-47366113,1000,[],[],[]
chrX:75402153-75403153,1000,[-186, 1687],[485, 2739],[4.31758, 6.20421]
chrX:106896831-106897831,1000,[],[],[]
chrX:117936816-117937816,1000,[],[],[]
chrX:117939912-117940912,1000,[],[],[]
chrX:146965210-146966210,1000,[391],[1029],[8.87179]
chr1:31927747-31928747,1000,[],[],[]
chr1:43702471-43703471,1000,[],[],[]
chr1:53474672-53475672,1000,[],[],[]
chr1:149006294-149007294,1000,[],[],[]
chr1:148671957-148672957,1000,[],[],[]
chr1:148672557-148673557,1000,[],[],[]
chr1:154640876-154641876,1000,[],[],[]
chr1:154648776-154649776,1000,[],[],[]
chr1:159572590-159573590,1000,[],[],[]
chr1:160958790-160959790,1000,[],[],[]
chr1:182005635-182006635,1000,[],[],[]
chr1:182013435-182014435,1000,[],[],[]
chr1:182445835-182446835,1000,[],[],[]
chr1:204174628-204175628,1000,[330],[250],[2.66154]
chr10:5153992-5154992,1000,[],[],[]
chr10:5263563-5264563,1000,[],[],[]
chr10:29717229-29718229,1000,[],[],[]
chr10:94443957-94444957,1000,[],[],[]
chr10:96616457-96617457,1000,[],[],[]
chr10:97926956-97927956,1000,[],[],[]
chr10:101786757-101787757,1000,[],[],[]
chr11:2227330-2228330,1000,[-78, 446],[620, 317],[7.92761, 2.75743]
chr11:17363147-17364147,1000,[],[],[]
chr11:36502650-36503650,1000,[],[],[]
chr11:43881050-43882050,1000,[],[],[]
chr11:44273050-44274050,1000,[],[],[]
chr11:56851775-56852775,1000,[],[],[]
chr11:58469573-58470573,1000,[],[],[]
chr11:61765372-61766372,1000,[25],[857],[6.34427]
chr11:71456146-71457146,1000,[],[],[]
chr11:71458546-71459546,1000,[],[],[]
chr11:114175122-114176122,1000,[-765],[1383],[5.48529]
chr11:114175722-114176722,1000,[],[],[]
chr12:21400234-21401234,1000,[],[],[]
chr12:129328345-129329345,1000,[],[],[]
chr12:129329545-129330545,1000,[],[],[]
chr13:110075047-110076047,1000,[],[],[]
chr14:24052009-24053009,1000,[-526, 425],[1320, 210],[5.42631, 2.48846]
chr14:24941206-24942206,1000,[],[],[]
chr16:72099199-72100199,1000,[-424],[4008],[8.35916]
chr16:85875006-85876006,1000,[],[],[]
chr17:21182012-21183012,1000,[-398, 67],[567, 290],[2.95726, 2.18793]
chr12:70594155-70595155,1000,[],[],[]
chr8:28432420-28433420,1000,[],[],[]
chr18:20029563-20030563,1000,[],[],[]
chr18:30886364-30887364,1000,[],[],[]
chr19:10137176-10138176,1000,[503],[487],[5.65153]
chr19:33896506-33897506,1000,[-5944],[13784],[16.01489]
chr19:36062202-36063202,1000,[-868, 214],[1678, 397],[6.90925, 1.81265]
chr19:36063702-36064702,1000,[],[],[]
chr2:25855069-25856069,1000,[],[],[]
chr2:38158943-38159943,1000,[],[],[]
chr2:99817363-99818363,1000,[],[],[]
chr2:170542910-170543910,1000,[],[],[]
chr2:235773644-235774644,1000,[-3851, 346],[7156, 754],[14.8718, 3.02624]
chr21:10491428-10492428,1000,[],[],[]
chr21:10493728-10494728,1000,[],[],[]
chr22:38804805-38805805,1000,[],[],[]
chr3:15696907-15697907,1000,[],[],[]
chr3:38469891-38470891,1000,[],[],[]
chr3:101411144-101412144,1000,[],[],[]
chr3:101413344-101414344,1000,[],[],[]
chr3:126065743-126066743,1000,[],[],[]
chr3:129081243-129082243,1000,[],[],[]
chr3:156895289-156896289,1000,[-489],[995],[6.69225]
chr3:183914988-183915988,1000,[-424],[210],[3.0223]
chr3:197290071-197291071,1000,[-3141],[5845],[11.78221]
chr4:48004417-48005417,1000,[],[],[]
chr4:53530467-53531467,1000,[],[],[]
chr4:77836153-77837153,1000,[],[],[]
chr4:78469754-78470754,1000,[],[],[]
chr4:178582454-178583454,1000,[],[],[]
chr5:1347915-1348915,1000,[],[],[]
chr5:138891085-138892085,1000,[],[],[]
chr5:138891985-138892985,1000,[],[],[]
chr5:151107961-151108961,1000,[],[],[]
chr5:156557711-156558711,1000,[],[],[]
chr6:355400-356400,1000,[],[],[]
chr6:3897734-3898734,1000,[],[],[]
chr6:30243377-30244377,1000,[],[],[]
chr6:31819077-31820077,1000,[-240],[1722],[12.78628]
chr6:52650398-52651398,1000,[52],[1049],[7.8013]
chr6:52688598-52689598,1000,[],[],[]
chr6:53416898-53417898,1000,[],[],[]
chr6:158716832-158717832,1000,[-312, 569],[835, 317],[6.7941, 2.64855]
chr7:1185536-1186536,1000,[],[],[]
chr7:65185973-65186973,1000,[],[],[]
chr7:72387437-72388437,1000,[-140],[1051],[7.124]
chr7:72697309-72698309,1000,[],[],[]
chr7:143307393-143308393,1000,[],[],[]
chr7:150452688-150453688,1000,[],[],[]
chr7:150456088-150457088,1000,[],[],[]
chr7:150456888-150457888,1000,[],[],[]
chr8:253000-254000,1000,[],[],[]
chr8:42413843-42414843,1000,[-336],[582],[2.36581]
chr8:120128139-120129139,1000,[],[],[]
chr8:144929172-144930172,1000,[-1056, -13],[1429, 511],[8.80429, 3.99231]
chr9:37912297-37913297,1000,[],[],[]
chr9:42253232-42254232,1000,[],[],[]
chr9:90650615-90651615,1000,[],[],[]
chr9:99074282-99075282,1000,[],[],[]
chr9:134436687-134437687,1000,[245],[445],[5.34252]
chrX:73413835-73414835,1000,[],[],[]
chrX:75409136-75410136,1000,[],[],[]
chrX:75414037-75415037,1000,[],[],[]
chrX:80938499-80939499,1000,[],[],[]
chrX:105255391-105256391,1000,[],[],[]
chrX:117937663-117938663,1000,[],[],[]
chrX:117940063-117941063,1000,[],[],[]
chr1:145003705-145004705,1000,[],[],[]
chr1:144925884-144926884,1000,[1931],[4893],[6.52817]
chr1:206826920-206827920,1000,[],[],[]
chr1:31919835-31920835,1000,[-308],[1375],[13.20643]
chr10:29716161-29717161,1000,[],[],[]
chr10:5104611-5105611,1000,[],[],[]
chr11:1692670-1693670,1000,[3413],[7848],[19.35559]
chr11:2224798-2225798,1000,[21],[2492],[15.00024]
chr11:61763069-61764069,1000,[-594],[1521],[5.01491]
chr13:77165418-77166418,1000,[],[],[]
chr14:106855937-106856937,1000,[],[],[]
chr15:85491925-85492925,1000,[],[],[]
chr16:85877050-85878050,1000,[],[],[]
chr17:41419755-41420755,1000,[],[],[]
chr17:43991859-43992859,1000,[-507],[767],[3.71006]
chr17:77729524-77730524,1000,[],[],[]
chr2:20407799-20408799,1000,[-622],[4091],[13.43241]
chr2:46856087-46857087,1000,[],[],[]
chr20:22500065-22501065,1000,[-239],[394],[2.27162]
chr21:36218556-36219556,1000,[],[],[]
chr21:36219026-36220026,1000,[],[],[]
chr21:36219422-36220422,1000,[],[],[]
chr21:36222315-36223315,1000,[],[],[]
chr21:44854850-44855850,1000,[],[],[]
chr22:38749370-38750370,1000,[],[],[]
chr3:150451830-150452830,1000,[739],[4305],[12.16406]
chr3:88209957-88210957,1000,[],[],[]
chr4:17482286-17483286,1000,[118],[994],[5.86665]
chr5:138276596-138277596,1000,[],[],[]
chr5:147217311-147218311,1000,[-917],[3507],[10.23921]
chr5:1564036-1565036,1000,[755],[7508],[18.60113]
chr6:168089935-168090935,1000,[1452],[3141],[10.35291]
chr7:55528552-55529552,1000,[],[],[]
chr8:120123222-120124222,1000,[],[],[]
chr8:42382230-42383230,1000,[],[],[]
chr9:131659044-131660044,1000,[],[],[]
chr9:37913167-37914167,1000,[400],[240],[2.18239]
