4.042 6.871 0.000 5.202 0.000 1.000 1.000
0.000 0.000 0.000 5.427 0.000 0.000 1.000
0.000 0.000 0.000 0.128 0.000 0.000 1.000
0.000 0.000 2.882 0.000 0.000 0.000 1.000
3.397 0.000 0.000 0.000 0.000 0.000 1.000
0.000 0.000 0.134 0.000 0.000 0.000 1.000
2.363 74.718 0.000 0.000 0.000 1.000 1.000
3.345 0.000 0.000 8.389 0.000 1.000 1.000
1.744 2.546 0.000 14.994 0.000 1.000 1.000
0.000 42.500 0.000 6.614 0.000 1.000 1.000
0.680 0.000 0.000 0.000 0.000 0.000 1.000
7.039 0.000 0.000 5.642 1.092 1.000 1.000
2.337 0.000 0.000 0.000 0.000 0.000 1.000
3.088 0.000 0.000 0.000 0.000 0.000 1.000
5.679 0.000 0.000 11.243 0.000 1.000 1.000
2.076 0.000 0.000 5.591 0.000 1.000 1.000
2.571 0.000 0.000 0.000 0.000 0.000 1.000
2.652 0.000 0.000 2.089 0.000 1.000 1.000
0.000 0.000 2.417 0.000 0.000 0.000 1.000
0.000 0.000 0.000 0.000 5.546 0.000 1.000
2.418 4.474 0.000 0.000 0.000 0.000 1.000
0.000 0.000 0.000 2.176 0.000 0.000 1.000
1.816 0.000 0.000 0.000 0.000 0.000 1.000
4.435 4.731 0.000 2.366 0.000 1.000 1.000
3.356 0.000 0.000 3.708 0.000 1.000 1.000
3.905 0.000 0.000 2.010 0.000 1.000 1.000
2.732 0.000 0.000 3.982 0.000 1.000 1.000
0.000 0.000 0.000 0.000 4.360 0.000 1.000
0.000 22.345 0.000 7.936 0.000 1.000 1.000
4.150 0.000 0.000 3.821 0.000 1.000 1.000
1.082 8.081 0.000 3.146 0.000 0.000 1.000
2.852 0.000 0.000 3.114 0.000 1.000 1.000
4.471 0.000 0.000 4.986 0.000 1.000 1.000
0.000 2.760 0.000 3.485 0.000 0.000 1.000
0.000 0.000 0.000 8.690 0.000 1.000 1.000
3.442 2.223 0.000 3.634 0.000 1.000 1.000
2.372 0.000 0.000 0.000 0.000 0.000 1.000
2.982 4.448 0.000 4.665 0.000 1.000 1.000
2.573 0.542 0.000 0.000 0.000 0.000 1.000
0.000 0.000 0.000 0.000 0.000 0.000 1.000
0.000 0.000 0.000 0.000 0.000 0.000 1.000
0.000 0.000 0.000 0.000 0.000 0.000 1.000
0.000 0.000 0.000 0.000 0.000 0.000 1.000
2.531 0.000 0.000 0.000 0.000 0.000 1.000
0.000 0.000 0.000 0.000 0.000 0.000 1.000
0.000 0.000 0.000 0.000 0.000 0.000 1.000
0.000 0.000 0.000 0.000 0.000 0.000 1.000
0.000 0.000 0.000 0.000 0.000 0.000 1.000
0.000 0.000 0.000 0.000 0.000 0.000 1.000
0.000 0.000 0.000 0.000 0.000 0.000 1.000
0.000 0.000 0.000 0.000 0.000 0.000 1.000
0.000 59.359 0.000 7.702 0.000 1.000 1.000
0.000 0.000 0.000 0.000 0.000 0.000 1.000
0.000 0.000 0.000 0.000 0.000 0.000 1.000
0.000 0.000 0.000 0.000 0.000 0.000 1.000
0.000 0.000 0.000 0.000 0.000 0.000 1.000
0.000 0.000 0.000 0.000 0.000 0.000 1.000
0.000 0.000 0.000 0.000 0.000 0.000 1.000
0.000 0.000 0.000 0.000 0.000 0.000 1.000
0.000 0.000 0.000 0.000 0.000 0.000 1.000
0.000 0.000 0.000 0.000 0.000 0.000 1.000
0.000 0.000 0.000 0.000 0.000 0.000 1.000
0.000 0.000 0.000 0.000 0.000 0.000 1.000
0.000 0.000 0.000 0.000 0.000 0.000 1.000
0.000 0.000 0.000 0.000 0.000 0.000 1.000
0.000 0.000 0.000 0.000 0.000 0.000 1.000
0.000 0.000 0.000 0.000 0.000 0.000 1.000
4.199 0.000 0.000 3.389 0.000 1.000 1.000
3.903 0.000 0.000 3.412 0.000 1.000 1.000
2.416 0.000 0.000 0.000 0.000 0.000 1.000
3.648 0.000 0.000 3.042 0.000 1.000 1.000
3.230 0.000 0.000 4.963 0.000 1.000 1.000
0.000 0.000 0.000 0.000 0.000 0.000 1.000
1.773 3.444 0.000 13.510 0.000 1.000 1.000
0.000 0.000 0.000 0.000 0.000 0.000 1.000
0.000 0.000 0.000 0.000 0.000 0.000 1.000
0.000 0.000 0.000 0.000 0.000 0.000 1.000
0.000 0.000 0.000 0.000 0.000 0.000 1.000
0.000 0.000 0.000 0.000 0.000 0.000 1.000
3.329 18.238 0.000 3.981 0.000 1.000 1.000
0.000 0.000 0.000 0.000 0.000 0.000 1.000
0.000 0.000 0.000 0.000 0.000 0.000 1.000
0.000 0.000 0.000 0.000 3.698 0.000 1.000
0.000 0.000 0.000 0.000 0.000 0.000 1.000
0.000 0.000 0.000 0.000 0.000 0.000 1.000
3.718 0.000 0.000 0.000 0.000 0.000 1.000
1.013 0.000 0.000 3.235 0.000 0.000 1.000
0.000 0.000 0.000 0.000 0.000 0.000 1.000
0.000 0.000 0.000 0.000 0.000 0.000 1.000
0.000 0.000 0.000 0.000 0.000 0.000 1.000
0.000 0.000 0.000 0.000 0.000 0.000 1.000
0.000 0.000 0.000 0.000 0.000 0.000 1.000
0.000 0.000 0.000 0.000 0.000 0.000 1.000
0.000 0.000 0.000 0.000 0.000 0.000 1.000
0.000 0.000 0.000 0.000 0.000 0.000 1.000
3.775 0.000 0.000 4.853 0.000 1.000 1.000
0.000 0.000 0.000 0.000 0.000 0.000 1.000
8.362 0.000 0.000 5.540 0.000 1.000 1.000
0.000 0.000 0.000 0.000 0.000 0.000 1.000
3.797 0.000 0.000 0.000 0.000 0.000 1.000
0.000 0.000 0.000 0.000 0.000 0.000 1.000
0.000 0.000 0.000 0.000 0.000 0.000 1.000
0.000 0.000 0.000 0.000 0.000 0.000 1.000
0.000 0.000 0.000 0.000 0.000 0.000 1.000
0.000 0.000 0.000 0.000 0.000 0.000 1.000
1.093 3.598 0.000 4.645 0.000 1.000 1.000
0.000 0.000 0.000 0.000 0.000 0.000 1.000
0.000 0.000 0.000 0.000 0.000 0.000 1.000
0.894 0.000 0.000 3.070 0.000 0.000 1.000
0.000 0.000 0.000 0.000 0.000 0.000 1.000
0.000 0.000 0.000 0.000 0.000 0.000 1.000
0.000 0.000 0.000 0.000 0.000 0.000 1.000
0.000 0.000 0.000 0.000 4.279 0.000 1.000
0.000 0.000 0.000 0.000 0.000 0.000 1.000
0.000 0.000 0.000 0.000 0.000 0.000 1.000
1.742 3.082 0.000 6.723 1.219 1.000 1.000
0.000 0.000 0.000 0.000 0.000 0.000 1.000
4.002 0.000 0.000 2.964 0.000 1.000 1.000
0.000 0.000 0.000 0.000 0.000 0.000 1.000
3.654 0.000 0.000 0.000 0.000 0.000 1.000
0.000 0.000 0.000 0.000 0.000 0.000 1.000
0.000 0.000 0.000 0.000 0.000 0.000 1.000
0.000 0.000 0.000 0.000 0.000 0.000 1.000
0.000 0.000 0.000 0.000 0.000 0.000 1.000
0.000 0.000 0.000 0.000 0.000 0.000 1.000
0.000 0.000 0.000 0.000 0.000 0.000 1.000
0.000 0.000 0.000 0.000 0.000 0.000 1.000
3.437 0.000 0.000 0.000 0.000 0.000 1.000
2.113 0.000 0.000 0.000 0.000 0.000 1.000
0.000 0.000 0.000 0.000 0.000 0.000 1.000
0.000 0.000 0.000 0.000 0.000 0.000 1.000
3.604 0.000 0.000 2.263 0.000 1.000 1.000
0.000 0.000 0.000 0.000 0.000 0.000 1.000
0.000 0.000 0.000 0.000 0.000 0.000 1.000
0.000 0.000 0.000 0.000 0.000 0.000 1.000
0.000 0.000 0.000 0.000 0.000 0.000 1.000
0.000 0.000 0.000 0.000 0.000 0.000 1.000
0.000 4.828 0.000 0.000 0.000 0.000 1.000
0.000 0.000 0.000 0.000 0.000 0.000 1.000
0.000 0.000 0.000 0.000 0.000 0.000 1.000
0.000 0.000 0.000 0.000 0.000 0.000 1.000
0.000 0.000 0.000 0.000 0.000 0.000 1.000
0.000 0.000 0.000 0.000 0.000 0.000 1.000
0.000 0.000 0.000 0.000 0.000 0.000 1.000
0.436 0.000 0.000 0.000 0.000 0.000 1.000
0.000 0.000 0.000 0.000 0.000 0.000 1.000
0.000 0.000 0.000 5.104 0.000 0.000 1.000
4.313 0.000 0.000 5.076 0.000 1.000 1.000
0.000 0.000 0.000 0.000 0.000 0.000 1.000
0.000 0.000 0.000 0.000 0.000 0.000 1.000
0.000 0.000 0.000 0.000 0.000 0.000 1.000
0.000 0.000 0.000 0.000 0.000 0.000 1.000
0.000 0.000 0.000 0.000 0.000 0.000 1.000
2.184 6.006 0.000 4.697 0.000 1.000 1.000
0.000 0.000 0.000 0.000 0.000 0.000 1.000
0.000 0.000 0.000 0.000 0.000 0.000 1.000
0.000 0.000 0.000 0.000 0.000 0.000 1.000
4.433 2.374 0.000 9.629 0.000 1.000 1.000
0.000 0.000 0.000 0.000 0.000 0.000 1.000
0.000 0.000 0.000 0.000 0.000 0.000 1.000
3.491 0.000 0.000 0.000 0.000 0.000 1.000
1.982 0.000 0.000 4.045 0.000 1.000 1.000
0.000 0.000 0.000 0.000 0.000 0.000 1.000
0.000 0.000 0.000 0.000 0.000 0.000 1.000
0.000 0.000 0.000 0.000 0.000 0.000 1.000
0.000 0.000 0.000 0.000 0.000 0.000 1.000
0.000 0.000 0.000 0.000 0.000 0.000 1.000
0.000 0.000 0.000 0.000 0.000 0.000 1.000
0.000 0.000 0.000 0.000 0.000 0.000 1.000
0.000 0.000 0.000 0.000 0.000 0.000 1.000
0.000 0.000 0.000 0.000 0.000 0.000 1.000
0.000 0.000 0.000 0.000 0.000 0.000 1.000
0.000 0.000 0.000 0.000 0.000 0.000 1.000
0.000 0.000 0.000 0.000 0.000 0.000 1.000
0.000 0.000 0.000 0.000 0.000 0.000 1.000
0.000 0.000 0.000 0.000 0.000 0.000 1.000
0.000 0.000 0.000 0.000 0.000 0.000 1.000
5.688 0.000 0.000 6.605 0.000 1.000 1.000
0.000 0.000 0.000 0.000 0.000 0.000 1.000
0.000 0.000 0.000 0.000 0.000 0.000 1.000
4.394 0.000 0.000 1.748 0.000 1.000 1.000
3.152 0.000 0.000 4.873 0.000 1.000 1.000
0.996 0.000 0.000 4.961 0.000 1.000 1.000
0.000 0.000 0.000 0.000 0.000 0.000 1.000
0.000 0.000 0.000 0.000 0.000 0.000 1.000
0.000 0.000 0.000 0.000 0.000 0.000 1.000
2.731 4.582 0.000 5.047 0.000 1.000 1.000
0.000 0.000 0.000 0.000 0.000 0.000 1.000
0.000 0.000 0.000 0.000 0.000 0.000 1.000
0.000 0.000 0.000 0.000 0.000 0.000 1.000
0.000 0.000 0.000 0.000 0.000 0.000 1.000
2.262 0.000 0.000 4.927 0.000 1.000 1.000
1.879 0.000 0.000 0.000 0.000 0.000 1.000
0.000 0.000 0.000 0.000 0.000 0.000 1.000
4.403 0.000 0.000 0.000 0.000 1.000 1.000
0.000 0.000 0.000 0.000 0.000 0.000 1.000
0.000 0.000 0.000 0.000 0.000 0.000 1.000
0.000 0.000 0.000 1.416 0.000 0.000 1.000
0.000 0.000 0.000 0.000 0.000 0.000 1.000
0.000 0.000 0.000 0.000 0.000 0.000 1.000
0.000 0.000 0.000 0.000 0.000 0.000 1.000
0.000 0.000 0.000 0.000 0.000 0.000 1.000
2.413 5.887 0.000 0.000 0.000 0.000 1.000
0.000 11.334 0.000 0.000 0.000 0.000 1.000
0.000 0.000 0.000 0.000 0.000 0.000 1.000
0.000 0.000 0.000 0.000 0.000 0.000 1.000
0.000 0.000 0.000 0.000 0.000 0.000 1.000
2.592 0.000 0.000 0.000 0.000 0.000 1.000
2.798 0.000 0.000 0.000 0.000 0.000 1.000
0.000 0.000 0.000 0.000 0.000 0.000 1.000
0.000 0.000 0.000 0.000 0.000 0.000 1.000
0.000 0.000 0.000 0.000 0.000 0.000 1.000
0.000 0.000 0.000 0.000 0.000 0.000 1.000
0.000 0.000 0.000 1.151 0.000 0.000 1.000
0.000 0.000 0.000 0.000 0.000 0.000 1.000
3.676 0.000 0.000 0.000 0.000 0.000 1.000
0.000 0.000 0.000 0.000 0.000 0.000 1.000
0.000 0.000 0.000 0.000 0.000 0.000 1.000
0.000 0.000 0.000 0.000 0.000 0.000 1.000
0.000 0.000 0.000 0.000 0.000 0.000 1.000
0.000 0.000 0.000 0.000 0.000 0.000 1.000
0.000 0.000 0.000 0.000 0.000 0.000 1.000
0.000 0.000 0.000 0.000 0.000 0.000 1.000
0.000 0.000 0.000 0.000 0.000 0.000 1.000
0.000 0.000 0.000 0.000 0.000 0.000 1.000
2.675 0.000 0.000 5.929 0.000 1.000 1.000
0.000 0.000 0.000 0.000 0.000 0.000 1.000
0.000 0.000 0.000 0.000 0.000 0.000 1.000
0.000 0.000 0.000 0.000 0.000 0.000 1.000
0.000 0.000 0.000 0.000 0.000 0.000 1.000
0.000 0.000 0.000 0.000 0.000 0.000 1.000
0.000 0.000 0.000 0.000 0.000 0.000 1.000
0.000 0.000 0.000 0.000 0.000 0.000 1.000
0.000 0.000 0.000 0.000 0.000 0.000 1.000
0.000 0.000 0.000 0.000 0.000 0.000 1.000
0.000 0.000 0.000 0.000 0.000 0.000 1.000
0.000 0.000 0.000 0.000 0.000 0.000 1.000
0.000 0.000 0.000 0.000 0.000 0.000 1.000
0.000 0.000 0.000 0.000 0.000 0.000 1.000
0.000 0.000 0.000 0.000 0.000 0.000 1.000
0.000 0.000 0.000 0.000 0.000 0.000 1.000
0.000 0.000 0.000 0.000 0.000 0.000 1.000
0.000 0.000 0.000 0.000 0.000 0.000 1.000
7.110 0.000 0.000 3.499 0.000 1.000 1.000
0.000 0.000 0.000 0.000 0.000 0.000 1.000
0.000 0.000 0.000 0.000 0.000 0.000 1.000
0.000 0.000 0.000 0.000 0.000 0.000 1.000
0.000 0.000 0.000 0.000 0.000 0.000 1.000
0.000 0.000 0.000 0.000 0.000 0.000 1.000
0.000 0.000 0.000 0.000 0.000 0.000 1.000
0.000 0.000 0.000 0.000 0.000 0.000 1.000
0.000 0.000 0.000 0.000 0.000 0.000 1.000
1.103 29.988 0.000 6.421 0.000 1.000 1.000
1.373 0.000 0.000 5.389 0.000 1.000 1.000
0.000 0.000 0.000 0.000 0.000 0.000 1.000
0.000 0.000 0.000 0.000 0.000 0.000 1.000
0.000 0.000 0.000 0.000 0.000 0.000 1.000
0.000 0.000 0.000 0.000 0.000 0.000 1.000
0.000 0.000 0.000 0.000 0.000 0.000 1.000
0.000 0.000 0.000 0.000 0.000 0.000 1.000
0.000 0.000 0.000 0.000 0.000 0.000 1.000
0.000 0.000 0.000 0.000 0.000 0.000 1.000
0.000 0.000 0.000 0.000 0.000 0.000 1.000
0.000 0.000 0.000 0.000 0.000 0.000 1.000
0.000 0.000 0.000 0.000 0.000 0.000 1.000
0.000 0.000 0.000 0.000 0.000 0.000 1.000
0.000 0.000 0.000 0.000 0.000 0.000 1.000
0.000 0.000 0.000 0.000 0.000 0.000 1.000
0.000 0.000 0.000 0.000 0.000 0.000 1.000
0.000 0.000 0.000 0.000 0.000 0.000 1.000
0.000 0.000 0.000 0.000 0.000 0.000 1.000
0.000 0.000 0.000 0.000 0.000 0.000 1.000
0.000 0.000 0.000 0.000 0.000 0.000 1.000
0.000 0.000 0.000 0.000 0.000 0.000 1.000
4.619 0.000 0.000 2.222 0.000 1.000 1.000
0.000 0.000 0.000 0.000 0.000 0.000 1.000
0.000 0.000 0.000 0.000 0.000 0.000 1.000
2.989 0.000 0.000 0.000 0.000 0.000 1.000
0.000 0.000 0.000 0.000 0.000 0.000 1.000
0.000 0.000 0.000 0.000 0.000 0.000 1.000
0.000 0.000 2.473 0.000 0.000 0.000 1.000
0.000 0.000 0.000 0.000 0.000 0.000 1.000
3.313 0.000 0.000 0.000 0.000 0.000 1.000
3.993 0.000 0.000 0.000 0.000 0.000 1.000
0.000 0.000 0.000 0.000 0.000 0.000 1.000
0.000 0.000 0.000 0.000 0.000 0.000 1.000
0.000 0.000 0.000 0.000 0.000 0.000 1.000
0.000 0.000 0.000 0.000 0.000 0.000 1.000
0.000 0.000 0.000 0.000 0.000 0.000 1.000
0.000 0.000 0.000 0.000 0.000 0.000 1.000
0.000 0.000 0.000 0.000 0.000 0.000 1.000
0.000 0.000 0.000 0.000 0.000 0.000 1.000
4.442 0.000 0.000 0.000 0.000 1.000 1.000
0.000 0.000 0.000 0.000 0.000 0.000 1.000
0.000 0.000 0.000 0.000 0.000 0.000 1.000
0.000 0.000 0.000 0.000 0.000 0.000 1.000
0.000 0.000 0.000 0.000 0.000 0.000 1.000
0.000 0.000 0.000 0.000 0.000 0.000 1.000
0.000 0.000 0.000 0.000 0.000 0.000 1.000
0.000 0.000 0.000 0.000 0.000 0.000 1.000
0.000 0.000 0.000 0.000 0.000 0.000 1.000
0.000 0.000 0.000 0.000 0.000 0.000 1.000
0.000 0.000 0.000 0.000 0.000 0.000 1.000
0.000 0.000 0.000 0.000 0.000 0.000 1.000
0.000 0.000 0.000 0.000 0.000 0.000 1.000
0.000 0.000 0.000 0.000 0.000 0.000 1.000
0.000 0.000 0.000 0.000 0.000 0.000 1.000
0.000 0.000 0.000 0.000 0.000 0.000 1.000
0.058 0.000 0.000 0.000 0.000 0.000 1.000
3.442 0.000 0.000 0.000 0.000 0.000 1.000
0.000 0.000 0.000 0.000 0.000 0.000 1.000
0.000 0.000 0.000 0.000 0.000 0.000 1.000
0.000 0.000 0.000 0.000 0.000 0.000 1.000
0.000 0.000 0.000 0.000 0.000 0.000 1.000
0.000 0.000 0.000 0.000 0.000 0.000 1.000
0.000 0.000 0.475 0.000 0.000 0.000 1.000
0.000 0.000 0.000 0.000 0.000 0.000 1.000
0.000 0.000 0.000 0.000 0.000 0.000 1.000
0.000 0.000 0.000 0.000 0.000 0.000 1.000
0.000 0.000 0.000 0.000 0.000 0.000 1.000
0.000 0.000 0.000 0.000 0.000 0.000 1.000
0.000 0.000 0.000 0.000 0.000 0.000 1.000
0.000 0.000 0.000 0.000 0.000 0.000 1.000
0.000 0.000 0.000 0.000 0.000 0.000 1.000
5.839 0.000 0.000 2.660 0.000 1.000 1.000
0.000 0.000 0.000 0.000 0.000 0.000 1.000
4.579 0.000 0.000 13.035 4.229 1.000 1.000
0.000 0.000 0.000 0.000 0.000 0.000 1.000
3.088 0.000 0.000 0.000 0.000 0.000 1.000
0.000 0.000 0.000 0.000 0.000 0.000 1.000
0.000 0.000 0.000 0.000 0.000 0.000 1.000
0.000 0.000 0.000 0.000 0.000 0.000 1.000
0.000 0.000 0.000 0.000 0.000 0.000 1.000
0.000 0.000 0.000 0.000 0.000 0.000 1.000
0.000 0.000 0.000 0.000 0.000 0.000 1.000
0.000 0.000 0.000 0.000 0.000 0.000 1.000
0.000 0.000 0.000 0.000 0.000 0.000 1.000
0.000 0.000 0.000 0.000 0.000 0.000 1.000
0.000 0.000 0.000 0.000 0.000 0.000 1.000
0.000 0.000 0.000 0.000 0.000 0.000 1.000
0.000 0.000 0.000 0.000 0.000 0.000 1.000
0.000 0.000 0.000 0.000 0.000 0.000 1.000
0.000 0.000 0.000 0.000 0.000 0.000 1.000
0.000 0.000 0.000 0.000 0.000 0.000 1.000
0.000 0.000 0.000 0.000 0.000 0.000 1.000
1.382 0.000 0.000 6.443 0.000 1.000 1.000
0.000 0.000 0.000 0.000 0.000 0.000 1.000
0.000 0.000 0.000 0.000 0.000 0.000 1.000
0.000 0.000 0.000 0.000 0.000 0.000 1.000
0.000 0.000 0.000 0.000 0.000 0.000 1.000
0.000 0.000 0.000 0.000 0.000 0.000 1.000
0.000 0.000 0.000 0.000 0.000 0.000 1.000
0.000 0.000 0.000 0.000 0.000 0.000 1.000
2.987 0.000 0.000 0.000 0.000 0.000 1.000
0.000 0.000 0.000 0.000 0.000 0.000 1.000
0.000 0.000 0.000 0.000 0.000 0.000 1.000
0.000 0.000 0.000 0.000 0.000 0.000 1.000
0.000 0.000 0.000 0.000 0.000 0.000 1.000
0.000 0.000 0.000 0.000 0.000 0.000 1.000
0.000 0.000 0.000 0.000 0.000 0.000 1.000
0.000 0.000 0.000 0.000 0.000 0.000 1.000
0.000 0.000 0.000 0.000 0.000 0.000 1.000
0.000 0.000 0.000 0.000 0.000 0.000 1.000
0.000 0.000 0.000 0.000 0.000 0.000 1.000
0.000 0.000 0.000 0.000 0.000 0.000 1.000
0.000 0.000 0.000 0.000 0.000 0.000 1.000
0.000 0.000 0.000 0.000 0.000 0.000 1.000
0.000 0.000 0.000 0.000 0.000 0.000 1.000
0.000 0.000 0.000 0.000 0.000 0.000 1.000
0.000 0.000 0.000 0.000 0.000 0.000 1.000
3.397 0.000 0.000 0.000 0.000 0.000 1.000
0.000 0.000 0.000 0.000 0.000 0.000 1.000
0.000 0.000 0.000 0.000 0.000 0.000 1.000
0.000 0.000 0.000 0.000 0.000 0.000 1.000
2.586 62.919 0.000 8.150 0.000 1.000 1.000
0.000 0.000 0.000 0.000 0.000 0.000 1.000
0.000 0.000 0.000 0.000 0.000 0.000 1.000
0.000 0.000 0.000 0.000 0.000 0.000 1.000
0.000 0.000 0.000 0.000 0.000 0.000 1.000
0.000 0.000 0.000 0.000 0.000 0.000 1.000
0.000 0.000 0.000 0.000 0.000 0.000 1.000
0.000 0.000 0.000 0.000 0.000 0.000 1.000
2.249 8.794 0.000 11.222 0.000 1.000 1.000
3.880 0.000 0.000 0.000 0.000 0.000 1.000
0.000 0.000 0.000 0.000 0.000 0.000 1.000
0.000 0.000 0.000 0.000 0.000 0.000 1.000
0.000 0.000 0.000 0.000 0.000 0.000 1.000
0.000 0.000 0.000 0.000 0.000 0.000 1.000
0.000 0.000 0.000 0.000 0.000 0.000 1.000
0.000 0.000 0.000 0.000 0.000 0.000 1.000
0.000 0.000 0.000 3.654 0.000 0.000 1.000
0.000 0.000 0.000 0.000 0.000 0.000 1.000
0.000 0.000 0.000 0.000 0.000 0.000 1.000
0.000 0.000 0.000 0.000 0.000 0.000 1.000
0.000 0.000 1.066 0.000 0.000 0.000 1.000
0.000 0.000 1.504 0.000 0.000 0.000 1.000
0.000 0.000 0.000 0.000 0.000 0.000 1.000
0.000 0.000 0.000 0.000 0.000 0.000 1.000
0.000 0.000 0.000 0.000 0.000 0.000 1.000
0.000 0.000 0.000 0.000 0.000 0.000 1.000
0.000 0.000 0.000 0.000 0.000 0.000 1.000
0.000 0.000 0.000 0.000 0.000 0.000 1.000
0.000 0.000 0.000 0.000 0.000 0.000 1.000
0.000 0.000 0.000 0.000 0.000 0.000 1.000
0.000 0.000 0.000 0.000 0.000 0.000 1.000
0.000 0.000 0.000 0.000 0.000 0.000 1.000
0.000 0.000 0.000 0.000 0.000 0.000 1.000
0.000 0.000 0.000 0.000 0.000 0.000 1.000
0.000 0.000 0.000 0.000 0.000 0.000 1.000
0.000 0.000 2.695 0.000 0.000 0.000 1.000
0.000 0.000 0.000 0.000 0.000 0.000 1.000
0.000 0.000 0.000 0.000 0.000 0.000 1.000
0.000 0.000 0.000 0.000 0.000 0.000 1.000
0.000 0.000 0.000 0.000 0.000 0.000 1.000
0.000 0.000 0.618 0.000 0.000 0.000 1.000
0.000 0.000 0.000 0.000 0.000 0.000 1.000
0.000 0.000 0.000 0.000 0.000 0.000 1.000
0.000 0.000 0.000 0.000 0.000 0.000 1.000
0.000 0.000 0.000 0.000 0.000 0.000 1.000
0.000 0.000 0.000 0.000 0.000 0.000 1.000
0.000 0.000 0.000 0.000 0.000 0.000 1.000
4.123 5.810 0.000 0.000 0.000 1.000 1.000
0.000 0.000 4.948 0.000 0.000 0.000 1.000
0.000 0.000 0.000 0.000 0.000 0.000 1.000
0.000 0.000 0.000 0.000 0.000 0.000 1.000
0.000 0.000 0.000 0.000 0.000 0.000 1.000
0.000 0.000 0.000 0.000 0.000 0.000 1.000
0.000 0.000 0.000 2.693 0.000 0.000 1.000
0.000 0.000 0.000 0.000 0.000 0.000 1.000
0.000 0.000 0.000 0.000 0.000 0.000 1.000
0.000 0.000 0.000 0.000 0.000 0.000 1.000
0.000 0.000 0.000 0.000 0.000 0.000 1.000
0.000 0.000 0.000 0.000 0.000 0.000 1.000
0.000 0.000 0.000 0.000 0.000 0.000 1.000
0.000 0.000 0.000 0.000 0.000 0.000 1.000
0.000 0.000 0.000 0.000 0.000 0.000 1.000
0.000 0.000 0.000 0.000 0.000 0.000 1.000
0.000 0.000 0.000 0.000 0.000 0.000 1.000
0.000 0.000 0.000 0.000 0.000 0.000 1.000
1.683 0.000 0.000 0.000 0.000 0.000 1.000
0.000 0.000 0.000 0.000 0.000 0.000 1.000
0.000 0.000 0.000 0.000 0.000 0.000 1.000
0.000 0.000 0.000 0.000 0.000 0.000 1.000
0.000 0.000 2.767 0.000 0.000 0.000 1.000
0.000 0.000 0.000 0.000 0.000 0.000 1.000
0.000 0.000 0.000 0.000 0.000 0.000 1.000
0.000 0.000 0.000 0.000 0.000 0.000 1.000
0.000 0.000 0.000 0.000 0.000 0.000 1.000
0.000 0.000 0.000 0.000 0.000 0.000 1.000
0.000 0.000 0.000 0.000 0.000 0.000 1.000
0.000 0.000 0.000 0.000 0.000 0.000 1.000
0.000 0.000 0.000 0.000 0.000 0.000 1.000
0.000 0.000 0.000 0.000 0.000 0.000 1.000
0.000 0.000 0.000 0.000 0.000 0.000 1.000
0.000 0.000 0.000 1.509 0.000 0.000 1.000
0.000 0.000 0.000 0.000 0.000 0.000 1.000
0.000 0.000 0.000 0.000 0.000 0.000 1.000
0.000 0.000 0.000 0.000 0.000 0.000 1.000
0.000 0.000 0.000 0.000 0.000 0.000 1.000
0.000 0.000 0.000 0.000 0.000 0.000 1.000
0.000 0.000 0.000 0.000 0.000 0.000 1.000
0.000 0.000 0.000 0.000 0.000 0.000 1.000
0.000 0.000 0.000 0.000 0.000 0.000 1.000
0.000 0.000 0.000 0.000 0.000 0.000 1.000
0.000 0.000 0.000 0.000 0.000 0.000 1.000
0.000 0.000 0.000 0.000 0.000 0.000 1.000
0.000 0.000 0.000 0.000 0.000 0.000 1.000
0.000 0.000 0.000 0.000 0.000 0.000 1.000
0.000 0.000 0.000 0.000 0.000 0.000 1.000
0.000 0.000 0.000 0.000 0.000 0.000 1.000
0.000 0.000 0.000 0.000 0.000 0.000 1.000
0.000 0.000 0.000 0.000 0.000 0.000 1.000
0.000 0.000 0.000 0.000 0.000 0.000 1.000
0.000 0.000 0.523 3.906 0.000 0.000 1.000
0.000 0.000 0.000 0.000 0.000 0.000 1.000
0.000 0.000 0.000 0.000 0.000 0.000 1.000
0.000 0.000 0.000 0.000 0.000 0.000 1.000
0.000 0.000 0.000 0.000 0.000 0.000 1.000
0.000 4.937 0.000 1.797 0.000 0.000 1.000
0.000 0.000 0.000 0.000 0.000 0.000 1.000
0.000 0.000 0.000 0.000 0.000 0.000 1.000
0.000 0.000 0.000 0.000 0.000 0.000 1.000
0.000 0.000 0.000 0.000 0.000 0.000 1.000
0.000 0.000 0.000 0.000 0.000 0.000 1.000
0.000 0.000 0.000 0.000 0.000 0.000 1.000
0.000 0.000 0.000 0.000 0.000 0.000 1.000
0.000 0.000 0.000 0.000 0.000 0.000 1.000
0.000 0.000 0.000 0.000 0.000 0.000 1.000
0.000 0.000 0.000 0.000 0.000 0.000 1.000
0.000 0.000 0.000 0.000 0.000 0.000 1.000
0.000 0.000 0.000 0.000 0.000 0.000 1.000
0.000 0.000 0.000 0.000 0.000 0.000 1.000
0.000 0.000 0.000 0.000 0.000 0.000 1.000
0.000 0.000 0.000 0.000 0.000 0.000 1.000
1.736 8.564 0.000 5.465 0.000 1.000 1.000
0.000 0.000 0.000 0.000 0.000 0.000 1.000
0.000 0.000 0.000 0.000 0.000 0.000 1.000
0.000 0.000 0.000 0.000 0.000 0.000 1.000
0.000 0.000 0.000 0.000 0.000 0.000 1.000
0.000 0.000 0.000 0.000 0.000 0.000 1.000
0.000 4.366 0.000 0.000 0.000 0.000 1.000
0.000 0.000 0.000 0.000 0.000 0.000 1.000
0.000 0.000 0.168 0.000 0.000 0.000 1.000
0.000 0.000 0.000 0.000 0.000 0.000 1.000
0.000 0.000 0.000 0.000 0.000 0.000 1.000
0.000 0.000 0.000 0.000 0.000 0.000 1.000
0.000 0.000 0.000 0.000 0.000 0.000 1.000
0.000 0.000 0.000 0.000 0.000 0.000 1.000
0.000 0.000 0.000 0.000 0.000 0.000 1.000
0.000 0.000 0.000 0.000 0.000 0.000 1.000
0.000 0.000 0.000 0.000 0.000 0.000 1.000
0.000 0.000 0.000 0.000 0.000 0.000 1.000
0.000 0.000 0.000 0.000 0.000 0.000 1.000
0.000 0.000 0.000 0.000 0.000 0.000 1.000
1.010 0.000 0.000 0.000 0.000 0.000 1.000
0.000 0.000 0.000 0.000 0.000 0.000 1.000
0.000 0.000 0.000 0.000 0.000 0.000 1.000
0.000 0.000 0.000 0.000 0.000 0.000 1.000
0.000 0.000 0.000 0.000 0.000 0.000 1.000
0.000 0.000 0.000 0.000 0.000 0.000 1.000
0.000 0.000 0.000 0.000 0.000 0.000 1.000
0.000 0.000 0.000 0.000 0.000 0.000 1.000
0.000 0.000 0.000 0.000 0.000 0.000 1.000
0.000 0.000 0.000 0.000 0.000 0.000 1.000
0.000 0.000 0.000 0.000 0.000 0.000 1.000
0.000 0.000 0.000 0.000 0.000 0.000 1.000
0.000 0.000 0.000 0.000 0.000 0.000 1.000
0.000 0.000 0.000 0.000 0.000 0.000 1.000
0.000 0.000 0.000 0.000 0.000 0.000 1.000
0.000 0.000 0.000 0.000 0.000 0.000 1.000
0.000 0.000 0.000 0.000 0.000 0.000 1.000
0.000 0.000 0.000 0.000 0.000 0.000 1.000
0.000 0.000 0.000 0.000 0.000 0.000 1.000
0.000 0.000 0.000 0.000 0.000 0.000 1.000
0.000 0.000 0.000 0.000 0.000 0.000 1.000
0.000 0.000 0.000 0.000 0.000 0.000 1.000
0.000 0.000 0.000 0.000 0.000 0.000 1.000
0.000 0.000 0.000 0.000 0.000 0.000 1.000
0.000 0.000 0.000 0.000 0.000 0.000 1.000
1.287 0.000 0.000 3.288 0.000 0.000 1.000
0.000 0.000 0.000 0.000 0.000 0.000 1.000
0.000 0.000 0.000 0.000 0.000 0.000 1.000
0.000 0.000 0.000 0.000 0.000 0.000 1.000
0.000 0.000 0.000 0.000 0.000 0.000 1.000
0.000 0.000 0.000 0.000 0.000 0.000 1.000
0.000 0.000 0.000 0.000 0.000 0.000 1.000
0.000 0.000 0.000 0.000 0.000 0.000 1.000
0.000 0.000 0.000 0.000 0.000 0.000 1.000
0.000 0.000 0.000 0.000 0.000 0.000 1.000
0.000 0.000 0.000 0.000 0.000 0.000 1.000
0.000 0.000 0.000 0.000 0.000 0.000 1.000
0.000 0.000 0.000 0.000 0.000 0.000 1.000
0.000 0.000 0.000 0.000 0.000 0.000 1.000
0.000 0.000 0.000 0.000 0.000 0.000 1.000
0.000 0.000 0.000 0.000 0.000 0.000 1.000
0.000 0.000 0.000 0.000 0.000 0.000 1.000
0.000 0.000 0.000 0.000 0.000 0.000 1.000
0.000 0.000 0.000 0.000 0.000 0.000 1.000
0.000 0.000 0.000 0.000 0.000 0.000 1.000
0.000 0.000 0.000 0.000 0.000 0.000 1.000
0.000 0.000 0.000 0.000 0.000 0.000 1.000
0.000 0.000 0.000 0.000 0.000 0.000 1.000
0.000 0.000 0.000 3.404 0.000 0.000 1.000
0.000 0.000 0.000 0.000 0.000 0.000 1.000
0.000 0.000 0.000 0.000 0.000 0.000 1.000
0.000 0.000 0.000 0.000 0.000 0.000 1.000
0.000 0.000 0.000 0.000 0.000 0.000 1.000
0.000 0.000 0.000 0.000 0.000 0.000 1.000
0.000 0.000 0.000 0.000 0.000 0.000 1.000
0.000 0.000 0.000 0.000 0.000 0.000 1.000
0.000 0.000 0.000 0.000 0.000 0.000 1.000
1.905 3.176 0.000 0.000 0.000 0.000 1.000
3.490 0.000 0.000 6.749 0.000 1.000 1.000
0.000 0.000 0.000 0.000 0.000 0.000 1.000
1.839 0.000 0.000 5.125 0.000 1.000 1.000
0.000 0.000 0.000 0.000 0.000 0.000 1.000
0.000 0.000 0.000 0.000 0.000 0.000 1.000
0.000 0.000 0.000 0.000 0.000 0.000 1.000
0.000 0.000 0.000 0.000 0.000 0.000 1.000
0.000 0.000 0.000 0.000 0.000 0.000 1.000
0.000 0.000 0.000 0.000 0.000 0.000 1.000
0.000 0.000 0.000 0.000 0.000 0.000 1.000
0.000 0.000 0.000 0.000 0.000 0.000 1.000
0.000 0.000 0.000 0.000 0.000 0.000 1.000
0.000 0.000 0.000 0.000 0.000 0.000 1.000
0.000 0.000 0.000 0.000 0.000 0.000 1.000
0.000 0.000 0.000 0.000 0.000 0.000 1.000
6.567 0.000 0.000 10.510 0.000 1.000 1.000
0.000 0.000 0.000 0.000 0.000 0.000 1.000
3.311 0.000 0.000 5.527 0.000 1.000 1.000
0.000 0.000 0.000 0.000 0.000 0.000 1.000
0.000 0.000 0.000 0.000 0.000 0.000 1.000
0.000 0.000 0.000 0.000 0.000 0.000 1.000
0.000 0.000 0.000 0.000 0.000 0.000 1.000
0.000 0.000 0.000 0.000 0.000 0.000 1.000
0.000 0.000 0.000 0.000 0.000 0.000 1.000
0.000 0.000 0.000 0.000 0.000 0.000 1.000
0.000 0.000 0.000 1.209 0.000 0.000 1.000
0.000 0.000 0.000 0.000 0.000 0.000 1.000
0.000 0.000 0.000 0.000 0.000 0.000 1.000
0.000 0.000 0.000 0.000 0.000 0.000 1.000
0.510 0.000 0.000 0.000 0.000 0.000 1.000
0.000 0.000 0.000 0.000 0.000 0.000 1.000
0.000 0.000 0.000 0.000 0.973 0.000 1.000
0.000 0.000 0.000 0.000 0.000 0.000 1.000
0.000 0.000 0.000 0.000 0.000 0.000 1.000
5.866 0.000 0.000 4.422 0.000 1.000 1.000
0.000 0.000 0.000 0.000 0.000 0.000 1.000
0.000 0.000 0.000 0.000 0.000 0.000 1.000
0.000 0.000 0.000 0.000 0.000 0.000 1.000
0.000 0.000 0.000 0.000 0.000 0.000 1.000
0.000 0.000 0.000 0.000 0.000 0.000 1.000
0.000 0.000 0.000 0.000 0.000 0.000 1.000
0.000 0.000 0.000 0.000 0.000 0.000 1.000
0.000 0.000 0.000 0.000 0.000 0.000 1.000
0.000 0.000 0.000 0.000 0.000 0.000 1.000
0.000 0.000 0.000 0.000 0.000 0.000 1.000
2.062 0.000 0.000 0.000 0.000 0.000 1.000
0.000 0.000 0.000 0.000 0.000 0.000 1.000
3.687 0.000 0.000 2.593 0.000 1.000 1.000
5.171 0.000 0.000 0.000 0.000 1.000 1.000
0.000 0.000 0.000 0.000 0.000 0.000 1.000
0.000 0.000 0.000 0.000 0.000 0.000 1.000
0.000 0.000 0.000 0.000 0.000 0.000 1.000
0.000 0.000 0.000 0.000 0.000 0.000 1.000
0.000 0.000 0.000 0.000 0.000 0.000 1.000
0.000 0.000 0.000 0.000 0.000 0.000 1.000
0.000 0.000 0.000 0.000 0.000 0.000 1.000
0.000 0.000 0.000 0.000 0.000 0.000 1.000
2.588 0.000 1.614 1.353 0.000 0.000 1.000
0.000 0.000 0.000 0.000 0.000 0.000 1.000
0.000 0.000 0.000 0.000 0.000 0.000 1.000
0.000 0.000 0.000 0.000 0.000 0.000 1.000
0.000 0.000 0.000 0.000 0.000 0.000 1.000
0.000 0.000 0.000 0.000 0.000 0.000 1.000
0.000 0.000 0.000 0.000 0.000 0.000 1.000
0.000 0.000 0.000 0.000 0.000 0.000 1.000
0.000 0.000 0.000 1.330 0.000 0.000 1.000
0.000 0.000 0.000 0.000 0.000 0.000 1.000
0.000 0.000 0.000 0.000 0.000 0.000 1.000
0.000 0.000 0.000 0.000 0.000 0.000 1.000
0.000 0.000 0.000 0.000 0.000 0.000 1.000
0.000 0.000 0.000 0.000 0.000 0.000 1.000
0.000 0.000 0.000 0.000 0.000 0.000 1.000
2.088 15.065 0.000 3.058 0.000 1.000 1.000
0.000 0.000 0.000 0.000 0.000 0.000 1.000
0.000 0.000 0.000 0.000 0.000 0.000 1.000
0.000 0.000 0.000 0.000 0.000 0.000 1.000
0.000 0.000 0.000 0.000 0.000 0.000 1.000
0.000 0.000 0.000 0.000 0.000 0.000 1.000
1.491 0.000 0.000 3.272 0.000 0.000 1.000
0.000 0.000 0.000 0.000 0.000 0.000 1.000
0.000 0.000 0.000 0.000 0.000 0.000 1.000
0.000 0.000 0.000 0.000 0.000 0.000 1.000
0.000 0.000 0.000 0.000 0.000 0.000 1.000
0.000 0.000 0.000 0.000 0.000 0.000 1.000
0.000 0.000 0.000 0.000 0.000 0.000 1.000
0.000 0.000 0.000 0.000 0.000 0.000 1.000
0.000 0.000 0.000 0.000 0.000 0.000 1.000
0.000 0.000 0.000 0.000 0.000 0.000 1.000
0.000 0.000 0.000 0.000 0.000 0.000 1.000
0.000 0.000 0.000 0.000 0.000 0.000 1.000
0.000 0.000 0.000 0.000 0.000 0.000 1.000
0.000 0.000 0.000 0.000 0.000 0.000 1.000
0.000 0.000 0.000 0.000 0.000 0.000 1.000
0.000 0.000 0.000 0.000 0.000 0.000 1.000
3.689 0.000 0.000 0.000 0.000 0.000 1.000
0.000 0.000 0.000 0.000 0.000 0.000 1.000
