0
10
13
14
20
24
25
27
28
35
36
45
48
51
52
53
55
57
58
59
60
61
62
63
64
66
67
72
73
74
75
76
80
81
82
83
84
85
87
88
89
91
96
97
98
101
102
104
106
108
109
110
111
113
114
120
123
127
128
130
134
136
137
142
143
145
146
148
150
151
152
155
157
160
165
167
168
169
170
175
177
178
180
181
182
183
184
185
187
190
192
205
207
209
210
211
212
216
218
219
220
221
223
224
225
227
228
230
231
232
233
234
235
236
238
239
245
246
247
249
250
251
252
253
254
255
256
257
258
260
261
265
270
272
281
288
289
300
319
320
323
324
333
336
344
349
350
353
354
359
360
364
366
371
372
373
375
376
379
380
381
384
386
390
391
393
395
396
398
399
402
406
407
409
410
411
412
416
417
418
419
425
426
430
432
434
436
437
439
440
443
445
447
448
452
453
454
455
456
459
461
463
465
466
467
468
469
471
473
474
475
476
477
480
481
482
483
488
490
491
492
497
498
499
500
501
502
503
504
505
506
508
510
511
512
513
514
515
516
518
521
522
523
525
526
527
528
531
535
537
544
545
546
547
548
553
556
558
559
577
581
582
586
587
589
592
594
598
602
612
613
614
616
619
620
622
625
626
627
633
635
636
637
638
643
646
648
649
650
651
652
654
655
656
659
662
663
664
666
667
671
672
682
683
684
685
686
687
688
689
690
691
693
694
695
696
697
698
699
700
701
702
703
705
706
707
708
709
711
713
714
718
720
721
722
725
729
733
734
736
743
746
749
750
751
752
753
754
755
758
759
761
762
764
765
780
789
791
798
804
805
807
810
812
815
816
824
835
836
839
841
844
845
850
852
853
854
855
857
858
859
860
864
865
866
867
869
871
872
876
879
881
882
885
890
891
892
893
894
895
896
903
904
905
907
908
911
912
914
917
919
920
921
923
924
925
927
930
931
932
933
934
935
936
938
939
942
943
944
945
946
947
948
949
950
960
963
964
965
966
975
978
979
980
982
983
985
986
988
990
995
1001
1011
1012
1017
1022
1024
1025
1026
1028
1031
1033
1034
1039
1044
1049
1050
1064
1065
1066
1067
1069
1070
1071
1074
1075
1076
1077
1078
1080
1082
1083
1084
1087
1088
1089
1090
1091
1093
1099
1100
1101
1102
1103
1104
1105
1107
1108
1109
1110
1112
1113
1114
1115
1116
1117
1118
1119
1122
1124
1126
1127
1128
1132
1133
1134
1135
1142
1144
1145
1146
1147
1150
1151
1152
1154
1157
1158
1159
1160
1161
1163
1164
1168
1169
1170
1179
1181
1185
1186
1187
1188
1192
1193
1194
1195
1196
1197
1198
1202
1204
1206
1207
1208
1209
1210
1211
1212
1213
1214
1220
1228
1233
1239
1240
1249
1252
1254
1258
1263
1268
1272
1279
1280
1289
1295
1296
1298
1301
1303
1304
1305
1307
1308
1309
1310
1312
1313
1314
1317
1318
1319
1320
1322
1323
1325
1327
1330
1331
1332
1333
1334
1335
1338
1339
1340
1341
1343
1345
1346
1347
1350
1353
1354
1355
1357
1360
1363
1366
1369
1372
1379
1381
1385
1386
1388
1392
1396
1403
1405
1406
1407
1408
1409
1410
1411
1412
1416
1419
1420
1421
1424
1425
1426
1429
1431
1432
1433
1436
1437
1438
1439
1440
1444
1448
1449
1450
1455
1456
1457
1460
1463
1465
1475
1480
1483
1484
1487
1499
1502
1506
1509
1510
1511
1512
1533
1534
1536
1542
1552
1559
1560
1561
1564
1568
1569
1572
1573
1574
1577
1578
1581
1582
1583
1585
1586
1587
1589
1591
1593
1594
1595
1596
1597
1598
1600
1602
1603
1604
1605
1606
1608
1609
1610
1611
1612
1619
1620
1621
1622
1623
1626
1633
1643
1644
1645
1646
1647
1649
1651
1654
1655
1656
1657
1658
1662
1663
1664
1665
1666
1667
1669
1670
1671
1674
1679
1680
1691
1696
1697
1707
1712
1714
1717
1718
1719
1722
1724
1727
1730
1731
1735
1736
1740
1743
1749
1750
1751
1752
1754
1755
1759
1761
1762
1763
1767
1768
1771
1778
1781
1782
1783
1784
1785
1788
1790
1791
1792
1794
1797
1798
1799
1801
1804
1805
1806
1807
1808
1810
1811
1813
1814
1815
1817
1818
1819
1820
1823
1824
1825
1826
1827
1828
1831
1832
1833
1834
1835
1836
1837
1842
1843
1845
1848
1849
1851
1852
1853
1854
1855
1856
1857
1858
1859
1860
1861
1862
1863
1867
1868
1869
1873
1876
1877
1882
1885
1897
1898
1901
1909
1922
1925
1926
1927
1933
1938
1942
1943
1944
1945
1946
1947
1948
1949
1950
1951
1954
1955
1959
1961
1964
1965
1969
1971
1972
1977
1978
1979
1980
1981
1982
1983
1986
1988
1989
1990
1992
1993
2003
2004
2006
2007
2008
2009
2011
2014
2016
2018
2020
2021
2022
2026
2031
2034
2035
2039
2041
2042
2043
2044
2045
2046
2047
2052
2053
2054
2055
2056
2057
2059
2060
2062
2063
2068
2069
2070
2071
2073
2075
2078
2079
2080
2082
2083
2084
2085
2086
2087
2088
2089
2090
2091
2105
2109
2111
2114
2115
2141
2144
2146
2147
2148
2149
2160
2163
2166
2167
2172
2175
2176
2179
2180
2185
2186
2188
2190
2195
2196
2197
2199
2202
2203
2204
2205
2206
2211
2212
2214
2217
2221
2222
2224
2227
2228
2232
2233
2234
2235
2237
2239
2240
2242
2243
2244
2245
2248
2251
2253
2254
2255
2256
2257
2259
2261
2262
2268
2269
2270
2271
2272
2273
2274
2277
2278
2279
2283
2286
2287
2288
2290
2292
2294
2313
2325
2328
2331
2333
2337
2341
2343
2344
2345
2349
2357
2368
2369
2370
2374
2375
2377
2378
2379
2381
2388
2395
2396
2397
2399
2401
2402
2405
2408
2410
2414
2415
2416
2417
2418
2422
2423
2424
2426
2427
2428
2434
2437
2438
2439
2440
2443
2444
2446
2468
2473
2479
2480
2481
2487
2488
2490
2496
2499
2500
2501
2503
2504
2505
2506
2507
2511
2512
2517
2518
2519
2520
2522
2527
2528
2529
2530
2533
2534
2536
2537
2542
2543
2544
2545
2549
2561
2563
2566
2568
2569
2572
2573
2575
2577
2582
2583
2585
2586
2587
2588
2589
2590
2591
2592
2596
2597
2598
2599
2600
2605
2608
2612
2614
2616
2618
2623
2624
2625
2626
2627
2631
2635
2638
2639
2643
2647
2649
2653
2655
2657
2660
2665
2675
2677
2679
2680
2681
2687
2689
2690
2691
2692
2695
2696
2697
2699
2701
2702
2703
2705
2707
2708
2709
2712
2713
2715
2716
2720
2721
2722
2723
2724
2725
2727
2728
2730
2731
2733
2735
2736
2739
2740
2742
2745
2749
2750
2758
2759
2763
2764
2765
2769
2772
2774
2776
2777
2778
2782
2787
2788
2790
2792
2793
2802
2803
2804
2805
2807
2809
2811
2812
2813
2817
2818
2819
2820
2823
2825
2826
2828
2830
2831
2834
2837
2839
2841
2842
2843
2844
2845
2846
2848
2850
2851
2852
2855
2856
2862
2863
2868
2872
2881
2884
2885
2886
2889
2895
2896
2898
2899
2900
2902
2903
2904
2905
2906
2907
2908
2909
2910
2914
2916
2918
2923
2928
2929
2930
2933
2935
2936
2938
2940
2941
2942
2943
2944
2946
2947
2949
2950
2951
2957
2958
2959
2960
2968
2969
2970
2971
2972
2973
2974
2975
2976
2977
2978
2980
2981
2983
2984
2985
2986
2991
2994
2995
2997
2998
3002
3003
3005
3007
3008
3009
3013
3014
3015
3017
3028
3030
3036
3037
3041
3043
3046
3047
3048
3049
3050
3053
3054
3055
3056
3057
3063
3064
3065
3068
3069
3070
3071
3073
3075
3076
3082
3087
3088
3094
3095
3096
3097
3100
3101
3103
3110
3111
3112
3113
3114
3115
3116
3117
3118
3119
3122
3123
3125
3126
3127
3129
3131
3132
3136
3139
3141
3147
3148
3154
3155
3156
3160
3167
3172
3178
3179
3186
3187
3189
3193
3194
3195
3197
3199
3202
3205
3208
3209
3210
3211
3213
3214
3215
3216
3218
3219
3220
3221
3222
3223
3227
3229
3231
3234
3235
3236
3238
3239
3242
3244
3245
3246
3247
3249
3251
3252
3254
3256
3259
3262
3263
3264
3266
3273
3274
3275
3276
3277
3280
3288
3290
3292
3304
3308
3315
3316
3320
3321
3322
3323
3325
3326
3329
3331
3332
3334
3335
3336
3339
3341
3344
3348
3351
3354
3358
3361
3371
3374
3375
3378
3383
3385
3386
3387
3389
3390
3391
3392
3394
3395
3396
3397
3399
3400
3403
3405
3407
3408
3411
3412
3413
3415
3418
3419
3421
3422
3426
3427
3428
3439
3442
3443
3450
3451
3454
3458
3460
3461
3466
3467
3470
3471
3472
3490
3492
3500
3512
3515
3518
3519
3520
3521
3528
3531
3532
3534
3535
3536
3537
3551
3555
3556
3557
3558
3559
3561
3562
3563
3564
3565
3566
3568
3569
3571
3572
3573
3574
3575
3577
3579
3580
3581
3585
3588
3589
3590
3591
3593
3594
3595
3601
3602
3603
3604
3607
3608
3609
3610
3611
3612
3614
3615
3616
3617
3619
3621
3623
3628
3630
3632
3633
3637
3640
3641
3642
3645
3646
3647
3648
3649
3651
3652
3653
3654
3655
3661
3664
3668
3670
3671
3674
3675
3676
3677
3679
3683
3684
3685
3686
3688
3695
3696
3702
3705
3706
3707
3708
3717
3723
3725
3727
3729
3732
3735
3736
3738
3739
3741
3742
3743
3745
3750
3753
3754
3755
3757
3758
3759
3762
3763
3764
3768
3769
3770
3772
3773
3776
3777
3778
3779
3780
3781
3784
3785
3786
3787
3788
3789
3790
3791
3792
3795
3796
3797
3798
3799
3800
3801
3802
3803
3804
3805
3808
3809
3810
3811
3812
3813
3814
3820
3822
3823
3824
3825
3826
3827
3828
3831
3832
3834
3836
3837
3838
3840
3841
3842
3845
3849
3850
3855
3856
3858
3859
3861
3864
3866
3869
3877
3878
3881
3885
3886
3924
3936
3937
3938
3939
3940
6441
6461
6600
6681
6682
6798
6879
6909
6944
6960
6986
7038
7220
7252
7367
7658
7815
7876
