10
17
23
24
25
29
32
35
45
46
47
55
60
61
69
72
89
117
118
120
121
122
126
129
130
145
170
171
174
181
185
201
218
225
233
235
244
255
263
267
269
271
280
283
287
296
297
298
307
309
310
320
321
325
330
336
346
360
370
371
372
388
389
390
398
401
409
410
411
413
422
423
427
433
444
452
454
455
456
467
469
471
472
489
496
497
500
513
515
520
521
587
592
593
594
610
611
621
626
629
633
634
635
639
642
644
646
648
660
669
678
679
691
692
693
694
706
707
708
709
714
720
721
729
736
742
746
754
760
774
777
784
790
792
793
814
815
817
818
820
822
831
834
835
837
847
848
851
856
863
864
865
866
888
890
904
906
921
927
932
939
947
948
949
951
952
953
967
976
981
986
987
993
1003
1005
1006
1026
1028
1038
1039
1041
1044
1047
1051
1059
1060
1065
1067
1081
1086
1087
1091
1092
1093
1094
1095
1101
1102
1104
1105
1126
1134
1142
1158
1160
1162
1167
1174
1176
1184
1196
1198
1210
1215
1220
1223
1249
1256
1272
1273
1274
1282
1284
1285
1289
1294
1299
1329
1336
1349
1356
1357
1358
1360
1368
1386
1391
1393
1394
1397
1400
1405
1406
1415
1416
1423
1426
1427
1430
1431
1433
1446
1448
1452
1455
1456
1496
1497
1503
1512
1526
1531
1532
1535
1536
1538
1545
1556
1557
1569
1570
1585
1594
1607
1612
1619
1630
1636
1645
1647
1654
1671
1672
1679
1689
1693
1698
1701
1717
1720
1721
1740
1743
1744
1745
1758
1759
1760
1761
1762
1763
1764
1803
1806
1819
1826
1829
1832
1847
1848
1850
1851
1856
1860
1861
1863
1865
1866
1867
1868
1870
1871
1872
1876
1881
1900
1910
1916
1921
1923
1924
1925
1928
1930
1934
1938
1939
1940
1949
1952
1953
1954
1959
1965
1976
1984
1985
1987
1990
1992
2004
2011
2017
2029
2030
2032
2041
2049
2063
2065
2066
2067
2096
2107
2112
2129
2132
2140
2141
2143
2146
2147
2153
2155
2158
2160
2161
2162
2164
2166
2174
2179
2184
2194
2200
2213
2214
2217
2220
2227
2229
2230
2231
2234
2235
2236
2242
2243
2254
2258
2260
2261
2265
2267
2268
2269
2270
2281
2285
2286
2287
2291
2292
2311
2320
2321
2327
2353
2355
2357
2371
2372
2379
2384
2389
2391
2399
2401
2407
2412
2413
2416
2419
2424
2430
2431
2432
2462
2463
2471
2476
2488
2491
2494
2495
2504
2505
2506
2514
2520
2522
2523
2540
2541
2548
2551
2558
2559
2560
2574
2593
2609
2624
2625
2629
2632
2642
2644
2645
2649
2650
2652
2656
2680
2681
2709
2717
2719
2724
2725
2752
2761
2762
2765
2770
2774
2790
2792
2806
2832
2833
2879
2880
2888
2889
2900
2901
2904
2905
2911
2919
2923
2928
2929
2936
2956
2957
2996
3000
3015
3035
3040
3042
3043
3047
3056
3061
3079
3087
3088
3089
3092
3093
3103
3104
3105
3106
3107
3116
3118
3121
3122
3123
3126
3142
3148
3152
3167
3168
3173
3180
3181
3182
3183
3194
3212
3217
3218
3219
3228
3230
3233
3235
3237
3239
3241
3247
3252
3253
3266
3277
3291
3295
3308
3309
3310
3317
3318
3319
3320
3322
3323
3325
3330
3333
3335
3364
3373
3374
3375
3382
3389
3390
3394
3395
3396
3397
3398
3400
3405
3407
3420
3453
3487
3493
3498
3502
3504
3512
3525
3526
3540
3541
3544
3545
3546
3548
3552
3572
3573
3579
3580
3582
3583
3584
3585
3589
3598
3606
3611
3614
3615
3621
3631
3635
3636
3642
3646
3648
3649
3659
3662
3663
3666
3667
3668
3669
3672
3673
3674
3684
3701
3702
3747
3757
3758
3759
3816
3818
3820
3825
3826
3835
3836
3846
3847
3848
3849
3856
3860
3876
3883
3896
3909
3910
3921
3936
4631
5111
5116
5214
5329
5375
5476
5927
6375
6395
7558
