7
11
18
36
45
52
53
54
63
81
84
85
91
101
114
127
130
143
145
148
149
151
152
153
161
166
168
169
180
183
184
193
195
196
197
200
204
213
224
229
231
238
245
247
249
250
252
257
259
260
265
270
296
321
323
354
355
363
364
373
395
396
398
406
407
409
416
417
418
419
420
422
442
443
471
487
499
501
503
508
555
556
594
613
614
629
646
656
672
680
681
686
693
696
712
727
729
735
744
749
754
764
780
830
842
845
852
853
854
858
859
879
890
891
892
903
904
907
920
927
928
935
938
940
946
947
957
983
988
990
1024
1033
1043
1050
1054
1059
1066
1069
1070
1072
1082
1087
1091
1099
1106
1118
1122
1127
1132
1133
1134
1141
1142
1143
1144
1145
1147
1154
1160
1192
1194
1195
1197
1207
1216
1218
1228
1240
1255
1258
1272
1276
1285
1296
1297
1298
1305
1307
1309
1310
1325
1347
1354
1363
1384
1408
1415
1421
1431
1436
1457
1460
1483
1484
1508
1510
1536
1560
1564
1569
1572
1574
1575
1585
1589
1601
1604
1609
1610
1612
1614
1616
1622
1643
1646
1655
1656
1661
1665
1666
1673
1714
1716
1722
1727
1740
1744
1749
1759
1762
1778
1781
1787
1792
1795
1799
1801
1806
1810
1820
1821
1822
1826
1827
1828
1833
1835
1836
1837
1838
1843
1859
1867
1872
1877
1878
1897
1926
1942
1943
1945
1946
1948
1955
1958
1961
1981
1987
1989
1993
2008
2010
2014
2020
2021
2022
2034
2042
2043
2045
2046
2056
2057
2068
2070
2071
2074
2080
2083
2084
2086
2087
2089
2091
2115
2129
2141
2144
2147
2148
2188
2195
2197
2199
2206
2209
2210
2215
2227
2228
2239
2240
2244
2255
2264
2267
2269
2271
2272
2274
2285
2286
2290
2313
2337
2343
2366
2369
2370
2374
2391
2404
2407
2408
2418
2424
2427
2428
2440
2442
2444
2486
2499
2500
2504
2505
2507
2517
2519
2522
2529
2535
2544
2545
2568
2569
2578
2579
2599
2603
2625
2627
2647
2655
2675
2685
2689
2692
2697
2698
2705
2706
2707
2709
2710
2713
2719
2720
2722
2733
2735
2736
2739
2750
2759
2763
2785
2788
2792
2801
2810
2811
2812
2818
2826
2845
2846
2847
2848
2849
2850
2852
2854
2855
2856
2868
2880
2881
2895
2898
2899
2905
2908
2909
2916
2933
2936
2937
2947
2960
2972
2974
2975
2977
2981
2991
2995
2998
3008
3014
3015
3025
3043
3044
3069
3070
3071
3094
3110
3113
3116
3124
3125
3126
3131
3132
3141
3143
3147
3155
3160
3168
3186
3187
3194
3197
3205
3208
3214
3220
3223
3229
3235
3247
3251
3259
3274
3275
3276
3277
3288
3300
3320
3321
3322
3326
3327
3329
3331
3334
3335
3345
3348
3375
3391
3393
3395
3397
3402
3405
3407
3408
3411
3413
3415
3422
3456
3510
3512
3519
3520
3521
3528
3531
3534
3536
3555
3556
3557
3562
3570
3572
3577
3580
3581
3584
3586
3594
3595
3600
3607
3609
3610
3616
3619
3621
3628
3632
3635
3642
3647
3651
3661
3664
3666
3670
3675
3676
3677
3679
3683
3689
3696
3698
3704
3717
3741
3757
3763
3779
3787
3789
3790
3792
3799
3801
3802
3824
3828
3832
3833
3839
3841
3855
3861
3869
3877
3905
3930
3938
4529
4579
4594
4595
4600
4717
4756
4800
4864
5031
5062
5211
5420
5431
5463
5470
5479
5541
5585
5667
5739
5883
5985
5990
6029
6105
6260
6323
6337
6461
6905
7038
7191
7259
7552
