3
11
14
30
51
52
53
57
58
61
62
64
66
81
84
85
87
88
96
97
101
108
114
116
127
128
137
142
143
145
148
149
152
155
161
165
167
168
169
180
182
183
184
190
197
205
209
216
220
224
226
227
228
229
231
233
234
235
236
242
245
246
247
248
249
250
251
252
256
257
259
260
261
265
269
281
336
344
349
350
353
355
373
378
379
380
383
384
385
396
399
406
407
410
412
417
418
419
420
425
432
436
437
443
445
453
461
468
469
470
473
474
475
482
486
491
497
499
500
501
503
505
506
507
508
509
510
511
512
525
526
527
528
530
541
543
544
546
547
548
556
558
586
592
612
613
614
622
643
649
654
655
656
664
666
667
668
670
683
690
691
693
694
695
697
700
706
707
708
709
722
723
729
746
750
751
752
754
762
764
765
780
804
805
810
816
818
820
844
850
852
853
854
855
858
860
863
864
867
868
869
876
881
890
892
895
903
904
908
918
928
934
935
938
939
940
942
943
945
946
947
950
952
962
965
966
979
980
983
986
1017
1024
1026
1044
1049
1050
1065
1066
1067
1070
1071
1075
1078
1083
1084
1087
1088
1089
1091
1092
1094
1097
1099
1100
1101
1102
1106
1109
1110
1113
1115
1116
1117
1118
1122
1132
1133
1141
1142
1145
1146
1147
1151
1155
1157
1158
1159
1166
1169
1187
1188
1189
1194
1195
1196
1197
1198
1202
1204
1206
1207
1212
1220
1229
1255
1271
1279
1296
1297
1301
1302
1303
1305
1308
1310
1312
1314
1325
1330
1332
1338
1340
1341
1345
1346
1349
1353
1354
1360
1384
1385
1388
1405
1406
1408
1409
1410
1411
1412
1415
1421
1425
1429
1431
1439
1441
1444
1450
1455
1457
1475
1506
1509
1536
1561
1572
1573
1575
1577
1581
1582
1583
1586
1587
1588
1589
1590
1593
1594
1597
1601
1602
1606
1607
1609
1612
1614
1620
1622
1623
1634
1638
1644
1645
1646
1647
1655
1664
1665
1667
1673
1674
1679
1696
1697
1707
1714
1717
1719
1721
1727
1730
1735
1736
1740
1747
1749
1750
1751
1754
1759
1760
1762
1768
1769
1778
1782
1785
1788
1790
1791
1792
1797
1801
1804
1805
1813
1814
1816
1817
1820
1821
1822
1826
1828
1833
1836
1837
1843
1848
1851
1859
1860
1862
1867
1877
1897
1908
1909
1925
1926
1942
1943
1945
1946
1948
1955
1964
1981
1986
1988
1993
2003
2004
2008
2019
2020
2021
2026
2034
2042
2043
2044
2045
2046
2048
2053
2055
2056
2057
2059
2060
2061
2068
2070
2071
2073
2074
2075
2078
2079
2080
2083
2084
2087
2088
2089
2090
2091
2111
2115
2141
2144
2146
2147
2148
2160
2172
2175
2178
2179
2185
2187
2188
2190
2195
2197
2199
2202
2204
2205
2206
2207
2211
2215
2221
2222
2224
2228
2232
2233
2235
2237
2239
2240
2244
2251
2254
2257
2262
2265
2267
2268
2271
2273
2274
2276
2277
2283
2285
2287
2289
2290
2337
2344
2366
2368
2369
2370
2374
2375
2377
2378
2379
2381
2386
2388
2389
2395
2396
2398
2401
2405
2408
2415
2416
2418
2421
2423
2424
2427
2434
2439
2444
2468
2480
2487
2500
2501
2505
2507
2517
2520
2528
2533
2535
2540
2542
2543
2544
2545
2563
2569
2570
2572
2578
2585
2587
2590
2599
2603
2608
2613
2619
2623
2624
2625
2626
2627
2638
2647
2649
2660
2665
2680
2681
2689
2690
2691
2698
2701
2702
2703
2704
2707
2713
2715
2719
2720
2722
2723
2730
2735
2739
2742
2749
2750
2759
2763
2764
2776
2777
2782
2783
2788
2790
2792
2793
2802
2803
2806
2807
2808
2809
2810
2812
2813
2815
2817
2818
2822
2825
2826
2828
2830
2834
2839
2845
2846
2847
2848
2852
2853
2855
2856
2868
2872
2884
2885
2894
2895
2898
2899
2902
2905
2909
2914
2920
2923
2928
2933
2936
2938
2940
2941
2942
2944
2945
2946
2947
2949
2958
2959
2968
2969
2970
2974
2976
2978
2979
2980
2981
2982
2993
2994
2997
2998
3003
3007
3008
3010
3011
3014
3015
3028
3029
3036
3037
3043
3046
3048
3053
3054
3070
3088
3094
3095
3096
3097
3100
3101
3111
3112
3113
3114
3115
3116
3118
3119
3123
3125
3129
3131
3132
3136
3139
3147
3155
3169
3172
3174
3179
3187
3189
3194
3195
3196
3199
3202
3205
3208
3210
3211
3213
3215
3220
3221
3222
3223
3231
3234
3235
3236
3237
3238
3239
3240
3246
3247
3249
3254
3259
3262
3264
3266
3273
3274
3275
3280
3288
3290
3298
3304
3308
3314
3316
3320
3325
3326
3328
3329
3331
3332
3334
3341
3344
3348
3351
3352
3361
3372
3375
3378
3386
3392
3394
3395
3397
3403
3405
3407
3408
3410
3411
3412
3413
3415
3416
3426
3439
3442
3460
3471
3492
3510
3512
3518
3520
3528
3534
3536
3537
3538
3557
3558
3561
3562
3563
3566
3567
3569
3570
3572
3573
3574
3575
3577
3581
3582
3587
3588
3589
3591
3593
3594
3595
3598
3600
3601
3602
3604
3607
3608
3609
3610
3611
3612
3614
3616
3617
3618
3619
3621
3623
3633
3646
3647
3648
3651
3652
3654
3655
3657
3659
3661
3664
3670
3671
3675
3676
3677
3678
3679
3683
3684
3685
3686
3689
3696
3697
3698
3705
3706
3708
3717
3723
3727
3728
3732
3736
3739
3741
3743
3745
3755
3756
3757
3758
3759
3762
3763
3772
3773
3777
3779
3780
3784
3786
3787
3789
3790
3791
3792
3795
3796
3797
3800
3801
3802
3803
3808
3815
3822
3823
3824
3825
3827
3833
3836
3837
3840
3844
3845
3850
3855
3858
3859
3861
3864
3869
3878
3885
3886
3891
3930
3938
3940
5331
5526
5883
6294
6461
