0
7
10
11
13
14
19
20
24
25
26
27
35
36
45
46
47
48
51
52
54
57
61
62
64
65
66
67
72
73
74
75
76
77
79
80
81
83
84
85
87
89
96
97
101
102
104
108
110
111
113
114
115
116
117
118
119
120
123
127
128
129
136
137
142
144
145
146
147
151
152
153
155
160
161
163
165
167
169
170
172
177
179
180
182
183
184
185
188
189
190
194
197
198
205
209
211
212
216
218
219
221
222
223
225
226
227
228
230
231
232
233
234
235
238
239
242
243
244
245
246
248
249
252
253
255
256
257
258
259
260
261
268
269
270
272
281
288
289
296
309
319
320
323
336
340
341
344
349
350
351
353
354
355
357
358
360
363
364
366
371
372
373
375
376
379
380
381
382
383
384
385
386
390
391
395
397
398
399
406
407
409
410
411
412
416
417
418
419
420
421
425
426
430
431
432
434
436
437
438
439
442
443
445
446
448
450
451
452
453
454
455
456
459
461
465
466
467
468
469
470
473
474
475
476
477
479
481
482
483
488
490
491
492
495
496
497
499
500
501
502
503
504
505
506
507
508
511
512
515
518
519
522
523
525
526
527
528
529
530
531
533
536
537
541
543
544
545
546
547
548
553
555
556
558
559
565
577
582
584
586
587
589
592
594
598
602
604
612
613
614
622
626
628
629
633
635
636
638
639
640
643
646
648
649
651
655
656
657
659
663
664
665
666
668
671
672
674
677
682
683
684
685
686
689
690
691
692
693
694
695
696
698
699
700
701
703
705
706
707
708
709
710
711
712
713
714
717
718
719
720
721
722
724
727
729
731
733
734
736
739
743
744
745
746
747
748
749
750
751
752
753
754
755
760
761
762
764
765
780
794
798
801
804
805
810
812
815
816
818
819
820
824
839
841
843
844
845
847
850
852
853
854
855
856
858
859
860
863
864
865
866
867
868
869
871
872
876
877
878
879
880
881
885
890
891
892
893
894
895
896
903
904
905
907
908
910
911
912
919
920
921
923
924
925
927
928
931
932
933
934
935
936
937
938
939
940
942
943
944
945
946
947
948
949
951
952
955
956
960
963
964
965
968
975
976
978
979
980
981
983
985
986
987
988
990
995
996
1001
1007
1011
1012
1017
1022
1024
1025
1026
1028
1032
1034
1039
1041
1044
1049
1050
1057
1059
1063
1064
1065
1066
1067
1069
1070
1071
1072
1074
1076
1077
1078
1079
1080
1081
1082
1083
1084
1085
1087
1088
1090
1091
1092
1093
1094
1096
1099
1100
1101
1102
1103
1104
1105
1107
1109
1110
1111
1112
1114
1115
1116
1117
1118
1119
1121
1122
1124
1126
1129
1132
1133
1134
1135
1141
1142
1143
1144
1145
1146
1147
1151
1152
1154
1155
1157
1158
1159
1160
1161
1163
1164
1166
1167
1168
1169
1174
1178
1179
1186
1187
1188
1189
1190
1193
1194
1195
1196
1198
1202
1204
1207
1209
1210
1211
1212
1213
1214
1215
1220
1239
1240
1252
1254
1255
1262
1263
1272
1279
1280
1282
1283
1288
1289
1295
1296
1297
1298
1299
1301
1302
1303
1304
1305
1306
1307
1308
1309
1310
1311
1313
1314
1317
1319
1321
1322
1325
1330
1332
1333
1334
1335
1336
1337
1338
1339
1340
1341
1344
1345
1346
1347
1349
1350
1353
1354
1357
1360
1363
1366
1367
1372
1379
1381
1383
1384
1385
1386
1388
1392
1395
1396
1397
1401
1405
1406
1407
1408
1409
1410
1411
1412
1415
1419
1421
1423
1424
1425
1426
1429
1431
1433
1436
1437
1439
1441
1444
1446
1447
1448
1449
1450
1451
1455
1456
1457
1463
1465
1475
1480
1484
1497
1499
1502
1505
1506
1509
1510
1511
1512
1521
1534
1536
1538
1552
1553
1555
1559
1560
1561
1565
1566
1568
1569
1571
1572
1573
1577
1579
1581
1582
1583
1585
1586
1587
1588
1589
1591
1593
1594
1596
1597
1598
1599
1600
1602
1603
1604
1605
1606
1607
1609
1611
1612
1613
1614
1617
1619
1620
1621
1622
1626
1627
1628
1632
1633
1638
1641
1642
1643
1644
1645
1646
1647
1649
1650
1651
1652
1654
1657
1658
1659
1660
1662
1663
1664
1665
1666
1667
1668
1670
1673
1674
1679
1680
1691
1693
1696
1697
1707
1712
1714
1717
1718
1719
1721
1722
1724
1726
1727
1730
1731
1736
1740
1743
1744
1745
1747
1748
1749
1750
1751
1752
1756
1759
1760
1761
1762
1763
1765
1766
1767
1768
1771
1778
1781
1782
1783
1784
1785
1787
1788
1790
1791
1792
1794
1795
1797
1799
1804
1805
1806
1807
1808
1809
1810
1812
1813
1814
1815
1817
1818
1819
1820
1821
1822
1824
1825
1826
1827
1828
1830
1833
1834
1835
1843
1845
1848
1849
1851
1852
1854
1855
1859
1860
1861
1862
1863
1866
1867
1868
1869
1872
1873
1875
1877
1878
1882
1885
1896
1897
1899
1901
1909
1916
1922
1925
1926
1932
1934
1938
1939
1942
1943
1944
1945
1946
1948
1949
1953
1954
1955
1957
1959
1963
1964
1965
1966
1969
1970
1971
1972
1977
1978
1979
1980
1981
1982
1983
1986
1987
1988
1989
1990
1993
1999
2003
2004
2005
2006
2007
2008
2010
2011
2016
2018
2020
2021
2022
2025
2026
2029
2030
2031
2032
2034
2035
2036
2037
2039
2041
2042
2043
2044
2046
2047
2048
2050
2052
2053
2054
2055
2056
2057
2059
2060
2062
2063
2068
2069
2070
2071
2072
2073
2074
2079
2080
2082
2083
2084
2085
2086
2087
2088
2089
2090
2091
2095
2103
2105
2111
2114
2115
2120
2129
2140
2141
2143
2144
2146
2148
2149
2160
2162
2163
2166
2167
2172
2179
2185
2187
2189
2190
2195
2196
2197
2199
2202
2203
2204
2205
2206
2207
2209
2211
2212
2214
2217
2218
2220
2221
2222
2223
2224
2226
2227
2228
2229
2230
2231
2232
2233
2234
2235
2237
2239
2240
2243
2244
2245
2246
2248
2251
2252
2253
2254
2255
2256
2257
2258
2259
2261
2262
2263
2265
2268
2269
2270
2271
2272
2273
2274
2276
2277
2278
2279
2282
2283
2285
2286
2290
2292
2294
2310
2325
2328
2331
2333
2336
2337
2339
2340
2341
2343
2344
2345
2349
2354
2357
2365
2366
2368
2369
2370
2374
2375
2377
2378
2379
2381
2384
2385
2386
2389
2390
2395
2396
2398
2399
2400
2401
2402
2405
2406
2407
2408
2413
2414
2415
2416
2418
2419
2422
2423
2424
2426
2427
2434
2436
2438
2439
2440
2441
2443
2444
2449
2453
2461
2467
2468
2473
2479
2480
2481
2482
2496
2499
2500
2501
2503
2504
2506
2510
2512
2513
2514
2515
2517
2519
2520
2522
2523
2524
2527
2528
2529
2533
2534
2535
2537
2538
2542
2543
2544
2545
2549
2550
2557
2563
2569
2572
2573
2574
2575
2577
2578
2579
2581
2584
2585
2586
2587
2590
2591
2592
2595
2598
2599
2604
2605
2606
2608
2612
2613
2614
2615
2616
2617
2618
2619
2620
2623
2624
2625
2626
2627
2635
2638
2639
2643
2647
2649
2655
2657
2660
2664
2665
2670
2679
2680
2681
2682
2687
2689
2690
2691
2692
2699
2701
2702
2704
2705
2706
2707
2708
2709
2710
2712
2715
2716
2720
2721
2722
2723
2724
2725
2726
2727
2731
2733
2735
2736
2738
2739
2740
2742
2745
2747
2749
2750
2758
2759
2763
2764
2771
2772
2776
2777
2778
2782
2783
2784
2785
2786
2788
2790
2792
2793
2801
2802
2803
2806
2807
2809
2811
2812
2813
2815
2817
2818
2819
2823
2825
2826
2828
2829
2830
2831
2834
2836
2839
2841
2842
2843
2844
2846
2847
2848
2849
2851
2852
2855
2856
2863
2868
2872
2874
2880
2881
2884
2885
2889
2895
2896
2897
2898
2899
2902
2903
2905
2906
2907
2908
2909
2910
2911
2913
2916
2918
2920
2922
2923
2928
2929
2930
2933
2936
2938
2939
2940
2941
2942
2943
2944
2946
2947
2948
2949
2950
2951
2956
2957
2958
2959
2960
2962
2968
2971
2974
2976
2977
2978
2979
2980
2981
2984
2985
2986
2991
2992
2993
2994
2997
2998
3002
3003
3005
3007
3008
3009
3011
3013
3014
3015
3017
3025
3026
3028
3029
3030
3036
3037
3038
3040
3041
3043
3044
3045
3048
3049
3050
3053
3054
3056
3057
3059
3063
3064
3065
3067
3068
3070
3073
3075
3076
3078
3082
3087
3088
3096
3097
3100
3101
3103
3104
3110
3111
3112
3113
3114
3115
3116
3117
3118
3119
3122
3123
3125
3126
3127
3129
3131
3132
3136
3139
3140
3141
3147
3148
3155
3160
3167
3172
3174
3176
3179
3186
3187
3189
3190
3194
3195
3197
3199
3201
3202
3205
3208
3210
3211
3212
3213
3215
3216
3218
3219
3220
3221
3222
3223
3226
3228
3229
3231
3234
3235
3236
3237
3238
3239
3240
3242
3243
3246
3247
3249
3250
3251
3252
3254
3256
3259
3262
3263
3264
3266
3273
3274
3275
3276
3277
3280
3282
3284
3288
3289
3290
3292
3301
3304
3308
3311
3316
3320
3321
3325
3326
3327
3329
3331
3332
3333
3334
3335
3336
3339
3341
3344
3345
3348
3351
3352
3353
3358
3360
3371
3372
3374
3375
3378
3381
3382
3385
3386
3387
3389
3390
3392
3395
3396
3397
3398
3399
3400
3401
3403
3405
3407
3408
3410
3411
3412
3413
3415
3416
3419
3421
3422
3426
3427
3428
3439
3440
3442
3444
3450
3451
3452
3454
3460
3461
3466
3467
3470
3471
3492
3510
3512
3515
3518
3519
3520
3521
3528
3531
3534
3535
3536
3537
3538
3539
3551
3554
3555
3556
3557
3558
3560
3561
3562
3563
3564
3565
3566
3568
3570
3571
3572
3573
3574
3575
3576
3577
3578
3580
3581
3582
3585
3586
3587
3588
3589
3591
3593
3594
3595
3597
3598
3599
3600
3601
3603
3605
3607
3608
3609
3610
3611
3612
3614
3615
3616
3617
3618
3619
3621
3623
3628
3630
3631
3633
3635
3637
3640
3641
3646
3647
3648
3649
3651
3652
3653
3654
3655
3657
3659
3660
3661
3664
3668
3670
3671
3672
3674
3675
3676
3677
3678
3679
3683
3684
3685
3686
3688
3689
3695
3696
3697
3698
3704
3705
3706
3707
3708
3717
3718
3723
3727
3728
3729
3732
3735
3736
3739
3740
3741
3743
3744
3745
3747
3750
3753
3754
3755
3757
3758
3759
3762
3763
3768
3770
3772
3773
3774
3777
3778
3779
3781
3784
3785
3786
3787
3788
3789
3790
3791
3792
3795
3796
3797
3798
3799
3800
3801
3802
3803
3804
3805
3807
3808
3809
3810
3813
3815
3816
3820
3822
3823
3824
3825
3826
3827
3832
3833
3834
3835
3836
3837
3838
3840
3841
3843
3845
3847
3848
3849
3850
3854
3855
3856
3858
3859
3861
3866
3869
3877
3878
3881
3885
3886
3891
3893
3905
3920
3924
3926
3930
3937
3938
3940
6441
6538
6681
6682
6725
7038
7134
7252
7367
7382
7658
7847
