10
11
14
24
25
35
36
45
51
52
53
57
61
62
64
66
72
81
84
85
87
89
96
97
101
108
114
120
127
128
130
137
142
143
145
148
151
152
155
161
165
167
168
169
170
180
182
183
184
185
190
197
205
209
216
218
224
225
227
228
231
233
234
235
238
245
246
247
249
250
252
255
256
257
259
260
261
265
269
270
281
296
320
323
336
344
349
350
353
354
355
360
364
371
372
373
379
380
384
390
395
396
398
399
406
407
409
410
411
412
416
417
418
419
420
425
432
436
437
443
445
452
453
454
455
456
461
467
468
469
471
473
474
475
482
491
497
499
500
501
503
505
506
508
511
512
515
525
526
527
528
544
546
547
548
556
558
586
587
592
594
612
613
614
622
626
629
633
635
643
646
648
649
655
656
664
666
672
683
686
690
691
693
694
695
696
700
706
707
708
709
714
720
721
722
729
736
746
749
750
751
752
754
762
764
765
780
804
805
810
815
816
818
820
844
845
850
852
853
854
855
858
859
860
863
864
865
866
867
869
876
879
881
890
891
892
895
903
904
907
908
920
921
927
928
932
934
935
938
939
940
942
943
945
946
947
948
949
952
965
979
980
983
986
988
990
1017
1024
1026
1028
1039
1044
1049
1050
1059
1065
1066
1067
1069
1070
1071
1078
1082
1083
1084
1087
1088
1091
1092
1093
1094
1099
1100
1101
1102
1104
1105
1109
1110
1115
1116
1117
1118
1122
1126
1132
1133
1134
1141
1142
1144
1145
1146
1147
1151
1154
1157
1158
1159
1160
1169
1187
1188
1194
1195
1196
1197
1198
1202
1204
1207
1210
1212
1220
1240
1255
1272
1279
1289
1296
1297
1298
1301
1303
1305
1307
1308
1309
1310
1314
1325
1330
1332
1338
1340
1341
1345
1346
1347
1349
1353
1354
1357
1360
1363
1384
1385
1386
1388
1405
1406
1408
1409
1410
1411
1412
1415
1421
1425
1426
1429
1431
1433
1436
1439
1444
1448
1450
1455
1456
1457
1475
1484
1506
1509
1510
1512
1536
1560
1561
1569
1572
1573
1577
1581
1582
1583
1585
1586
1587
1589
1593
1594
1597
1602
1604
1606
1607
1609
1612
1614
1619
1620
1622
1643
1644
1645
1646
1647
1654
1655
1664
1665
1666
1667
1673
1674
1679
1696
1697
1707
1714
1717
1719
1721
1722
1727
1730
1736
1740
1743
1744
1749
1750
1751
1759
1760
1761
1762
1763
1768
1778
1781
1782
1785
1788
1790
1791
1792
1797
1799
1801
1804
1805
1806
1810
1813
1814
1817
1819
1820
1821
1822
1826
1827
1828
1833
1835
1836
1837
1843
1848
1851
1859
1860
1861
1862
1863
1867
1868
1872
1877
1897
1909
1925
1926
1938
1942
1943
1945
1946
1948
1949
1954
1955
1959
1964
1965
1981
1986
1987
1988
1989
1990
1993
2003
2004
2008
2011
2020
2021
2022
2026
2034
2041
2042
2043
2044
2045
2046
2053
2055
2056
2057
2059
2060
2063
2068
2070
2071
2073
2074
2079
2080
2083
2084
2086
2087
2088
2089
2090
2091
2111
2115
2129
2141
2144
2146
2147
2148
2160
2166
2172
2179
2185
2188
2190
2195
2197
2199
2202
2204
2205
2206
2211
2214
2217
2221
2222
2224
2227
2228
2232
2233
2234
2235
2237
2239
2240
2243
2244
2251
2254
2255
2257
2261
2262
2265
2267
2268
2269
2270
2271
2272
2273
2274
2277
2283
2285
2286
2287
2290
2292
2337
2343
2344
2357
2366
2368
2369
2370
2374
2375
2377
2378
2379
2381
2389
2395
2396
2399
2401
2405
2407
2408
2415
2416
2418
2423
2424
2427
2434
2439
2440
2444
2468
2480
2499
2500
2501
2504
2505
2506
2507
2517
2519
2520
2522
2528
2529
2533
2535
2542
2543
2544
2545
2563
2569
2572
2578
2585
2587
2590
2599
2608
2623
2624
2625
2626
2627
2638
2647
2649
2655
2660
2665
2680
2681
2689
2690
2691
2692
2701
2702
2705
2707
2709
2713
2715
2719
2720
2722
2723
2724
2725
2733
2735
2736
2739
2742
2749
2750
2759
2763
2764
2776
2777
2782
2788
2790
2792
2793
2802
2803
2806
2807
2809
2811
2812
2813
2817
2818
2825
2826
2828
2830
2834
2839
2845
2846
2847
2848
2852
2855
2856
2868
2872
2880
2881
2884
2885
2889
2895
2898
2899
2902
2905
2908
2909
2916
2923
2928
2929
2933
2936
2938
2940
2941
2942
2944
2946
2947
2949
2957
2958
2959
2960
2968
2974
2976
2977
2978
2980
2981
2991
2994
2997
2998
3003
3007
3008
3014
3015
3028
3036
3037
3043
3048
3053
3054
3056
3070
3087
3088
3094
3096
3097
3100
3101
3103
3110
3111
3112
3113
3114
3115
3116
3118
3119
3122
3123
3125
3126
3129
3131
3132
3136
3139
3141
3147
3148
3155
3160
3167
3172
3179
3186
3187
3189
3194
3195
3197
3199
3202
3205
3208
3210
3211
3213
3215
3218
3219
3220
3221
3222
3223
3229
3231
3234
3235
3236
3237
3238
3239
3246
3247
3249
3251
3252
3254
3259
3262
3264
3266
3273
3274
3275
3276
3277
3280
3288
3290
3304
3308
3316
3320
3321
3322
3325
3326
3329
3331
3332
3334
3335
3341
3344
3348
3351
3374
3375
3378
3386
3389
3390
3392
3394
3395
3396
3397
3400
3403
3405
3407
3408
3411
3412
3413
3415
3422
3426
3439
3442
3460
3471
3492
3510
3512
3518
3519
3520
3521
3528
3531
3534
3536
3537
3555
3556
3557
3558
3561
3562
3563
3566
3570
3572
3573
3574
3575
3577
3580
3581
3582
3585
3588
3589
3591
3593
3594
3595
3598
3600
3601
3607
3608
3609
3610
3611
3612
3614
3615
3616
3617
3619
3621
3623
3628
3633
3635
3642
3646
3647
3648
3649
3651
3652
3654
3655
3659
3661
3664
3668
3670
3671
3674
3675
3676
3677
3679
3683
3684
3685
3686
3689
3696
3698
3705
3706
3708
3717
3723
3727
3732
3736
3739
3741
3743
3745
3755
3757
3758
3759
3762
3763
3772
3773
3777
3779
3784
3786
3787
3789
3790
3791
3792
3795
3796
3797
3799
3800
3801
3802
3803
3808
3820
3822
3823
3824
3825
3826
3827
3832
3833
3836
3837
3840
3841
3845
3849
3850
3855
3856
3858
3859
3861
3869
3877
3878
3885
3886
3930
3938
3940
6461
7038
