6.119 3.162 0.000 0.000 0.000 1.000 1.000
2.453 0.000 0.000 0.000 0.000 0.000 1.000
0.853 0.000 0.000 0.000 0.000 0.000 1.000
1.670 0.000 0.000 1.049 0.000 0.000 1.000
3.007 0.000 0.000 0.000 0.000 0.000 1.000
0.000 0.000 0.000 0.000 0.000 0.000 1.000
6.990 5.685 0.000 13.698 0.000 1.000 1.000
0.000 0.000 0.000 0.000 0.000 0.000 1.000
0.000 0.000 0.000 0.000 0.000 0.000 1.000
3.807 1.674 0.000 9.993 0.000 1.000 1.000
0.000 0.000 0.000 0.000 0.000 0.000 1.000
0.000 0.000 0.000 0.000 0.000 0.000 1.000
0.000 0.000 0.000 0.000 0.000 0.000 1.000
0.000 0.000 0.000 0.000 0.000 0.000 1.000
2.267 7.147 0.000 0.000 0.000 1.000 1.000
2.893 0.000 0.000 0.000 0.000 0.000 1.000
0.000 0.000 0.000 0.000 0.000 0.000 1.000
0.000 0.000 0.000 0.000 0.000 0.000 1.000
0.000 0.000 0.000 0.000 0.000 0.000 1.000
0.000 0.000 0.000 0.000 0.000 0.000 1.000
0.000 0.000 0.000 0.000 0.000 0.000 1.000
0.000 0.000 0.000 0.000 0.000 0.000 1.000
0.000 0.000 0.000 0.000 0.000 0.000 1.000
4.101 3.492 0.000 0.000 0.000 1.000 1.000
1.504 0.000 0.000 0.000 0.000 0.000 1.000
0.000 0.000 0.000 0.000 0.000 0.000 1.000
8.270 3.518 0.000 4.988 0.000 1.000 1.000
0.000 0.000 0.000 0.000 0.000 0.000 1.000
7.542 0.000 0.000 0.000 0.000 1.000 1.000
2.727 0.000 0.000 0.000 0.000 0.000 1.000
0.000 0.000 0.000 0.000 0.000 0.000 1.000
0.000 0.000 0.000 0.000 0.000 0.000 1.000
0.000 0.000 0.000 0.000 0.000 0.000 1.000
0.000 0.000 0.000 0.000 0.000 0.000 1.000
0.000 0.000 0.000 0.000 0.000 0.000 1.000
2.122 18.504 0.000 0.000 0.000 1.000 1.000
16.607 3.264 0.000 21.913 0.000 1.000 1.000
0.000 0.000 0.000 0.000 0.000 0.000 1.000
0.000 0.000 0.000 0.000 0.000 0.000 1.000
0.000 0.000 0.000 0.000 0.000 0.000 1.000
0.000 0.000 0.000 0.000 0.000 0.000 1.000
4.641 1.899 0.000 9.080 4.822 1.000 1.000
0.000 0.000 0.000 4.379 0.566 0.000 1.000
0.000 0.000 0.000 0.000 0.000 0.000 1.000
0.000 0.000 0.000 0.000 0.000 0.000 1.000
6.450 0.000 0.000 0.000 0.000 1.000 1.000
8.984 0.000 0.000 4.060 0.000 1.000 1.000
0.000 0.000 0.000 0.000 0.048 0.000 1.000
12.519 6.641 0.000 32.594 0.000 1.000 1.000
14.321 0.000 0.000 0.206 0.000 1.000 1.000
5.188 5.685 0.000 31.202 0.000 1.000 1.000
0.000 0.000 0.000 0.000 0.000 0.000 1.000
0.000 0.000 0.000 0.000 0.000 0.000 1.000
7.594 1.218 0.000 13.026 0.000 1.000 1.000
0.000 0.000 0.000 0.000 0.000 0.000 1.000
0.000 0.000 0.000 0.000 0.000 0.000 1.000
7.168 7.336 0.000 4.937 0.000 1.000 1.000
0.000 0.000 0.000 0.000 1.793 0.000 1.000
4.297 0.000 0.000 0.000 0.000 0.000 1.000
0.000 0.000 0.000 0.000 0.000 0.000 1.000
0.000 0.000 0.000 0.000 0.000 0.000 1.000
3.688 6.397 0.000 24.806 0.000 1.000 1.000
0.000 0.000 0.000 0.000 0.000 0.000 1.000
2.536 0.000 0.000 0.000 0.000 0.000 1.000
0.199 0.000 0.000 0.000 0.000 0.000 1.000
0.000 0.000 0.000 0.000 0.000 0.000 1.000
3.559 0.000 0.000 2.644 0.000 0.000 1.000
4.068 0.000 0.000 2.417 0.000 0.000 1.000
0.000 0.000 0.000 0.000 0.000 0.000 1.000
7.639 3.609 0.000 3.702 0.000 1.000 1.000
3.472 0.000 0.000 0.000 0.000 0.000 1.000
0.000 0.000 0.000 0.000 0.000 0.000 1.000
5.023 0.000 0.000 0.000 2.718 1.000 1.000
4.946 0.000 0.000 0.000 0.000 0.000 1.000
3.310 0.000 0.000 0.000 0.000 0.000 1.000
0.000 0.000 0.000 0.000 0.000 0.000 1.000
0.000 0.000 2.987 0.000 0.000 0.000 1.000
0.000 0.000 0.000 0.000 0.000 0.000 1.000
7.411 0.000 0.000 3.677 0.000 1.000 1.000
2.846 6.070 0.000 4.703 0.000 1.000 1.000
9.558 2.481 0.000 0.000 0.000 1.000 1.000
0.000 0.000 0.000 0.000 0.000 0.000 1.000
0.000 0.000 0.000 3.389 0.000 0.000 1.000
0.000 0.000 0.000 0.000 0.000 0.000 1.000
0.980 0.000 0.000 0.000 0.000 0.000 1.000
0.000 0.000 0.000 0.000 0.000 0.000 1.000
0.000 0.000 0.000 0.000 0.000 0.000 1.000
12.200 10.700 0.000 10.632 0.000 1.000 1.000
0.000 0.000 0.000 0.000 0.000 0.000 1.000
7.038 5.112 0.000 0.000 0.000 1.000 1.000
0.000 0.000 0.000 0.000 0.000 0.000 1.000
9.230 10.194 0.000 9.446 0.000 1.000 1.000
4.731 0.000 0.000 0.000 0.000 0.000 1.000
3.431 0.000 0.000 0.000 0.000 0.000 1.000
0.000 0.000 0.000 0.000 0.000 0.000 1.000
6.489 3.998 0.000 6.290 0.000 1.000 1.000
2.761 0.000 0.000 0.000 0.000 0.000 1.000
4.975 0.000 0.000 0.000 0.000 0.000 1.000
0.000 0.000 0.000 0.000 3.268 0.000 1.000
6.001 0.000 0.000 0.000 0.000 1.000 1.000
14.249 5.999 0.000 6.552 0.000 1.000 1.000
0.000 0.000 0.000 0.000 0.000 0.000 1.000
5.328 4.391 0.000 0.000 0.000 1.000 1.000
4.349 2.154 0.000 5.099 5.879 1.000 1.000
3.649 0.000 0.000 2.469 1.389 0.000 1.000
4.000 8.830 0.000 47.007 1.085 1.000 1.000
0.000 0.000 0.000 0.000 3.343 0.000 1.000
8.477 0.000 0.000 4.921 0.000 1.000 1.000
0.000 12.083 0.000 11.533 0.000 1.000 1.000
4.308 0.000 0.000 0.000 0.000 0.000 1.000
2.323 0.000 0.000 0.000 0.000 0.000 1.000
14.428 9.193 0.000 0.000 0.000 1.000 1.000
5.369 3.868 0.000 3.794 0.000 1.000 1.000
5.229 1.027 0.000 4.216 0.000 1.000 1.000
0.000 0.000 0.000 0.000 0.000 0.000 1.000
7.239 7.569 0.000 6.070 0.000 1.000 1.000
2.647 0.000 0.000 0.000 0.000 0.000 1.000
0.000 0.000 0.000 0.000 0.000 0.000 1.000
16.397 10.561 0.000 9.635 0.000 1.000 1.000
14.261 0.000 0.000 0.000 0.000 1.000 1.000
13.086 0.000 0.000 0.000 0.000 1.000 1.000
9.225 7.087 0.000 2.989 0.000 1.000 1.000
4.692 0.000 0.000 0.000 0.000 0.000 1.000
4.426 10.394 0.000 49.882 0.000 1.000 1.000
8.295 4.067 0.000 4.803 0.000 1.000 1.000
6.433 0.000 0.000 0.000 2.430 1.000 1.000
3.167 3.432 0.000 6.379 2.879 1.000 1.000
7.919 12.367 0.000 35.300 0.000 1.000 1.000
4.460 8.009 0.000 0.000 0.000 1.000 1.000
2.335 2.735 0.000 0.000 0.000 0.000 1.000
0.000 0.000 0.000 0.000 0.000 0.000 1.000
0.000 0.000 0.000 0.000 0.000 0.000 1.000
3.000 0.000 0.000 0.000 2.961 0.000 1.000
9.624 4.067 0.000 0.000 0.000 1.000 1.000
2.996 0.000 0.000 3.892 0.000 0.000 1.000
0.566 0.000 0.000 4.764 0.000 0.000 1.000
0.531 0.000 0.000 0.000 0.000 0.000 1.000
0.000 0.000 0.000 0.000 0.000 0.000 1.000
0.000 0.000 0.000 0.000 0.000 0.000 1.000
0.000 0.000 0.000 0.000 0.000 0.000 1.000
3.017 11.253 0.000 14.040 0.000 1.000 1.000
0.000 0.000 0.000 0.000 0.000 0.000 1.000
6.110 4.611 0.000 5.950 0.000 1.000 1.000
10.773 6.213 0.000 25.395 0.000 1.000 1.000
6.939 8.287 0.000 14.540 0.000 1.000 1.000
0.000 0.000 0.000 0.000 0.000 0.000 1.000
0.000 10.975 0.000 5.681 0.000 1.000 1.000
0.000 0.000 0.000 0.000 0.000 0.000 1.000
0.000 0.000 0.000 0.000 0.000 0.000 1.000
3.128 0.000 0.000 0.000 0.000 0.000 1.000
3.592 0.000 0.000 2.779 0.000 0.000 1.000
4.773 5.942 0.000 3.721 0.000 1.000 1.000
7.676 5.987 0.000 18.407 0.000 1.000 1.000
3.224 0.000 0.000 0.000 0.000 0.000 1.000
0.000 0.000 2.191 0.000 0.000 0.000 1.000
0.000 0.000 0.000 0.000 0.000 0.000 1.000
0.000 0.000 0.000 0.000 0.000 0.000 1.000
0.000 0.000 0.000 0.000 0.000 0.000 1.000
0.000 0.000 0.000 0.000 0.000 0.000 1.000
0.000 0.000 0.000 0.000 0.000 0.000 1.000
0.000 0.000 0.000 0.000 0.000 0.000 1.000
0.000 0.000 0.000 0.000 0.000 0.000 1.000
0.000 0.000 0.000 0.000 0.000 0.000 1.000
0.000 0.000 5.241 0.000 0.803 0.000 1.000
0.000 0.000 1.714 0.000 0.000 0.000 1.000
0.000 0.000 0.000 0.000 0.000 0.000 1.000
5.242 0.000 0.000 0.000 0.000 0.000 1.000
0.000 0.000 0.000 0.000 0.000 0.000 1.000
0.000 0.000 0.000 0.000 0.000 0.000 1.000
4.044 0.000 0.000 0.000 0.000 0.000 1.000
8.904 0.000 0.000 13.126 0.000 1.000 1.000
0.000 0.000 0.000 0.000 0.000 0.000 1.000
7.106 3.179 0.000 0.000 0.000 1.000 1.000
0.000 0.000 4.769 0.000 0.000 0.000 1.000
0.000 0.000 0.000 0.000 0.000 0.000 1.000
0.000 0.000 3.167 0.000 0.000 0.000 1.000
7.815 0.000 0.000 0.000 0.000 1.000 1.000
3.253 0.000 0.000 0.000 2.958 0.000 1.000
0.000 0.000 0.000 2.794 0.000 0.000 1.000
0.000 0.000 0.000 0.000 2.006 0.000 1.000
7.205 0.000 0.000 0.000 0.000 1.000 1.000
0.000 0.000 0.000 0.000 0.000 0.000 1.000
5.598 0.000 2.669 8.549 3.442 1.000 1.000
3.023 0.000 0.000 0.000 0.000 0.000 1.000
10.890 7.062 0.000 45.627 0.000 1.000 1.000
0.000 0.000 0.000 0.000 0.000 0.000 1.000
5.182 9.784 0.000 0.000 0.000 1.000 1.000
0.000 0.000 0.000 0.000 3.216 0.000 1.000
0.000 0.000 1.866 0.000 4.861 0.000 1.000
0.000 0.000 0.000 0.000 0.000 0.000 1.000
0.000 0.000 0.000 0.000 0.000 0.000 1.000
0.000 0.000 0.000 0.000 0.000 0.000 1.000
3.377 0.000 0.000 0.000 0.000 0.000 1.000
0.238 0.000 0.000 0.000 0.000 0.000 1.000
0.000 0.000 0.000 0.000 0.000 0.000 1.000
0.000 0.000 0.000 0.000 0.000 0.000 1.000
0.000 0.000 0.000 0.000 0.000 0.000 1.000
6.493 5.141 0.000 4.725 0.000 1.000 1.000
2.475 11.584 0.000 13.821 0.000 1.000 1.000
0.000 0.000 0.000 0.000 0.000 0.000 1.000
0.000 0.000 0.000 0.000 1.430 0.000 1.000
6.307 0.000 0.000 0.000 0.000 1.000 1.000
4.786 0.000 0.000 0.000 0.000 0.000 1.000
5.530 0.000 0.000 0.000 0.000 1.000 1.000
2.135 0.000 0.000 0.000 0.000 0.000 1.000
4.102 0.000 0.000 0.000 3.531 0.000 1.000
0.000 0.000 0.000 0.000 1.406 0.000 1.000
0.000 0.000 0.000 0.000 0.000 0.000 1.000
0.000 0.000 0.000 0.000 0.000 0.000 1.000
0.000 0.000 0.000 0.000 0.000 0.000 1.000
0.000 0.000 0.000 0.000 0.000 0.000 1.000
0.000 0.000 0.000 0.000 0.000 0.000 1.000
2.806 0.000 0.000 0.000 0.000 0.000 1.000
0.000 0.000 0.000 0.000 0.000 0.000 1.000
0.000 0.000 0.000 0.000 0.000 0.000 1.000
0.000 0.000 0.000 0.000 0.000 0.000 1.000
6.931 0.000 0.000 2.529 0.000 1.000 1.000
3.622 5.644 0.000 0.000 0.000 1.000 1.000
0.000 0.000 0.000 0.000 0.000 0.000 1.000
0.000 0.000 0.000 0.000 0.000 0.000 1.000
0.000 0.000 0.000 0.000 0.000 0.000 1.000
0.000 0.000 0.000 0.000 0.000 0.000 1.000
5.452 0.000 0.000 0.000 0.000 1.000 1.000
0.000 0.000 0.000 0.000 0.000 0.000 1.000
3.621 0.000 0.000 0.000 0.000 0.000 1.000
9.975 4.241 0.000 4.519 0.000 1.000 1.000
0.817 0.000 0.000 0.000 0.000 0.000 1.000
0.000 0.000 0.000 0.000 0.000 0.000 1.000
0.000 0.000 0.000 0.000 0.000 0.000 1.000
0.000 0.000 0.000 0.000 3.697 0.000 1.000
0.000 0.000 0.000 0.000 0.000 0.000 1.000
0.000 0.000 0.000 0.000 0.000 0.000 1.000
0.000 0.000 0.000 0.000 0.000 0.000 1.000
4.965 4.490 0.000 0.000 0.000 1.000 1.000
0.000 0.000 0.000 0.000 0.000 0.000 1.000
2.525 7.900 0.000 2.336 0.000 1.000 1.000
3.879 0.000 0.000 0.000 0.000 0.000 1.000
10.613 0.000 0.000 3.323 0.000 1.000 1.000
3.386 8.184 0.000 28.072 0.000 1.000 1.000
13.882 2.529 0.000 16.730 0.000 1.000 1.000
2.784 0.000 0.000 2.996 0.000 0.000 1.000
0.000 0.000 0.000 0.000 0.000 0.000 1.000
0.000 0.000 0.000 0.000 0.000 0.000 1.000
0.000 0.000 0.000 0.000 0.000 0.000 1.000
1.536 0.000 0.000 0.000 0.000 0.000 1.000
0.000 0.000 0.000 0.000 0.000 0.000 1.000
0.000 0.000 0.000 0.000 0.000 0.000 1.000
3.362 0.000 0.000 0.000 0.000 0.000 1.000
4.732 0.000 0.000 4.142 0.000 0.000 1.000
3.069 0.000 0.000 0.000 0.299 0.000 1.000
0.000 0.000 0.000 0.000 0.000 0.000 1.000
0.000 0.000 0.000 0.000 3.631 0.000 1.000
0.000 0.000 0.000 0.000 0.000 0.000 1.000
0.000 0.000 0.000 3.870 0.000 0.000 1.000
0.000 0.000 0.000 0.000 0.000 0.000 1.000
0.000 0.000 0.000 0.000 0.000 0.000 1.000
0.000 0.000 0.000 0.000 0.000 0.000 1.000
11.686 0.000 0.000 12.553 1.501 1.000 1.000
3.167 0.000 0.000 4.393 4.269 0.000 1.000
4.013 0.000 0.000 0.000 6.804 0.000 1.000
0.000 0.000 0.000 0.000 0.000 0.000 1.000
0.000 0.000 0.000 0.000 0.000 0.000 1.000
2.346 0.000 0.000 0.000 0.000 0.000 1.000
0.000 0.000 0.000 0.000 0.000 0.000 1.000
0.000 0.000 0.000 0.000 0.000 0.000 1.000
0.000 0.000 0.000 0.000 0.000 0.000 1.000
0.000 0.000 0.000 0.000 0.000 0.000 1.000
0.000 0.000 0.000 0.000 0.000 0.000 1.000
0.000 0.000 0.000 0.000 0.000 0.000 1.000
0.000 0.000 0.000 0.000 0.000 0.000 1.000
0.000 0.000 0.000 0.000 0.000 0.000 1.000
0.000 0.000 0.000 0.000 0.000 0.000 1.000
0.000 0.000 0.000 0.000 0.000 0.000 1.000
10.321 0.000 0.000 6.166 0.000 1.000 1.000
2.952 0.000 0.000 8.115 0.000 0.000 1.000
0.000 0.000 0.000 0.000 0.000 0.000 1.000
0.000 0.000 0.000 0.000 0.000 0.000 1.000
2.182 0.000 0.000 0.000 0.000 0.000 1.000
0.000 0.000 0.000 0.000 0.000 0.000 1.000
4.008 3.199 0.000 0.000 0.000 1.000 1.000
0.000 0.000 0.000 0.000 0.000 0.000 1.000
2.239 0.000 0.000 6.128 0.000 0.000 1.000
13.717 3.530 0.000 7.129 0.000 1.000 1.000
10.012 0.000 0.000 3.583 0.000 1.000 1.000
0.000 0.000 0.000 0.000 0.000 0.000 1.000
7.529 6.004 0.000 10.065 0.000 1.000 1.000
0.000 0.000 0.000 0.000 0.000 0.000 1.000
0.000 0.000 0.000 0.000 0.000 0.000 1.000
8.198 0.000 0.000 6.383 0.000 1.000 1.000
7.621 4.760 0.000 12.754 0.000 1.000 1.000
0.000 0.000 0.000 0.000 0.000 0.000 1.000
5.790 1.803 0.000 9.744 0.000 1.000 1.000
0.000 0.000 0.000 0.000 0.000 0.000 1.000
0.000 0.000 0.000 0.000 0.000 0.000 1.000
0.000 0.000 0.000 0.000 0.000 0.000 1.000
10.260 0.000 0.000 16.023 0.000 1.000 1.000
0.000 0.000 4.313 0.000 0.000 0.000 1.000
5.305 3.162 0.000 0.000 0.000 1.000 1.000
0.000 0.000 0.000 0.000 0.000 0.000 1.000
0.000 0.000 0.000 0.000 0.000 0.000 1.000
0.000 0.000 0.000 0.000 0.000 0.000 1.000
0.000 0.000 0.000 0.000 0.000 0.000 1.000
0.000 0.000 0.000 0.000 0.000 0.000 1.000
0.000 0.000 0.000 0.000 0.000 0.000 1.000
0.000 0.000 0.000 0.000 0.000 0.000 1.000
4.952 3.388 0.000 0.000 0.000 1.000 1.000
0.000 0.000 0.000 0.000 0.000 0.000 1.000
0.000 0.000 0.000 0.000 0.000 0.000 1.000
0.000 0.000 2.508 0.000 0.000 0.000 1.000
6.813 0.000 0.000 0.000 0.000 1.000 1.000
0.000 0.000 0.000 0.000 0.000 0.000 1.000
0.000 0.000 1.685 0.000 0.000 0.000 1.000
0.000 0.000 0.000 0.000 0.000 0.000 1.000
0.000 0.000 0.000 0.000 0.000 0.000 1.000
3.238 0.000 0.000 0.000 0.000 0.000 1.000
0.000 0.000 5.019 0.000 0.000 0.000 1.000
0.000 0.000 4.122 0.000 0.000 0.000 1.000
5.382 0.000 0.000 0.000 0.000 1.000 1.000
0.000 0.000 0.000 0.000 0.000 0.000 1.000
0.000 0.000 0.000 0.000 0.000 0.000 1.000
0.000 0.000 0.000 0.000 0.000 0.000 1.000
0.000 0.000 3.626 0.000 0.000 0.000 1.000
0.000 0.000 0.000 0.000 0.000 0.000 1.000
0.000 0.000 0.000 0.000 0.000 0.000 1.000
10.917 0.000 4.306 15.236 0.000 1.000 1.000
0.000 0.000 0.000 0.000 0.000 0.000 1.000
0.000 0.000 0.000 0.000 0.000 0.000 1.000
0.000 0.000 0.000 0.000 0.000 0.000 1.000
0.000 0.000 0.000 0.000 0.000 0.000 1.000
0.000 0.000 0.000 0.000 0.000 0.000 1.000
0.000 0.000 0.000 0.000 0.000 0.000 1.000
0.000 0.000 0.000 0.000 0.000 0.000 1.000
0.000 0.000 0.000 0.000 0.000 0.000 1.000
0.344 3.605 0.000 2.021 0.000 0.000 1.000
0.000 0.000 0.000 0.000 0.000 0.000 1.000
2.250 0.000 0.000 7.894 0.000 0.000 1.000
0.000 0.000 2.219 0.000 0.000 0.000 1.000
2.202 0.000 0.000 0.000 0.000 0.000 1.000
0.000 0.000 0.000 0.000 0.000 0.000 1.000
0.000 0.000 0.000 0.000 0.000 0.000 1.000
0.000 0.000 0.000 0.000 0.000 0.000 1.000
0.000 0.000 0.000 0.000 0.000 0.000 1.000
6.827 3.870 0.000 0.000 0.000 1.000 1.000
0.519 0.000 0.000 4.207 0.000 0.000 1.000
0.000 0.000 0.000 0.000 0.000 0.000 1.000
0.000 0.000 0.000 0.000 0.000 0.000 1.000
0.000 0.000 0.000 0.000 0.000 0.000 1.000
0.000 0.000 0.000 0.000 0.000 0.000 1.000
0.000 0.000 0.000 0.000 0.000 0.000 1.000
0.000 0.000 0.000 0.000 0.000 0.000 1.000
3.045 0.000 1.580 0.000 0.000 0.000 1.000
0.000 0.000 4.769 0.000 0.000 0.000 1.000
0.000 0.000 3.145 0.000 0.000 0.000 1.000
0.000 0.000 0.000 0.000 0.000 0.000 1.000
0.000 0.000 3.541 0.000 0.000 0.000 1.000
0.000 0.000 0.000 0.000 0.000 0.000 1.000
0.000 0.000 0.000 0.000 0.000 0.000 1.000
0.000 0.000 0.000 0.000 0.000 0.000 1.000
0.000 0.000 0.000 0.000 0.000 0.000 1.000
0.000 0.000 0.000 0.000 0.000 0.000 1.000
0.000 0.000 0.000 0.000 0.000 0.000 1.000
0.000 0.000 0.000 0.000 0.000 0.000 1.000
0.000 0.000 6.447 0.000 0.000 0.000 1.000
0.000 0.000 0.000 0.000 0.000 0.000 1.000
0.000 0.000 0.000 0.000 0.000 0.000 1.000
0.000 0.000 0.000 0.000 0.000 0.000 1.000
0.000 0.000 2.890 0.000 0.000 0.000 1.000
0.000 0.000 4.537 0.000 0.000 0.000 1.000
0.000 0.000 0.000 0.000 0.000 0.000 1.000
0.000 0.000 0.000 0.000 0.000 0.000 1.000
0.000 0.000 0.000 0.000 0.000 0.000 1.000
0.000 0.000 0.000 0.000 0.000 0.000 1.000
4.965 4.490 0.000 0.000 0.000 1.000 1.000
0.000 0.000 0.000 0.000 0.000 0.000 1.000
0.000 0.000 0.000 0.000 0.000 0.000 1.000
0.000 0.000 0.000 0.000 0.000 0.000 1.000
10.264 3.847 0.000 13.169 0.000 1.000 1.000
0.658 0.000 0.000 0.430 0.000 0.000 1.000
2.149 0.000 0.000 0.000 0.000 0.000 1.000
0.000 0.000 1.842 0.000 0.000 0.000 1.000
1.897 0.000 2.658 3.565 0.000 0.000 1.000
0.000 0.000 0.000 0.000 0.000 0.000 1.000
0.000 0.000 0.000 0.000 0.000 0.000 1.000
0.000 0.000 0.000 0.000 3.631 0.000 1.000
0.000 0.000 0.000 0.000 0.000 0.000 1.000
0.000 0.000 0.000 0.000 0.000 0.000 1.000
0.000 0.000 0.000 0.000 0.000 0.000 1.000
0.000 0.000 0.000 0.000 0.000 0.000 1.000
0.000 0.000 0.000 0.000 0.000 0.000 1.000
0.000 0.000 0.000 0.000 0.000 0.000 1.000
0.000 0.000 0.000 0.000 0.000 0.000 1.000
0.000 0.000 7.181 0.000 0.000 0.000 1.000
0.000 0.000 8.903 0.000 0.000 0.000 1.000
2.182 0.000 0.000 0.000 0.000 0.000 1.000
0.000 0.000 0.000 0.000 0.000 0.000 1.000
0.000 0.000 5.766 0.000 0.000 0.000 1.000
0.000 0.000 4.006 0.000 0.000 0.000 1.000
0.000 0.000 0.000 0.000 0.000 0.000 1.000
0.000 0.000 0.000 0.000 3.631 0.000 1.000
0.000 0.000 2.452 0.000 0.000 0.000 1.000
0.000 0.000 0.000 0.000 0.000 0.000 1.000
0.000 0.000 0.000 0.000 0.000 0.000 1.000
0.000 0.000 5.414 0.000 0.000 0.000 1.000
0.000 0.000 0.000 0.000 0.000 0.000 1.000
0.000 0.000 0.000 0.000 0.000 0.000 1.000
0.000 0.000 0.000 0.000 0.000 0.000 1.000
5.173 2.711 0.000 0.000 0.000 1.000 1.000
0.000 0.000 0.000 0.000 0.000 0.000 1.000
2.457 0.000 0.000 0.000 0.000 0.000 1.000
0.000 0.000 0.000 0.000 0.652 0.000 1.000
0.000 0.000 0.000 0.000 0.000 0.000 1.000
16.860 0.000 0.000 49.037 0.000 1.000 1.000
4.611 2.461 0.000 7.068 0.000 1.000 1.000
4.913 0.000 0.000 5.749 0.000 1.000 1.000
0.000 0.000 0.000 0.000 0.000 0.000 1.000
0.000 0.000 0.000 0.000 0.000 0.000 1.000
3.648 0.000 0.000 0.000 0.000 0.000 1.000
4.721 4.391 0.000 0.000 0.000 1.000 1.000
0.000 0.000 0.000 0.000 0.000 0.000 1.000
0.000 0.000 0.000 0.000 0.000 0.000 1.000
0.000 0.000 0.000 0.000 0.000 0.000 1.000
3.031 0.029 0.000 2.788 0.000 0.000 1.000
0.000 0.000 0.000 0.000 0.000 0.000 1.000
0.000 0.000 0.000 0.000 0.000 0.000 1.000
0.000 0.000 0.000 0.000 5.447 0.000 1.000
0.000 0.000 0.000 0.000 2.077 0.000 1.000
0.000 0.000 0.000 0.000 1.989 0.000 1.000
0.000 0.000 0.000 0.000 2.544 0.000 1.000
2.366 0.000 0.000 0.000 0.000 0.000 1.000
0.000 0.000 0.000 0.000 0.000 0.000 1.000
6.756 0.000 0.000 8.497 0.000 1.000 1.000
0.000 0.000 0.000 0.000 0.000 0.000 1.000
0.673 0.000 0.805 0.000 2.052 0.000 1.000
0.000 0.000 0.000 0.000 0.000 0.000 1.000
0.981 0.000 0.000 0.000 0.000 0.000 1.000
9.930 6.030 0.000 4.624 0.000 1.000 1.000
8.313 0.000 0.000 4.059 0.000 1.000 1.000
0.000 0.000 0.000 0.000 0.000 0.000 1.000
0.000 0.000 0.000 0.000 0.000 0.000 1.000
0.000 0.000 0.000 0.000 0.000 0.000 1.000
0.000 0.000 0.000 0.000 2.223 0.000 1.000
0.173 0.000 0.000 0.000 0.000 0.000 1.000
