320
564
757
532
270
680
237
702
305
716
376
307
348
300
385
467
308
508
630
747
1029
282
516
432
1511
563
335
516
601
469
299
2693
1501
444
264
636
434
737
409
712
1350
453
1890
550
476
790
929
525
2829
367
1492
761
624
305
403
454
1184
475
431
484
384
417
299
1267
326
415
713
829
406
3812
549
1435
878
449
667
569
429
1443
351
894
243
332
430
331
461
256
382
715
552
655
747
446
1204
478
1397
755
464
296
211
679
579
297
282
616
343
464
433
897
855
340
424
449
1082
510
1098
309
452
992
227
648
488
722
821
320
605
439
505
378
471
328
552
345
418
554
266
400
381
611
980
651
422
556
840
787
619
311
381
439
627
861
447
455
236
374
661
468
944
590
601
1229
416
1033
331
286
308
273
831
492
451
507
663
403
528
939
339
464
571
267
463
1246
906
561
320
459
550
599
646
575
717
490
291
462
579
988
514
480
634
323
332
956
415
800
334
334
298
365
574
436
285
578
287
752
362
684
700
1411
451
617
803
438
660
306
834
1202
705
259
375
342
337
211
348
519
806
580
509
1022
377
235
669
311
817
427
440
282
557
673
289
486
258
762
609
863
1004
300
454
405
941
708
991
597
740
292
652
225
242
595
258
315
428
299
380
671
537
268
261
916
826
560
453
538
814
972
572
488
543
733
818
326
546
559
331
387
754
673
1195
682
391
502
325
827
1090
387
282
607
455
364
1415
992
657
849
551
567
1207
405
528
1013
732
431
787
673
425
786
364
938
274
600
383
377
389
386
444
407
386
981
525
205
268
581
336
499
692
279
1096
474
501
337
287
430
419
352
915
336
501
345
684
549
751
738
381
412
761
382
371
842
270
418
298
287
610
692
415
895
282
487
756
752
692
513
307
586
902
424
292
440
244
417
505
574
317
1747
1448
1427
457
433
337
298
1183
914
523
1006
1015
690
240
463
1381
888
2025
322
713
447
1317
830
1492
3291
1111
812
757
935
840
2314
991
648
636
1314
627
401
926
254
264
283
845
943
518
619
417
941
817
436
438
547
377
281
246
785
382
865
414
386
836
687
945
644
372
390
734
401
381
369
325
675
944
470
812
226
382
1457
295
664
1098
1955
557
403
263
754
376
225
674
430
1109
1387
643
455
693
396
274
660
886
1575
1128
414
786
634
1274
684
1690
826
565
658
542
539
1392
1485
391
429
743
658
303
489
268
448
649
1521
1476
351
416
472
281
257
289
575
802
754
618
515
427
319
236
508
545
506
575
545
599
389
1161
596
454
551
880
406
542
292
343
248
646
388
417
767
530
300
513
463
339
305
621
500
347
1013
460
646
404
296
1033
1285
863
563
379
642
432
442
541
1778
887
432
532
620
327
525
311
354
259
1103
282
1251
966
287
743
887
381
587
617
1616
359
616
564
1213
483
2238
621
1675
2798
914
423
531
1431
502
348
685
6043
775
1700
326
378
357
279
641
611
824
413
345
803
593
326
243
910
712
519
612
924
416
329
701
220
905
570
2639
292
398
649
615
1921
2413
2597
257
423
390
638
478
477
2191
410
1056
1320
981
332
518
350
1029
1771
567
2316
831
749
2096
582
559
512
421
455
521
262
389
523
257
559
435
452
426
531
288
497
742
359
273
631
396
392
397
748
389
556
1214
451
407
594
1287
477
325
373
400
940
581
281
216
300
785
1222
511
259
754
773
297
557
402
521
628
447
503
900
1052
517
487
585
358
362
380
208
421
829
1245
463
339
485
723
462
317
391
826
461
300
1295
560
458
484
1267
578
1137
566
1057
978
458
593
324
544
656
1002
433
463
335
874
255
262
711
499
354
271
896
366
607
649
625
641
1006
582
511
300
846
912
464
648
342
571
432
336
887
324
289
483
227
542
488
868
632
348
392
837
745
923
854
485
499
394
351
442
629
516
786
640
259
596
1166
801
731
334
981
1566
695
368
395
326
770
390
448
627
221
526
803
1994
1764
260
723
1032
607
933
887
382
652
933
264
697
1278
345
497
564
1454
784
408
404
398
692
4507
650
628
699
314
257
327
689
381
751
309
657
337
575
307
334
751
904
400
442
2092
607
309
521
411
255
1049
534
407
736
652
611
537
1090
1187
2270
764
288
558
208
359
454
433
450
287
364
222
378
233
346
237
824
517
499
267
571
687
739
905
352
756
889
700
235
736
292
562
518
1517
201
439
225
381
633
511
372
349
655
483
551
242
313
464
913
612
766
291
271
397
577
626
371
398
1388
864
604
912
496
658
1503
339
622
318
436
466
617
508
431
1114
391
1542
776
421
851
347
328
884
506
672
587
1871
642
675
873
424
1054
439
384
556
548
796
286
386
1361
381
256
384
344
567
1173
556
486
449
676
861
886
422
563
469
597
798
382
523
526
1005
524
713
468
475
951
951
429
1306
900
834
1268
474
434
734
388
961
295
813
445
290
1056
1463
503
333
2080
657
244
253
593
960
715
540
563
508
922
375
922
971
463
472
589
1064
596
466
341
703
714
885
345
372
703
346
698
1105
550
755
854
760
1136
527
1501
358
764
419
1570
268
601
821
443
634
411
1483
1942
274
508
662
860
822
1174
398
2152
552
1084
980
835
698
891
756
451
750
556
335
561
700
1335
997
636
573
408
360
331
283
549
624
300
358
558
559
305
381
447
400
670
333
525
1856
492
203
325
779
1090
434
936
286
546
575
461
334
388
402
256
1202
448
670
806
403
599
429
561
509
600
1935
234
1338
372
407
605
748
467
287
287
343
237
842
314
475
1350
559
373
1143
466
264
630
311
280
610
516
195
785
562
589
246
580
486
264
668
335
682
325
658
348
616
340
686
433
561
488
469
405
412
577
1432
495
626
294
299
1082
522
912
331
330
533
331
245
283
279
557
781
747
1038
788
296
658
762
773
456
517
694
506
882
758
489
730
674
986
410
491
589
782
525
1171
251
352
338
435
756
476
348
234
864
671
396
210
789
552
397
248
243
530
862
417
1216
742
396
395
371
761
254
688
699
726
483
297
1634
264
261
1192
458
407
316
342
699
546
1227
892
736
631
492
268
209
808
580
837
332
350
571
410
245
376
302
483
643
416
487
567
966
679
621
746
532
490
263
565
357
1147
332
266
1047
736
1248
1144
264
1133
660
609
353
539
342
439
292
368
516
322
388
272
562
403
267
298
686
261
883
621
329
439
589
463
770
259
1674
1092
1301
551
769
786
780
639
580
731
568
294
455
1470
374
926
398
647
1081
385
2021
507
710
475
750
606
995
682
784
1010
665
379
725
550
465
497
340
1145
937
769
1263
648
622
570
621
287
2008
594
872
770
655
416
509
920
1832
453
1923
388
1149
893
1113
512
333
485
1446
1599
1419
676
741
875
951
940
755
777
1771
675
761
2061
676
715
418
538
587
337
1034
458
365
468
361
475
608
838
379
493
1115
530
468
1092
1119
1291
372
1209
1415
992
908
984
1123
1170
474
360
421
400
585
413
1431
652
553
743
574
650
359
1133
397
293
424
332
664
652
1006
1227
329
619
1242
235
300
1176
1057
347
510
414
1077
833
686
2164
353
812
1887
1737
663
848
642
701
1070
589
1183
304
528
723
1225
260
409
511
795
445
338
854
470
253
1549
455
284
525
920
230
969
476
1504
300
471
496
898
345
486
554
696
331
632
284
717
344
840
767
1906
572
376
446
378
612
886
536
408
353
644
305
326
520
331
350
737
630
231
333
709
802
715
585
1065
396
293
463
250
812
381
772
870
366
489
667
326
501
899
392
451
362
278
705
253
731
418
925
723
907
499
866
550
513
647
709
249
334
535
222
465
343
557
266
317
529
574
296
759
389
660
642
246
327
430
326
349
592
1038
632
491
1397
1286
662
511
340
403
765
431
264
335
785
422
737
710
260
960
612
384
1213
362
731
351
1175
410
693
427
656
617
788
538
616
601
945
373
424
720
1039
256
581
263
348
505
347
293
359
391
694
325
355
326
373
431
418
397
488
717
503
458
568
449
683
334
263
660
438
375
491
275
1393
1332
1313
262
2929
4247
668
649
1030
1580
1530
295
1309
391
334
581
1096
255
260
323
278
277
369
484
337
691
625
1137
2788
489
592
1169
788
570
672
711
574
471
700
244
449
303
575
610
643
1775
2265
569
455
1171
4691
902
837
8628
1068
314
538
342
536
2058
1126
626
545
395
845
559
1716
745
570
254
2402
1292
238
1903
1348
417
899
949
1082
5731
641
778
1419
3546
1423
609
1570
359
669
905
742
924
795
2235
1267
437
1186
1574
525
5666
987
264
258
1407
583
420
1176
573
503
500
1285
1884
1216
1812
467
741
6305
362
353
1085
333
288
730
712
405
684
611
428
532
771
283
381
294
556
744
258
428
533
458
389
504
377
1073
551
456
853
1281
241
630
393
337
302
561
598
361
308
402
277
806
912
306
353
407
1024
273
609
606
445
661
561
640
295
732
623
690
1146
961
558
358
476
515
571
851
846
283
659
511
397
457
287
405
519
321
671
266
457
233
397
275
322
521
508
492
408
355
790
345
408
447
1174
341
436
581
307
610
366
410
358
359
386
343
357
459
387
462
531
283
495
792
207
278
247
499
365
284
392
359
728
583
984
834
1513
522
623
338
461
400
596
618
577
345
2137
426
545
940
249
262
322
727
605
709
604
508
987
464
346
696
358
393
359
423
295
264
661
1022
534
566
282
290
315
369
670
447
549
743
387
1104
470
414
796
303
422
406
443
659
315
704
504
316
328
387
814
656
742
537
351
1461
308
484
276
283
290
444
440
254
572
420
608
878
398
297
495
532
515
511
503
621
375
395
728
652
515
767
761
1552
329
1334
362
543
612
217
455
614
332
351
822
722
459
391
356
374
477
276
266
445
1286
387
586
264
396
727
648
510
523
1934
1197
453
1079
528
1367
1413
551
549
719
357
440
392
425
1226
469
663
588
427
340
494
470
1353
318
705
567
398
267
363
348
367
464
1065
511
430
238
519
365
459
550
1164
922
1101
341
752
354
226
597
342
425
475
326
652
409
368
551
597
528
577
439
295
411
488
435
419
438
689
510
864
382
399
864
660
709
352
532
368
561
656
453
372
889
693
390
313
682
387
746
726
517
300
1298
387
602
944
479
829
2452
383
553
1065
1083
1185
982
1528
1595
3041
879
554
994
493
261
647
328
294
318
415
519
935
349
226
492
400
1193
497
807
1219
403
671
453
756
603
264
387
1136
977
633
474
1008
601
370
641
340
585
328
448
620
767
525
532
710
1414
599
275
570
516
707
251
328
698
587
637
245
392
442
362
1191
513
615
775
694
288
288
1397
758
702
410
783
682
403
843
328
359
1179
336
981
438
505
1242
1196
790
385
1091
279
933
1231
580
462
446
498
374
576
804
574
628
729
300
974
471
689
768
1246
644
308
336
875
498
462
534
1463
543
452
442
561
730
638
387
851
712
1172
568
732
1072
536
371
348
677
314
445
530
655
298
679
907
416
748
483
539
346
807
201
724
283
1440
1223
520
1134
680
1093
895
399
616
499
345
262
301
699
1278
438
670
487
463
625
303
442
3380
382
313
1663
709
1007
535
929
496
2000
908
2825
1034
379
303
412
5550
1000
1697
1263
574
471
398
1115
227
356
533
496
405
763
792
1078
574
716
765
1339
1170
582
580
408
768
254
490
782
428
478
726
359
285
474
697
712
248
429
571
255
607
368
581
479
3459
555
719
391
1648
325
294
596
2132
1891
4695
1646
583
450
3623
465
690
576
1451
373
529
698
421
602
336
1019
551
335
700
1186
315
464
1683
3571
751
907
350
289
344
357
510
757
752
702
886
1096
443
590
355
413
1281
404
935
416
859
388
2623
261
450
1187
902
590
572
644
992
851
748
1122
492
314
636
353
510
638
465
974
895
367
469
719
546
1102
316
1622
231
676
453
385
402
250
383
668
598
587
281
288
286
524
480
411
332
451
364
250
658
570
790
430
520
410
298
344
272
549
527
680
743
377
334
254
360
229
853
395
348
671
557
702
782
260
892
609
372
834
317
354
336
394
866
652
1898
547
765
381
1323
5900
524
2248
859
858
598
1068
4239
739
540
252
638
1427
288
677
875
695
314
370
677
742
951
799
1463
2346
553
308
280
1868
378
255
885
991
679
537
869
861
494
340
465
417
491
591
626
410
891
620
851
651
474
211
741
655
365
972
2155
363
900
611
385
270
2724
955
4068
326
395
332
964
611
445
708
625
648
582
748
235
401
288
331
569
509
396
320
385
770
808
394
734
269
441
551
337
722
589
691
1996
1041
1398
1575
671
511
456
513
342
943
654
933
797
2747
787
384
577
412
979
879
1336
252
830
417
631
600
461
292
430
302
555
556
695
347
622
423
287
366
374
326
871
570
705
1729
446
444
430
1282
1250
1342
1089
578
329
463
951
239
608
560
610
353
487
825
394
938
490
881
539
534
367
698
718
374
554
212
918
329
697
391
302
795
593
553
773
327
534
329
290
546
476
305
1132
284
273
645
221
489
406
300
252
698
267
427
518
280
518
333
607
556
1053
461
451
537
830
402
1105
470
666
272
324
243
736
776
333
347
507
345
378
242
857
1235
507
449
1017
578
417
406
691
583
1018
880
387
365
258
895
439
626
804
202
1040
323
683
491
290
559
589
454
248
804
1658
635
974
968
372
420
5154
1068
740
586
804
520
328
397
1046
651
344
535
411
579
1075
215
796
858
677
838
348
640
652
714
392
418
704
1132
804
637
666
386
407
354
343
1148
493
567
909
454
431
675
865
967
446
653
351
375
856
391
319
293
422
261
339
405
441
400
273
863
440
523
265
740
446
276
631
513
918
316
276
767
505
568
510
352
234
582
364
1019
692
745
541
376
1412
2448
1719
269
1380
743
3011
927
1072
903
376
802
410
526
450
650
596
605
2702
533
442
561
5359
679
2641
1086
789
523
2397
639
474
353
997
465
663
355
347
279
338
195
637
458
554
1463
5909
1150
566
1365
437
315
529
305
2175
2123
360
1039
1788
632
875
492
678
611
401
292
826
1111
384
756
1000
831
1158
400
731
1338
693
1647
1121
760
1365
3759
556
771
2481
705
1108
1350
1098
436
696
234
529
1006
375
447
353
1500
586
948
1008
513
1344
2187
582
4684
511
1870
396
463
643
618
627
920
1057
3729
840
1110
918
268
549
1152
254
353
1245
232
696
467
403
408
945
468
1518
828
4521
1233
299
685
378
914
981
1202
321
4879
615
634
1302
778
249
361
527
3069
983
808
441
431
1146
2893
841
1291
1468
652
1883
620
1202
571
303
727
1409
602
413
370
639
363
797
535
664
542
3829
752
617
1929
777
1775
419
1071
885
484
2839
421
894
983
1078
738
1283
545
3043
1087
2537
545
330
433
685
621
1459
565
667
5955
518
274
255
343
980
1156
570
833
718
3102
1089
1020
764
1130
1989
258
342
319
1082
2950
6187
1136
485
1058
703
451
270
519
2559
1190
943
918
453
951
3099
330
1556
2192
430
655
457
2068
2646
650
470
320
402
751
608
740
4094
2358
840
558
634
502
1254
853
1664
1217
449
688
892
432
905
843
693
348
362
595
461
946
1767
1172
1093
468
1120
6466
533
1355
814
719
507
319
1074
676
1724
672
514
268
229
313
541
366
418
510
2449
978
288
474
402
750
703
560
339
584
264
352
868
1997
727
3595
612
637
729
612
833
1477
892
416
502
337
510
787
390
1008
550
1100
599
1188
1469
778
849
715
477
564
407
353
725
1162
528
553
702
468
662
2307
1329
1268
1003
553
372
299
356
1022
1531
195
548
421
507
3680
1114
292
640
802
672
1754
590
454
899
354
1405
1339
384
580
904
1102
1838
3755
621
648
1155
713
1155
435
562
857
954
467
763
888
334
832
353
769
356
2657
516
563
630
1487
447
272
840
782
322
880
2322
298
440
275
796
1038
457
379
459
490
967
1469
830
1742
407
976
1047
520
340
636
811
1598
499
413
427
387
598
1417
504
538
365
455
3415
1186
791
2001
586
329
1151
1271
1027
606
848
1089
1728
548
1305
680
679
638
242
256
319
962
1211
1040
360
658
564
459
991
1062
1037
336
897
341
438
600
635
3129
1004
245
462
508
521
778
2141
387
570
323
414
487
334
361
1335
1346
324
488
240
285
1113
326
265
346
789
697
444
321
1990
632
317
516
395
196
712
439
581
576
357
501
497
337
390
508
1017
984
636
2570
1716
447
370
380
281
307
208
277
660
785
653
609
1023
1332
710
469
281
235
436
736
531
370
1454
442
376
1529
666
285
680
813
448
666
1013
1489
371
837
334
394
520
947
438
541
344
448
564
373
1163
1304
973
1075
773
568
750
390
683
961
1733
1389
368
309
938
1694
1542
668
1376
4589
2385
416
2749
751
1707
760
468
411
716
380
373
231
314
417
352
474
305
291
1119
1097
604
517
1122
603
377
401
893
431
2132
631
386
278
481
686
615
490
732
583
803
1424
767
309
1239
2536
943
339
449
661
446
421
351
258
380
266
511
335
370
973
788
442
371
1243
471
785
781
369
338
330
1148
334
846
624
997
1060
476
578
748
517
541
1499
245
578
334
953
1025
1156
478
1418
387
917
550
492
299
413
1149
271
841
717
692
1514
738
763
816
412
397
1524
1179
728
469
1439
516
1917
518
612
856
691
1015
568
659
1514
374
704
1133
1370
2150
547
676
873
1014
1251
305
1916
870
783
1650
773
835
662
303
565
663
298
1503
386
556
675
328
1090
570
207
754
290
873
1512
561
399
479
506
572
486
336
329
715
1303
372
403
711
418
389
716
340
1072
363
792
919
1065
507
552
523
362
879
691
435
428
732
368
852
501
692
420
551
293
246
707
480
674
454
669
1388
1701
298
1228
2446
329
926
1314
1469
412
447
644
660
972
1804
480
401
527
593
1676
257
1002
453
413
827
375
1443
3279
510
1511
1135
340
394
425
634
265
1168
995
1664
848
546
347
345
1576
580
545
2139
578
884
602
397
1039
722
880
836
720
783
1929
2656
339
484
902
766
867
351
291
425
411
1684
3402
5470
784
1858
751
1217
1205
381
370
860
1034
1389
706
634
892
541
1242
396
694
513
276
565
715
510
1010
526
1711
319
621
1224
368
561
225
488
741
5700
1504
626
834
635
1671
1314
460
547
511
303
1468
1354
587
970
1417
1734
608
855
1121
288
376
5812
1039
905
311
1729
287
570
464
1141
2086
2297
1061
860
423
733
2601
6931
433
698
1088
546
802
1464
297
876
407
381
535
356
282
623
354
270
603
1267
979
5234
1643
6958
1312
318
3948
1742
1932
762
600
1086
757
383
1052
1261
429
6421
1710
1079
3538
353
688
1008
1144
6048
589
936
948
637
602
787
748
955
435
536
2566
356
364
508
653
618
750
1834
834
739
1454
855
507
511
599
782
521
308
431
239
525
553
274
470
556
699
654
614
377
845
1355
503
900
958
343
544
1323
1677
945
4208
4747
385
416
388
3304
554
888
802
718
398
1204
690
972
745
2410
457
676
685
1225
1653
463
1510
2057
351
632
509
436
1587
1289
519
1151
2108
5076
1353
1115
589
300
486
448
313
455
346
407
2047
411
1021
543
1521
1600
4143
478
1212
703
1023
430
718
907
1177
484
335
5084
1755
1023
402
707
1279
406
776
643
579
393
644
1258
1463
418
216
1472
1524
501
781
775
908
890
850
3141
433
263
602
808
428
1103
674
863
414
1591
1032
3364
409
765
1258
707
642
486
446
397
467
925
423
621
656
410
1116
1235
381
1531
367
666
299
1064
795
1465
2315
518
3302
232
3544
1640
1460
629
2133
638
787
765
369
1575
641
727
1873
825
519
742
560
528
435
585
587
2986
1259
760
676
1128
790
1415
501
2018
744
388
1131
228
285
622
1806
413
1152
477
2170
793
507
529
344
368
986
690
221
420
873
252
1949
846
338
598
373
431
306
366
305
829
333
468
5030
847
327
462
1147
1013
1569
772
1021
402
4372
890
554
709
983
1283
1251
991
303
436
1008
527
1777
388
2379
6494
908
852
1285
1632
890
482
1038
2811
432
914
1350
1196
688
433
330
453
879
575
757
2259
334
692
257
428
661
429
731
355
1956
1112
324
367
1774
1258
444
1375
483
336
515
458
1354
1078
639
526
354
1486
1958
299
671
695
1679
1237
542
1260
702
945
376
3153
647
610
827
2786
871
831
1107
521
2979
2336
365
403
1025
309
1549
1285
553
1469
1480
415
581
550
388
976
375
635
516
1268
314
732
656
1343
1187
523
401
389
737
377
388
1762
788
385
571
279
316
1492
499
632
1051
670
550
718
1828
460
1394
511
203
407
364
780
566
654
288
702
339
361
784
322
1112
738
625
1268
7004
1164
1035
881
1166
2909
826
671
452
238
360
663
571
2439
905
1103
1020
757
398
524
1477
387
773
319
702
367
1109
844
704
505
1768
616
410
4192
1021
534
770
1784
972
485
323
872
1141
3616
1313
461
2035
589
799
746
1231
517
979
670
5199
530
553
359
1447
455
1689
779
1725
240
1777
1217
1408
999
1068
599
386
6505
1452
443
641
720
529
1023
559
1758
625
369
365
1068
4838
1042
502
692
311
313
495
543
550
580
936
700
1842
1009
1534
1310
1337
1638
814
705
630
1233
789
356
615
1222
1114
1117
4205
2766
3474
394
627
1345
362
633
572
4939
399
787
791
540
388
524
303
991
843
1427
1051
1833
1353
6312
1200
1882
884
293
2259
397
534
640
718
317
502
214
1157
1679
1034
693
515
380
836
1217
1049
391
820
368
1092
613
718
781
271
661
404
377
440
329
768
238
389
647
252
1271
979
2745
831
950
661
556
893
1254
907
2047
244
709
684
876
550
632
1279
677
612
418
442
451
384
456
281
1479
295
660
693
3182
505
4114
1076
687
868
326
964
465
407
694
313
653
661
345
553
250
999
2228
1943
432
479
594
473
277
1392
501
637
465
491
549
3103
1104
512
416
628
368
578
424
291
577
984
936
2750
742
372
1140
1331
3384
914
1304
471
579
270
861
265
702
399
640
436
4411
1286
347
956
883
296
706
972
299
929
572
1445
417
910
591
388
344
326
393
406
677
337
1210
992
790
2610
1290
313
1328
866
824
237
942
997
3479
429
485
1072
937
346
1355
909
3431
716
516
271
614
1981
391
1040
967
1277
279
312
400
653
434
461
4371
726
770
455
1104
1046
551
988
1080
536
374
931
1343
3435
1775
6069
468
989
620
880
1935
542
405
3442
736
390
826
785
1274
1017
498
344
1767
480
265
487
725
341
614
841
1379
405
1713
2537
1638
1647
2999
474
304
398
673
723
747
1156
796
664
1140
1507
3934
1973
589
1348
1485
1808
854
1398
9263
1055
873
446
1319
605
873
738
881
616
511
300
519
769
457
574
465
573
714
257
1430
508
676
467
362
284
709
2157
780
285
490
1180
1026
801
459
1708
371
824
2105
4018
785
947
501
269
1333
673
1600
856
801
732
2764
1204
981
2012
1358
1517
389
259
551
560
1591
336
591
2551
1431
333
1626
1260
1991
672
1412
642
1315
690
675
1484
1199
667
397
1138
1856
762
801
695
897
1965
300
608
2517
517
1049
343
784
287
462
426
649
457
498
743
268
1187
5474
3307
1408
431
1867
632
1516
845
512
851
1173
625
2080
258
1627
379
326
6525
645
622
353
1254
2391
1777
600
491
1252
1140
497
937
1337
1074
777
643
292
396
375
1436
1386
888
1461
395
2724
6317
503
8016
3899
3679
618
928
369
627
565
932
1528
1799
1061
718
1438
566
5291
1102
695
1121
1037
439
508
632
2610
2111
2169
468
369
298
608
351
890
249
402
536
823
1158
423
319
584
833
748
1782
360
369
451
805
553
374
835
1213
511
551
280
407
347
486
631
285
433
272
1918
552
581
616
346
417
714
356
369
513
394
336
624
807
753
545
613
685
300
639
295
424
432
478
398
367
497
490
296
635
329
981
716
468
411
1639
419
295
366
594
391
806
605
228
541
370
262
464
465
605
656
366
1163
346
1833
975
410
554
622
803
481
673
648
306
483
511
1087
552
685
302
636
662
311
269
409
455
299
468
803
719
573
433
259
468
589
941
461
500
438
641
265
248
732
1047
896
566
455
738
526
1554
337
257
287
693
406
393
316
487
1091
373
407
317
498
777
444
294
828
728
663
960
500
711
280
715
473
841
295
860
321
261
376
452
323
936
656
312
640
257
683
705
508
1771
816
879
473
956
2106
1858
634
1119
2790
2424
421
617
568
1229
414
1167
263
1482
352
787
1013
427
349
827
635
901
3027
618
840
2707
1457
1276
1060
486
510
403
651
605
423
563
804
882
397
576
585
481
464
284
294
599
861
636
362
634
534
352
425
485
255
345
655
516
442
402
730
1435
656
791
586
607
305
500
774
997
549
488
999
449
454
385
285
749
429
272
348
682
490
455
590
1388
961
427
519
933
759
990
505
646
693
506
381
822
720
659
363
259
622
473
516
220
557
267
392
513
244
526
537
837
448
304
727
238
352
661
648
389
658
485
3072
412
360
534
431
548
392
545
688
1017
534
641
386
470
355
298
256
341
607
741
661
553
250
334
461
804
326
429
301
984
716
349
685
526
362
441
264
230
373
503
640
1130
909
749
626
279
280
695
619
696
830
272
923
997
385
430
1679
738
445
555
396
502
1358
480
1037
576
490
370
390
955
508
798
1363
288
233
300
431
643
587
937
242
638
695
520
392
282
1062
707
483
332
682
275
792
493
460
341
264
292
390
292
386
1645
377
382
554
923
349
353
690
963
228
275
731
429
425
357
627
623
516
637
872
915
516
1019
609
392
292
224
677
635
403
246
603
406
481
377
333
623
665
909
348
678
399
243
700
265
644
330
636
696
237
588
367
514
540
580
402
538
579
1216
656
864
725
532
586
251
376
486
811
557
1384
416
489
560
668
1203
847
635
1187
234
294
445
306
635
873
720
408
790
1263
460
476
650
728
604
839
462
252
458
727
487
261
306
301
1155
1014
505
339
391
518
779
1480
372
339
687
342
605
893
517
571
540
560
460
743
490
547
571
207
518
515
336
382
363
933
1112
421
641
575
820
281
881
1372
312
709
494
676
740
326
793
613
524
840
256
431
507
252
494
558
629
442
378
608
480
399
382
321
959
1070
1016
1417
580
803
958
735
647
368
1225
281
222
328
431
500
289
481
907
488
756
725
431
927
827
615
649
593
219
300
446
530
3641
911
816
1359
468
338
393
325
910
300
393
1190
432
1163
347
1640
514
394
365
599
873
307
799
602
424
343
622
976
271
1319
615
1177
915
330
967
405
408
331
384
393
301
340
234
302
408
461
781
552
405
1215
481
459
535
520
676
545
867
352
617
688
347
279
271
391
450
716
433
253
1171
399
967
295
615
437
486
317
207
263
312
817
432
460
578
765
753
352
1922
687
964
258
717
495
387
257
363
509
668
851
234
1347
326
483
555
391
315
736
321
936
588
518
795
769
500
375
373
472
389
407
341
202
306
763
781
610
644
401
391
597
231
345
260
409
334
480
921
762
337
884
494
602
430
588
731
279
1009
774
418
1493
584
727
642
986
699
220
412
359
1107
752
542
771
604
572
641
499
282
772
602
950
418
319
510
357
370
356
547
395
688
576
247
593
238
416
454
280
429
386
578
329
385
376
543
292
320
564
337
361
549
253
312
559
318
242
614
237
301
326
415
275
798
306
319
602
3156
239
1738
567
374
606
1439
861
312
387
486
277
922
534
1056
607
750
647
297
252
343
327
533
263
402
203
468
257
661
654
700
396
489
1068
326
463
752
249
343
534
320
683
694
556
362
715
819
672
271
1003
225
269
302
305
359
257
942
263
280
897
324
511
321
399
252
432
269
675
377
416
243
1556
317
438
455
1776
677
351
1871
1020
633
577
758
1595
727
849
705
415
503
838
1509
218
405
337
623
1335
1237
496
1253
1031
1635
1357
1453
629
2129
3948
1044
451
1036
472
1168
318
762
320
564
585
1117
384
630
760
283
426
633
531
281
217
494
856
292
556
254
628
295
389
892
475
361
356
899
401
595
429
351
385
430
523
723
669
510
553
454
462
681
385
502
220
562
512
1381
1011
547
619
565
501
560
622
744
278
282
581
1020
458
405
531
316
1818
707
436
478
795
1410
1604
1296
461
1199
348
347
380
766
557
498
609
293
319
232
294
716
674
721
615
237
226
247
336
251
273
507
428
261
259
296
506
739
322
858
266
673
535
1389
396
486
370
419
355
628
675
300
332
464
472
623
310
655
310
829
574
385
195
388
286
556
376
419
195
578
499
335
315
569
325
303
719
306
410
243
425
610
875
2195
404
277
427
234
383
935
217
912
643
567
324
664
1058
1048
339
555
449
555
252
1107
468
273
371
768
422
494
576
762
257
536
464
507
1040
459
481
757
486
520
759
517
1149
673
537
996
256
518
430
474
347
741
347
330
364
399
301
514
421
616
355
780
209
409
362
613
521
392
693
265
432
779
432
391
457
268
964
700
945
456
411
832
649
679
465
530
315
592
804
712
357
547
375
210
707
582
868
973
601
657
428
516
319
479
802
844
1416
326
521
482
309
323
872
833
2519
881
512
306
520
464
530
772
376
447
717
220
297
332
280
553
1561
308
1406
565
270
1261
1158
1089
564
515
2185
1274
682
1795
562
3793
1842
1669
583
647
443
1014
1584
324
1014
1601
648
953
786
4113
282
1141
388
1899
2718
332
3372
587
1911
571
361
543
1689
2021
638
863
516
603
1054
774
804
2259
1136
1099
214
445
873
912
1312
405
1846
1441
453
367
299
561
604
792
958
1720
1095
509
2481
931
353
361
462
447
4906
1066
1660
784
2225
613
292
725
1003
1463
753
491
1682
1727
564
2350
1047
2464
2443
1507
1445
4676
1138
2930
1399
1228
1357
2366
1608
4304
1191
577
1876
1251
1413
1827
517
1201
560
358
448
397
579
302
700
373
295
466
331
686
1413
414
1081
270
586
434
675
1134
411
1155
635
289
366
566
768
390
318
521
560
682
536
392
331
289
348
510
304
272
222
392
291
611
260
477
465
528
419
273
924
296
254
345
308
556
417
309
337
250
327
330
341
432
298
980
750
333
1270
290
308
446
508
787
611
427
342
274
333
422
638
1540
566
597
661
430
792
444
494
398
753
379
331
426
443
330
1033
556
868
1100
646
454
410
347
370
247
283
286
294
616
363
292
346
876
261
340
557
560
449
374
735
828
480
316
447
518
764
380
342
376
579
583
603
379
317
232
451
574
884
471
489
300
396
682
1210
289
346
227
525
1315
386
415
714
677
387
670
485
338
275
354
610
1602
734
906
653
350
711
1097
263
604
370
563
867
294
321
267
290
522
528
469
722
933
435
263
216
778
518
739
325
403
565
409
552
543
241
292
625
280
485
405
305
814
405
535
271
578
356
401
344
251
557
435
605
289
700
662
911
699
641
1039
654
383
596
545
480
399
535
510
446
730
869
393
448
235
263
217
222
293
332
487
268
481
530
315
343
291
526
342
275
1014
953
399
1011
695
571
341
799
677
654
360
636
674
398
257
490
518
449
478
274
402
364
945
560
348
327
301
542
238
431
229
529
549
323
1094
376
315
788
437
281
226
418
310
706
244
783
584
612
596
520
1004
992
794
497
351
276
390
801
540
335
282
682
1207
605
413
247
757
1146
534
347
503
343
419
346
304
377
318
382
692
894
364
802
318
341
534
330
285
510
322
267
485
456
293
435
531
385
1210
373
379
282
230
261
833
456
383
377
688
395
483
233
265
297
532
383
439
195
849
351
430
320
496
297
768
304
385
557
555
284
685
575
1052
705
255
508
301
380
289
426
375
311
688
332
480
278
506
738
459
875
363
294
246
442
575
363
352
333
785
414
881
241
493
584
379
296
355
492
523
509
394
272
384
258
302
578
394
599
439
632
738
245
363
339
730
670
719
269
336
407
561
383
454
300
371
330
671
680
453
461
793
1255
363
574
740
1082
646
298
692
632
848
556
421
274
290
384
318
590
398
689
923
337
270
472
558
504
331
293
236
427
241
1138
355
505
302
313
569
1251
508
904
1397
643
620
429
393
556
948
548
542
258
1077
480
972
1111
632
770
523
733
571
387
623
538
263
282
253
824
299
495
678
486
596
490
319
680
452
420
276
373
382
590
748
721
447
415
361
333
575
443
308
527
515
438
354
648
799
896
373
638
407
307
421
416
571
306
467
262
644
793
518
667
876
553
231
947
373
505
541
410
639
916
779
1311
361
378
301
848
608
286
299
791
447
859
720
1337
960
666
320
366
479
642
1166
590
564
347
1081
582
409
250
361
542
369
397
418
1061
669
877
775
489
955
476
343
330
746
601
2181
570
536
476
846
510
1045
247
431
645
942
690
945
497
586
335
1341
641
870
807
2006
824
400
1066
814
5856
442
580
908
359
500
726
437
420
977
1367
859
1539
1087
525
445
298
323
628
382
365
1061
1121
382
697
490
1162
1691
273
744
514
1139
914
388
429
557
387
403
792
673
306
631
493
213
263
455
350
441
1332
293
590
770
449
3140
447
538
816
480
902
259
1210
429
389
2697
580
1934
1458
975
382
1629
402
967
575
970
619
936
351
460
607
219
305
949
367
656
760
466
258
334
707
433
429
635
665
703
348
486
432
390
525
1009
291
539
263
310
355
355
333
812
254
299
525
388
341
1365
577
384
602
289
575
1317
244
906
371
893
1626
2017
1558
1600
715
367
1504
791
584
272
297
619
918
402
325
748
219
561
731
1401
796
1483
463
517
1041
237
536
220
394
539
514
304
283
606
897
752
315
522
4573
725
981
656
433
1006
513
279
833
481
382
1294
1530
471
363
395
894
1523
3234
655
777
510
232
416
316
869
346
385
678
1665
3315
813
2708
553
992
1296
1476
585
431
503
536
561
1249
544
419
576
627
479
848
657
440
520
604
545
1417
646
2157
1646
606
564
953
887
818
600
649
600
625
1014
225
533
342
504
430
235
1024
660
402
725
405
505
840
354
740
1175
770
1080
1018
325
261
304
721
866
1032
250
610
1066
394
351
443
645
865
501
1595
329
351
657
737
423
1008
264
565
724
725
641
272
371
491
639
1534
338
926
791
836
407
927
565
1569
978
346
514
643
3176
4097
904
635
1037
266
296
400
879
493
955
351
1425
2079
584
818
753
636
803
390
476
347
714
574
375
317
528
550
310
436
427
844
350
683
397
394
322
381
441
262
388
543
502
306
428
585
354
437
402
366
303
761
294
353
453
432
679
487
268
945
554
365
589
561
432
1535
1325
269
332
941
564
280
358
1001
502
371
333
486
296
306
506
388
438
405
641
300
483
583
759
305
480
240
375
453
274
512
382
662
843
510
636
887
209
348
446
667
1278
746
1430
327
814
764
434
798
462
429
321
680
435
456
477
643
674
408
846
404
370
498
597
834
634
495
471
426
487
216
281
572
214
1242
268
743
663
720
588
549
662
325
529
349
442
351
320
381
732
511
322
262
455
263
403
688
618
587
458
447
842
394
390
376
578
894
680
594
532
350
373
381
319
297
423
445
1428
713
561
586
291
446
1178
691
644
643
797
456
419
389
323
381
555
656
395
399
470
935
491
980
475
307
433
590
322
594
299
580
681
1081
1557
650
313
271
327
436
675
344
270
342
500
313
859
578
746
578
709
230
499
566
667
327
264
1445
795
547
386
316
376
369
798
268
255
396
561
347
927
308
364
414
514
408
461
583
593
372
509
445
448
990
283
241
641
704
366
275
883
445
331
1068
1393
851
346
390
473
249
318
667
881
860
512
277
552
855
548
1069
628
341
414
274
1480
661
267
476
360
257
634
884
330
588
6437
440
464
822
2867
1400
1491
731
847
900
1175
1956
657
865
2903
1022
263
356
1437
663
420
378
771
442
240
507
442
468
336
1053
362
320
412
509
481
487
476
458
1196
1014
511
743
579
605
702
724
782
355
645
1067
465
676
786
637
403
386
394
566
302
660
646
285
533
896
1173
262
905
890
695
494
1193
356
756
344
865
1140
376
772
649
457
327
655
579
372
612
532
376
433
582
430
522
526
379
490
379
329
805
687
321
500
337
370
246
349
290
842
361
1224
361
584
769
416
742
334
405
249
375
304
392
659
275
1207
552
738
446
344
670
574
1679
1615
596
2738
261
379
274
403
335
604
1005
662
408
1349
562
347
228
570
286
534
356
505
3196
976
722
442
1893
1653
266
359
625
810
1387
1059
634
501
331
747
219
475
1317
1428
600
694
319
305
368
293
704
356
2496
2167
393
275
678
384
796
589
900
708
543
1043
925
1129
1053
3522
3181
729
301
1029
581
1025
282
737
326
531
2202
318
555
261
477
762
381
622
1018
524
2057
1294
1165
756
531
386
659
425
293
815
1051
2681
715
807
666
798
642
1179
953
565
411
1514
578
638
885
848
734
757
497
1502
436
304
672
659
497
692
888
390
662
569
568
944
241
305
595
325
328
331
499
338
1084
1070
802
420
818
239
535
327
352
764
488
317
331
259
2352
341
429
1017
462
411
608
1153
497
261
386
323
539
655
658
687
581
745
339
295
694
350
554
548
399
519
609
547
256
1906
477
1568
1392
776
652
574
1602
787
399
894
486
569
288
280
1078
309
636
250
271
388
306
577
1985
366
1301
871
681
287
760
267
252
352
419
320
293
287
895
481
557
339
894
427
643
281
390
775
422
453
881
722
966
570
851
335
605
525
594
382
324
365
526
1875
734
433
270
791
443
1709
901
397
544
368
918
925
295
472
722
780
417
324
247
787
354
397
281
434
478
1452
575
413
327
651
424
590
574
728
1624
323
653
347
515
325
346
462
340
655
586
748
317
688
1059
620
492
332
313
269
608
683
464
830
524
669
502
1320
468
1973
2093
554
1196
229
538
604
643
347
1076
333
222
269
477
670
290
1302
547
562
287
970
465
1040
670
308
355
671
639
272
295
291
577
230
350
392
241
332
1016
605
254
583
263
651
722
410
357
390
586
870
1018
337
494
341
324
296
1016
526
569
481
283
226
478
347
370
567
589
387
822
678
399
633
444
417
526
345
689
249
332
543
252
807
401
368
342
924
579
682
1363
1446
297
522
922
1420
476
952
535
269
923
506
989
604
1004
3033
883
267
1813
610
458
932
287
1092
1091
727
1602
328
1236
522
1966
478
346
1248
1214
870
880
430
1087
490
519
414
784
391
2177
379
910
397
574
1336
1752
383
577
362
368
792
528
1233
637
826
675
684
516
1021
484
1257
2003
467
606
832
498
545
462
383
699
1568
619
851
448
550
489
533
625
595
395
764
599
971
285
417
1702
691
1045
633
633
679
427
608
603
841
498
379
1042
1413
1490
492
661
451
1117
395
786
332
1118
326
460
291
516
521
1136
274
1058
519
1138
470
313
1123
1483
882
1410
650
283
374
1517
809
574
1196
685
902
1985
427
1832
361
417
806
733
879
1562
1852
652
748
422
322
543
1321
520
410
928
986
369
1142
371
843
326
426
809
718
532
680
332
505
539
478
892
724
293
292
432
277
253
299
1481
589
418
644
361
450
629
1228
275
561
498
444
323
964
577
578
622
766
815
1093
285
900
493
714
426
450
386
294
474
316
367
771
282
333
762
775
622
665
671
385
340
245
1435
802
332
286
405
377
467
538
513
592
351
701
733
274
809
412
368
384
278
564
484
424
264
619
820
346
891
257
296
224
270
383
306
327
553
512
590
237
774
880
1004
486
280
670
838
353
586
1150
811
375
301
728
588
779
688
979
391
339
400
344
431
674
930
299
369
551
559
455
408
872
1327
3620
531
334
619
232
585
1021
817
651
293
1091
369
613
428
537
849
243
504
379
298
380
278
386
356
493
349
386
460
300
399
422
713
447
781
309
408
498
1176
428
781
701
762
569
573
599
490
508
383
2861
363
226
410
308
242
955
804
4552
400
550
2099
410
375
990
3482
1686
861
878
527
534
369
462
610
375
490
424
841
1204
249
302
320
319
357
429
341
478
586
294
459
518
270
630
478
576
330
650
667
660
641
636
1121
524
809
401
418
553
322
388
289
861
593
427
255
644
559
415
252
434
450
440
362
467
196
195
532
1192
590
1095
295
404
910
479
312
519
416
353
1119
3010
1238
1828
463
660
412
400
383
3746
1605
415
2325
632
2082
1954
1168
564
484
321
893
1290
616
2968
1438
563
351
606
275
392
1301
743
406
628
283
393
328
525
577
940
496
286
339
515
429
504
395
293
393
532
498
302
370
798
541
658
365
539
247
255
336
441
377
897
359
834
339
830
319
711
381
675
745
402
411
328
285
630
575
871
378
727
848
531
3854
612
625
277
511
394
338
705
600
701
602
509
656
467
418
580
323
567
612
487
1087
1369
460
569
703
337
310
725
5132
1992
1868
782
545
2260
935
606
631
1908
2219
461
770
2475
458
621
480
1407
908
195
822
3013
1392
530
993
652
361
676
454
726
1381
603
580
624
458
783
3667
536
374
515
396
244
255
498
403
689
432
374
257
409
289
620
446
743
834
829
462
274
356
1127
370
321
303
230
350
287
342
1356
472
285
478
539
779
838
681
3752
1289
863
246
953
364
927
613
897
387
295
3895
515
726
1167
2315
1023
736
682
796
372
582
631
578
544
435
395
331
390
1234
442
364
1606
1442
538
645
392
280
544
1282
650
427
671
769
966
426
560
712
522
433
393
500
461
599
835
849
371
430
599
317
991
1008
1168
677
1128
382
536
443
418
425
663
816
312
503
478
352
267
401
345
288
288
423
416
305
337
417
349
415
323
435
503
389
261
224
705
1072
1125
247
300
1176
635
614
331
1456
274
489
580
454
486
678
445
861
426
985
276
403
287
505
225
331
407
483
342
443
827
320
839
388
711
388
233
535
342
402
417
526
900
804
389
823
673
405
574
658
758
616
824
410
343
397
724
603
340
489
1054
448
460
889
483
529
456
851
367
810
495
687
504
290
271
1125
807
358
424
659
633
499
568
876
334
375
789
954
860
498
1039
1379
1371
1671
385
382
687
802
606
524
312
636
599
344
207
464
339
2239
1184
379
556
355
729
422
394
1443
244
580
769
1292
907
288
264
417
290
509
675
331
421
263
237
338
794
348
293
595
261
212
272
346
480
418
713
295
239
658
422
530
1031
478
292
310
502
594
468
563
386
521
711
613
2198
927
602
402
1045
501
239
1168
305
480
549
360
753
345
710
456
590
734
342
380
289
578
524
607
504
411
579
599
610
732
875
378
1069
296
316
1072
669
451
1338
620
388
1002
720
422
684
884
815
302
1002
369
301
470
539
861
1239
325
247
413
491
702
901
1185
349
1075
462
372
675
315
744
1008
513
562
364
460
813
340
427
436
452
290
297
361
462
405
501
430
301
1122
460
421
328
807
278
329
454
427
271
308
1047
1338
567
722
750
605
1095
447
443
674
724
286
376
618
1519
320
512
556
623
300
1118
472
495
552
409
310
550
900
451
217
280
906
654
274
544
300
309
332
332
443
528
346
431
379
490
517
261
589
368
403
616
613
546
698
401
377
453
351
578
1329
761
236
1050
412
377
1053
317
358
281
678
417
359
279
398
609
331
480
421
300
659
393
885
555
592
313
421
264
411
367
332
742
204
684
352
360
476
755
469
406
523
873
427
360
481
286
409
1136
636
449
1062
375
627
543
782
1003
223
680
385
615
363
1218
238
297
309
536
434
233
339
281
302
521
662
638
332
460
611
1092
359
345
571
495
857
422
376
423
370
506
373
418
590
293
844
527
245
506
1983
894
244
380
450
509
558
410
699
348
326
528
373
313
335
519
270
317
459
285
376
586
276
363
341
715
304
723
222
334
625
238
446
348
235
267
375
230
748
424
328
595
395
367
817
725
333
877
340
476
422
548
332
600
