2
16
17
18
20
24
27
34
39
47
57
66
69
75
79
87
88
92
96
98
102
108
111
114
116
123
136
149
167
178
182
188
196
203
204
213
214
215
216
220
223
226
231
233
239
246
260
261
262
276
281
283
285
311
312
315
332
339
340
357
359
363
375
377
380
382
388
391
396
401
409
411
430
432
440
442
443
449
453
455
458
462
465
468
473
485
496
501
508
510
522
524
527
528
532
540
547
555
557
561
566
568
578
581
582
583
587
597
602
609
615
618
627
633
642
651
660
665
666
668
678
680
685
690
694
699
706
719
724
726
728
743
751
754
765
766
773
777
787
789
792
793
795
798
800
803
807
809
810
824
827
828
829
830
833
835
840
841
844
848
863
865
884
918
932
935
940
951
954
961
966
971
983
987
995
1002
1009
1015
1023
1024
1027
1030
1043
1046
1052
1054
1060
1063
1065
1066
1067
1069
1076
1082
1085
1086
1092
1093
1096
1101
1102
1105
1106
1110
1114
1116
1120
1130
1135
1138
1139
1140
1141
1159
1166
1172
1179
1180
1184
1186
1194
1197
1202
1205
1207
1228
1230
1242
1243
1245
1250
1251
1266
1271
1272
1273
1280
1288
1290
1298
1300
1301
1302
1304
1311
1320
1337
1338
1356
1357
1359
1361
1368
1371
1374
1377
1380
1383
1390
1399
1403
1404
1405
1406
1416
1420
1434
1441
1486
1489
1498
1501
1502
1515
1524
1526
1537
1544
1545
1552
1555
1564
1575
1578
1594
1620
1629
1653
1680
1682
1686
1692
1700
1703
1705
1711
1714
1723
1725
1733
1750
1755
1765
1777
1780
1782
1794
1807
1816
1827
1831
1834
1840
1846
1854
1873
1887
1890
1923
1929
1941
1943
1951
1955
1956
1962
1991
2006
2009
2014
2023
2037
2038
2039
2048
2060
2063
2071
2072
2094
2095
2099
2109
2112
2114
2122
2131
2135
2143
2146
2148
2156
2160
2165
2166
2169
2171
2173
2176
2177
2189
2191
2203
2208
2214
2219
2220
2226
2230
2231
2239
2244
2247
2248
2249
2257
2265
2267
2276
2278
2282
2286
2294
2299
2301
2308
2313
2325
2327
2328
2329
2337
2338
2343
2345
2350
2352
2354
2355
2362
2364
2367
2369
2373
2374
2375
2377
2383
2388
2401
2411
2417
2419
2421
2423
2431
2435
2447
2456
2458
2460
2462
2464
2465
2466
2481
2482
2485
2491
2492
2493
2504
2513
2518
2523
2526
2532
2539
2544
2546
2551
2555
2558
2559
2563
2571
2577
2582
2589
2591
2595
2596
2599
2601
2610
2612
2615
2629
2650
2651
2663
2667
2675
2678
2687
2700
2701
2704
2710
2712
2713
2715
2721
2722
2726
2727
2731
2735
2737
2747
2749
2761
2767
2772
2782
2783
2792
2808
2812
2823
2824
2829
2843
2850
2851
2852
2855
2870
2873
2876
2877
2881
2882
2884
2892
2895
2904
2918
2919
2920
2942
2945
2951
2952
2959
2972
2974
2975
2976
2981
2984
2986
2994
3012
3021
3025
3028
3031
3033
3036
3038
3039
3052
3053
3059
3060
3064
3080
3082
3083
3084
3086
3087
3089
3097
3098
3101
3109
3120
3122
3126
3130
3136
3137
3141
3145
3148
3151
3154
3156
3158
3160
3161
3167
3170
3187
3189
3195
3196
3202
3203
3206
3208
3209
3210
3215
3217
3242
3244
3246
3248
3252
3254
3260
3266
3268
3273
3274
3279
3280
3282
3284
3292
3295
3296
3298
3300
3308
3312
3317
3326
3329
3342
3345
3363
3366
3367
5336
5729
5886
5892
6413
6499
6550
6562
6645
