15
16
20
22
24
34
39
47
53
57
66
69
74
81
87
88
92
95
96
98
102
108
112
117
123
128
134
136
144
146
149
167
174
179
180
182
188
189
193
196
197
204
209
212
215
223
225
228
233
236
249
255
260
267
268
270
281
285
312
332
338
339
344
349
356
359
363
372
375
377
378
380
382
390
391
392
395
396
401
409
411
422
425
426
430
432
439
443
445
447
449
453
458
465
468
472
473
481
485
486
487
490
493
494
496
501
508
510
518
524
527
528
530
536
540
546
547
551
553
555
559
561
564
566
568
570
576
578
581
582
583
597
600
605
609
615
618
633
641
642
663
664
665
666
667
668
671
682
684
685
691
699
706
711
716
720
730
732
733
737
743
744
747
751
760
765
766
769
773
777
781
787
789
792
793
795
798
800
803
807
824
828
829
838
846
847
848
865
884
892
894
918
935
938
939
941
954
958
961
966
971
983
987
989
1002
1009
1015
1023
1027
1030
1046
1047
1052
1058
1060
1065
1066
1067
1069
1075
1076
1077
1079
1082
1083
1085
1090
1091
1092
1093
1096
1101
1102
1105
1106
1116
1117
1127
1130
1138
1139
1140
1158
1159
1166
1167
1172
1176
1179
1180
1184
1192
1194
1197
1202
1205
1214
1222
1228
1242
1243
1245
1253
1254
1266
1271
1280
1288
1298
1302
1303
1311
1316
1320
1324
1332
1337
1352
1357
1358
1359
1366
1368
1371
1374
1380
1383
1384
1387
1389
1390
1393
1395
1396
1398
1399
1403
1404
1405
1406
1414
1416
1417
1420
1427
1434
1435
1437
1485
1486
1488
1489
1492
1501
1512
1515
1518
1524
1525
1526
1528
1531
1541
1544
1545
1549
1554
1555
1560
1564
1575
1578
1579
1584
1594
1620
1626
1628
1629
1630
1631
1632
1639
1643
1648
1653
1661
1670
1671
1673
1680
1682
1686
1687
1692
1700
1703
1705
1716
1717
1733
1735
1737
1738
1741
1748
1750
1755
1757
1773
1780
1782
1784
1799
1806
1807
1809
1816
1819
1826
1827
1829
1832
1833
1834
1840
1846
1850
1858
1873
1875
1890
1891
1892
1921
1923
1925
1927
1929
1943
1951
1956
1965
1983
1984
1991
2009
2010
2011
2014
2023
2034
2037
2038
2039
2046
2048
2054
2060
2065
2069
2071
2072
2076
2086
2094
2095
2096
2097
2109
2112
2114
2116
2120
2122
2130
2131
2144
2148
2155
2156
2163
2167
2169
2171
2173
2176
2179
2180
2182
2183
2188
2191
2203
2208
2210
2214
2215
2216
2220
2231
2236
2239
2249
2256
2265
2267
2275
2276
2278
2296
2303
2306
2308
2322
2325
2327
2328
2329
2337
2338
2343
2345
2350
2352
2354
2355
2357
2363
2364
2367
2369
2372
2374
2375
2377
2383
2388
2389
2398
2405
2413
2414
2417
2421
2422
2423
2427
2429
2431
2435
2437
2447
2456
2457
2458
2460
2464
2466
2472
2475
2476
2492
2504
2513
2518
2526
2532
2537
2544
2546
2551
2558
2559
2565
2571
2577
2589
2591
2595
2598
2599
2606
2610
2612
2645
2649
2650
2651
2653
2655
2658
2663
2667
2670
2673
2675
2680
2686
2687
2691
2700
2701
2711
2713
2716
2722
2725
2726
2727
2728
2729
2731
2732
2737
2745
2746
2747
2757
2761
2763
2769
2772
2778
2779
2782
2783
2792
2797
2807
2808
2812
2823
2824
2829
2843
2855
2881
2884
2887
2889
2895
2918
2919
2942
2947
2949
2951
2954
2971
2972
2974
2976
2983
2984
2994
3024
3025
3029
3031
3032
3033
3039
3040
3042
3046
3052
3053
3055
3057
3064
3073
3080
3083
3089
3095
3097
3101
3104
3109
3113
3114
3122
3130
3136
3145
3148
3151
3154
3156
3160
3161
3163
3167
3170
3179
3182
3187
3189
3196
3202
3203
3206
3208
3209
3215
3217
3220
3231
3234
3238
3240
3242
3244
3246
3247
3251
3253
3260
3268
3274
3280
3281
3282
3284
3285
3291
3292
3296
3298
3300
3301
3312
3318
3319
3333
3342
3345
3349
3352
3356
3358
3359
3363
3364
3366
3367
3386
3402
3485
3486
3518
3521
3549
3561
3591
3655
3742
3775
3783
3793
3810
3968
4013
4015
4032
4065
4071
4113
4167
4179
4198
4218
4220
4227
4255
4263
4282
4355
4386
4398
4409
4413
4454
4479
4501
4502
4504
4546
4557
4564
4648
4666
4668
4719
4731
4785
4796
4832
4834
4925
5041
5058
5122
5141
5216
5231
5233
5235
5236
5311
5683
5735
5864
6234
6258
