16
72
89
98
104
131
136
146
170
180
193
196
216
220
221
223
224
231
248
270
276
309
332
339
349
357
381
391
396
401
449
458
465
468
470
473
480
486
487
496
501
508
517
524
527
534
540
555
560
576
578
581
583
585
597
605
668
693
706
709
711
720
745
765
777
785
790
792
795
800
824
836
837
937
940
950
954
955
956
958
961
966
971
983
987
988
996
1007
1046
1052
1053
1060
1063
1065
1069
1076
1093
1102
1103
1104
1105
1106
1107
1119
1138
1140
1141
1150
1152
1161
1166
1167
1184
1186
1202
1205
1206
1242
1243
1247
1255
1271
1273
1288
1302
1316
1332
1337
1357
1358
1366
1371
1374
1375
1383
1390
1393
1399
1434
1443
1446
1463
1489
1501
1526
1531
1545
1549
1550
1554
1555
1564
1572
1594
1614
1615
1628
1631
1634
1639
1648
1653
1654
1671
1677
1680
1686
1703
1711
1716
1724
1729
1737
1738
1741
1750
1755
1757
1794
1799
1806
1824
1827
1833
1844
1852
1853
1873
1878
1905
1929
1942
1951
1974
1982
1991
2010
2012
2021
2023
2064
2071
2086
2095
2112
2116
2126
2129
2148
2155
2173
2177
2200
2203
2210
2220
2225
2231
2238
2239
2244
2247
2249
2256
2267
2276
2303
2308
2320
2322
2325
2335
2343
2345
2350
2354
2355
2363
2364
2369
2374
2383
2384
2388
2401
2408
2411
2412
2423
2429
2435
2460
2466
2481
2537
2546
2559
2566
2568
2571
2574
2589
2595
2598
2599
2637
2645
2653
2670
2678
2687
2695
2705
2711
2712
2721
2722
2726
2731
2732
2747
2757
2758
2761
2769
2780
2782
2783
2823
2843
2870
2891
2918
2947
2965
2975
3006
3039
3044
3060
3064
3083
3091
3102
3112
3137
3147
3148
3151
3153
3154
3160
3161
3167
3206
3208
3242
3244
3260
3268
3274
3281
3284
3288
3293
3312
3366
3383
3430
3450
3454
3554
3559
3584
3585
3602
3693
3757
3800
3810
3856
3881
3894
4023
4107
4167
4306
4329
4677
4755
4796
4813
5075
5193
