16
20
24
34
39
47
57
66
69
87
88
92
96
98
102
108
123
136
146
149
167
180
182
188
193
196
204
215
216
220
223
231
233
260
270
276
281
285
312
332
339
349
357
359
363
375
377
380
382
391
396
401
409
411
430
432
443
449
453
458
465
468
473
485
486
487
496
501
508
510
524
527
528
540
547
555
561
566
568
576
578
581
582
583
597
605
609
615
618
633
642
665
666
668
685
699
706
711
720
743
751
765
766
773
777
787
789
792
793
795
798
800
803
807
824
828
829
848
865
884
918
935
940
954
958
961
966
971
983
987
1002
1009
1015
1023
1027
1030
1046
1052
1060
1063
1065
1066
1067
1069
1076
1082
1085
1092
1093
1096
1101
1102
1105
1106
1116
1130
1138
1139
1140
1141
1159
1166
1167
1172
1179
1180
1184
1186
1194
1197
1202
1205
1228
1242
1243
1245
1266
1271
1273
1280
1288
1298
1302
1311
1316
1320
1332
1337
1357
1358
1359
1366
1368
1371
1374
1380
1383
1390
1393
1399
1403
1404
1405
1406
1416
1420
1434
1486
1489
1501
1515
1524
1526
1531
1544
1545
1549
1554
1555
1564
1575
1578
1594
1620
1628
1629
1631
1639
1648
1653
1671
1680
1682
1686
1692
1700
1703
1705
1711
1716
1733
1737
1738
1741
1750
1755
1757
1780
1782
1794
1799
1806
1807
1816
1827
1833
1834
1840
1846
1873
1890
1923
1929
1943
1951
1956
1991
2009
2010
2014
2023
2037
2038
2039
2048
2060
2071
2072
2086
2094
2095
2109
2112
2114
2116
2122
2131
2148
2155
2156
2169
2171
2173
2176
2177
2191
2203
2208
2210
2214
2220
2231
2239
2244
2247
2249
2256
2265
2267
2276
2278
2303
2308
2322
2325
2327
2328
2329
2337
2338
2343
2345
2350
2352
2354
2355
2363
2364
2367
2369
2374
2375
2377
2383
2388
2401
2411
2417
2421
2423
2429
2431
2435
2447
2456
2458
2460
2464
2466
2481
2492
2504
2513
2518
2526
2532
2537
2544
2546
2551
2558
2559
2571
2577
2589
2591
2595
2598
2599
2610
2612
2645
2650
2651
2653
2663
2667
2670
2675
2678
2687
2700
2701
2711
2712
2713
2721
2722
2726
2727
2731
2732
2737
2747
2757
2761
2769
2772
2782
2783
2792
2808
2812
2823
2824
2829
2843
2855
2870
2881
2884
2895
2918
2919
2942
2947
2951
2972
2974
2975
2976
2984
2994
3025
3031
3033
3039
3052
3053
3060
3064
3080
3083
3089
3097
3101
3109
3122
3130
3136
3137
3145
3148
3151
3154
3156
3160
3161
3167
3170
3187
3189
3196
3202
3203
3206
3208
3209
3215
3217
3242
3244
3246
3260
3268
3274
3280
3281
3282
3284
3292
3296
3298
3300
3312
3342
3345
3363
3366
3367
3810
4167
4796
