1
2
3
16
17
20
29
30
33
34
36
37
40
41
42
43
44
46
49
50
51
53
55
58
59
60
61
69
70
73
78
81
82
83
85
87
90
91
92
93
97
98
100
102
103
105
106
108
110
113
117
119
121
123
124
128
129
134
138
144
145
146
150
155
158
161
163
165
168
169
172
173
175
176
177
181
184
185
186
188
190
192
201
205
211
212
216
218
219
221
224
225
226
227
229
232
233
235
240
241
243
245
257
259
260
265
266
267
269
276
278
282
284
289
295
299
300
310
311
315
323
324
325
328
331
332
335
337
340
342
343
344
345
349
353
354
359
360
367
370
373
374
376
377
382
383
386
391
392
398
400
404
406
409
415
416
417
418
425
427
430
436
437
440
441
443
446
447
448
449
451
455
457
459
461
467
475
478
481
484
485
487
488
492
495
498
501
504
508
509
513
514
517
528
530
535
537
538
539
540
542
545
548
553
554
555
556
558
561
568
571
576
577
578
583
586
588
596
598
602
604
608
614
615
616
622
623
624
626
628
630
632
634
639
640
641
646
647
650
651
653
656
659
661
664
667
668
669
670
679
681
683
684
694
696
699
701
702
706
710
711
713
716
719
726
728
737
749
750
757
764
772
773
775
778
779
781
783
786
787
788
789
791
794
797
799
805
809
814
817
821
822
824
825
826
828
833
835
839
845
847
848
850
851
856
858
861
866
868
870
871
872
884
888
894
896
897
906
912
915
918
927
935
937
938
939
940
941
943
945
948
951
952
956
958
962
964
965
974
975
976
977
979
980
982
983
987
988
989
992
997
1001
1002
1012
1013
1016
1020
1021
1023
1025
1029
1030
1031
1032
1037
1040
1041
1042
1043
1045
1047
1048
1049
1053
1054
1061
1064
1066
1067
1081
1086
1087
1088
1090
1091
1093
1094
1095
1096
1100
1103
1104
1109
1111
1113
1115
1116
1117
1119
1125
1130
1134
1138
1141
1142
1146
1148
1149
1150
1151
1153
1155
1157
1158
1159
1161
1163
1164
1165
1167
1176
1178
1179
1180
1192
1196
1197
1199
1201
1204
1205
1211
1215
1216
1217
1220
1223
1225
1227
1228
1234
1236
1238
1241
1245
1257
1258
1259
1266
1273
1274
1275
1277
1279
1280
1281
1282
1284
1288
1290
1291
1293
1296
1298
1299
1302
1303
1304
1307
1311
1318
1323
1325
1326
1328
1332
1334
1336
1342
1346
1350
1351
1355
1356
1357
1359
1360
1362
1366
1367
1371
1374
1375
1386
1387
1389
1391
1398
1399
1400
1405
1406
1407
1408
1409
1412
1413
1414
1415
1422
1427
1432
1433
1435
1438
1440
1443
1445
1453
1455
1457
1461
1464
1465
1468
1470
1473
1476
1477
1478
1479
1483
1485
1490
1492
1495
1496
1497
1499
1500
1506
1507
1509
1513
1516
1518
1520
1522
1523
1525
1526
1527
1532
1538
1539
1541
1554
1556
1563
1566
1570
1585
1586
1588
1589
1593
1594
1595
1599
1606
1610
1611
1612
1613
1617
1619
1620
1629
1640
1641
1645
1650
1673
1692
1705
1712
1735
1738
1739
1746
1747
1751
1758
1760
1763
1767
1768
1769
1772
1776
1777
1786
1790
1791
1793
1794
1799
1803
1805
1806
1808
1809
1811
1813
1815
1817
1828
1831
1832
1833
1835
1836
1839
1843
1845
1850
1856
1857
1860
1861
1862
1863
1864
1865
1867
1870
1871
1872
1873
1875
1876
1879
1883
1886
1889
1892
1894
1896
1897
1900
1903
1904
1908
1909
1910
1911
1912
1917
1921
1923
1924
1925
1929
1936
1943
1946
1947
1952
1960
1961
1963
1968
1970
1971
1972
1974
1976
1978
1984
1986
1987
1994
1995
2004
2018
2022
2024
2033
2041
2047
2054
2057
2061
2063
2064
2066
2072
2074
2075
2076
2077
2080
2082
2088
2090
2094
2099
2102
2103
2104
2108
2111
2114
2120
2122
2123
2124
2125
2127
2128
2129
2131
2132
2133
2136
2140
2143
2144
2148
2149
2150
2155
2156
2160
2162
2165
2169
2173
2174
2182
2184
2185
2190
2191
2193
2195
2196
2198
2203
2204
2205
2210
2213
2215
2216
2218
2221
2226
2229
2231
2232
2233
2235
2236
2237
2245
2248
2250
2252
2253
2257
2259
2261
2263
2265
2266
2268
2271
2272
2278
2283
2287
2288
2293
2294
2296
2298
2299
2304
2305
2308
2310
2314
2315
2318
2320
2323
2325
2327
2329
2330
2331
2333
2334
2335
2337
2338
2341
2342
2344
2346
2350
2358
2361
2364
2365
2367
2371
2372
2373
2374
2375
2377
2378
2387
2391
2392
2395
2400
2404
2406
2407
2409
2411
2415
2419
2422
2424
2426
2427
2428
2430
2433
2435
2450
2455
2456
2458
2459
2460
2461
2462
2468
2474
2475
2477
2478
2479
2480
2484
2490
2492
2495
2497
2498
2500
2504
2505
2509
2511
2512
2513
2520
2523
2526
2528
2539
2543
2545
2554
2562
2563
2565
2570
2572
2575
2576
2582
2584
2588
2593
2594
2598
2599
2600
2601
2602
2608
2613
2615
2616
2618
2621
2629
2630
2635
2636
2638
2642
2645
2651
2654
2655
2657
2659
2660
2662
2668
2671
2673
2675
2676
2679
2680
2682
2683
2685
2688
2690
2694
2696
2698
2699
2700
2702
2703
2704
2705
2709
2710
2711
2715
2716
2717
2718
2721
2722
2725
2727
2728
2733
2739
2744
2745
2748
2752
2753
2759
2765
2780
2781
2786
2789
2792
2793
2803
2808
2815
2821
2822
2824
2826
2827
2828
2831
2836
2837
2845
2846
2853
2859
2860
2866
2869
2871
2875
2878
2881
2883
2885
2887
2888
2894
2897
2901
2911
2912
2914
2919
2921
2923
2927
2931
2932
2938
2939
2940
2941
2942
2945
2949
2950
2958
2960
2961
2962
2965
2967
2969
2973
2975
2977
2978
2980
2984
2986
2987
2993
2997
3006
3012
3014
3021
3023
3025
3033
3034
3036
3037
3042
3043
3046
3047
3058
3061
3062
3064
3066
3074
3082
3086
3087
3091
3099
3100
3102
3107
3109
3111
3116
3118
3119
3123
3129
3136
3141
3144
3151
3155
3158
3160
3167
3168
3172
3188
3189
3193
3196
3197
3199
3202
3206
3207
3208
3209
3211
3213
3215
3217
3218
3226
3228
3229
3236
3238
3239
3240
3249
3254
3255
3258
3259
3260
3262
3265
3268
3273
3275
3280
3283
3286
3288
3290
3291
3293
3297
3298
3300
3302
3305
3307
3310
3311
3312
3313
3314
3316
3322
3323
3326
3328
3337
3343
3344
3346
3349
3354
3355
3357
3358
3364
3366
3373
3379
3381
3389
3394
3395
3397
3401
3403
3406
3407
3413
3415
3417
3419
3420
3421
3425
3426
3429
3430
3434
3438
3440
3446
3447
3448
3449
3459
3462
3464
3465
3470
3475
3476
3477
3480
3481
3482
3488
3489
3491
3492
3493
3496
3501
3504
3505
3511
3514
3516
3518
3520
3523
3524
3525
3527
3528
3529
3538
3542
3543
3560
3563
3566
3568
3569
3571
3573
3574
3577
3582
3586
3588
3593
3596
3598
3599
3602
3603
3605
3606
3610
3618
3621
3625
3626
3636
3639
3640
3644
3645
3646
3650
3654
3656
3657
3661
3663
3664
3665
3666
3669
3670
3674
3676
3677
3678
3679
3681
3684
3686
3687
3691
3692
3693
3695
3697
3705
3706
3708
3709
3714
3718
3720
3722
3725
3729
3730
3742
3744
3745
3746
3752
3754
3755
3760
3764
3770
3774
3782
3783
3784
3790
3791
3795
3797
3798
3800
3806
3808
3811
3814
3817
3821
3824
3826
3829
3832
3833
3845
3846
3850
3851
3853
3854
3855
3859
3864
3870
3871
3872
3890
3898
3904
3906
3913
3918
3921
3924
3925
3926
3928
3935
3942
3949
3952
3954
3955
3956
3957
3960
3963
3964
3966
3973
3977
3978
3979
3982
3988
3991
3992
3993
3995
3996
3999
4001
4002
4006
4009
4012
4017
4018
4019
4021
4023
4024
4025
4029
4030
4031
4033
4044
4050
4051
4055
4056
4057
4060
4063
4064
4065
4066
4069
4072
4073
4075
4076
4077
4079
4081
4088
4089
4092
4099
4101
4102
4103
4105
4107
4112
4115
4117
4119
4120
4125
4126
4127
4128
4133
4141
4142
4144
4146
4152
4156
4157
4158
4160
4161
4163
4165
4166
4170
4171
4177
4179
4182
4183
4184
4185
4186
4190
4194
4196
4205
4206
4210
4211
4212
4213
4217
4219
4220
4222
4233
4239
4241
4242
4243
4244
4246
4247
4251
4252
4257
4261
4263
4265
4267
4272
4279
4280
4281
4286
4288
4292
4293
4295
4300
4301
4306
4308
4309
4312
4313
4316
4327
4334
4342
4343
4344
4350
4357
4358
4360
4362
4364
4365
4369
4371
4373
4377
4382
4387
4394
4397
4398
4407
4408
4410
4413
4415
4416
4418
4419
4421
4425
4428
4430
4431
4433
4438
4441
4444
4449
4453
4455
4457
4462
4465
4473
4476
4477
4481
4482
4483
4485
4489
4493
4494
4495
4498
4504
4506
4514
4520
4523
4525
4527
4531
4534
4535
4537
4540
4541
4543
4544
4545
4547
4548
4551
4554
4561
4568
4569
4570
4571
4574
4575
4576
4578
4581
4582
4583
4584
4586
4590
4591
4593
4601
4602
4603
4604
4605
4607
4608
4611
4614
4619
4623
4634
4635
4636
4641
4643
4644
4649
4659
4661
4663
4665
4666
4668
4677
4680
4685
4686
4688
4692
4694
4697
4702
4704
4708
4711
4713
4718
4719
4723
4724
4725
4726
4727
4730
4735
4737
4738
4741
4744
4752
4755
4766
4768
4769
4771
4774
4775
4781
4783
4784
4785
4791
4798
4800
4804
4808
4809
4810
4811
4813
4817
4818
4821
4822
4824
4830
4832
4834
4838
4839
4841
4845
4846
4849
4855
4857
4858
4869
4875
4876
4877
4878
4880
4885
4890
4891
4897
4898
4903
4904
4906
4913
4914
4915
4916
4917
4918
4919
4922
4933
4943
4944
4949
4955
4956
4960
4962
4963
4969
4971
4972
4973
4974
4975
4978
4979
4980
4984
4987
4988
4991
4992
4995
4996
4997
4998
5008
5011
5024
5026
5027
5039
5040
5043
5044
5047
5050
5059
5063
5064
5066
5070
5072
5073
5075
5077
5078
5079
5088
5091
5096
5098
5099
5102
5103
5105
5109
5113
5119
5120
5121
5127
5130
5135
5140
5142
5146
5148
5152
5154
5159
5164
5167
5169
5170
5174
5175
5179
5180
5181
5182
5184
5188
5189
5190
5191
5197
5199
5201
5205
5210
5211
5215
5217
5218
5222
5229
5231
5234
5240
5241
5242
5243
5247
5249
5251
5253
5254
5255
5257
5258
5260
5262
5267
5273
5276
5277
5279
5280
5283
5285
5286
5289
5290
5292
5293
5296
5297
5298
5300
5302
5306
5308
5311
5312
5317
5318
5320
5323
5328
5330
5331
5335
5340
5341
5344
5346
5347
5348
5350
5351
5352
5357
5358
5361
5365
5367
5370
5372
5374
5378
5381
5388
5392
5394
5400
5401
5404
5407
5411
5422
5423
5424
5425
5426
5430
5431
5433
5435
5436
5438
5440
5442
5449
5457
5460
5461
5467
5472
5473
5479
5482
5497
5498
5500
5503
5505
5509
5517
5519
5521
5522
5524
5526
5528
5536
5541
5544
5547
5548
5549
5555
5561
5563
5571
5574
5575
5579
5584
5587
5589
5590
5592
5593
5597
5598
5599
5604
5615
5620
5624
5628
5630
5631
5633
5635
5636
5639
5646
5649
5654
5662
5675
5686
5689
5695
5702
5705
5706
5712
5715
5717
5720
5722
5724
5725
5730
5731
5733
5741
5748
5752
5756
5757
5761
5764
5775
5784
5785
5787
5792
5798
5799
5802
5809
5812
5815
5820
5827
5828
5832
5841
5843
5844
5849
5850
5851
5852
5853
5854
5856
5858
5859
5860
5875
5879
5881
5883
5885
5887
5889
5890
5891
5897
5900
5901
5902
5906
5910
5919
5922
5928
5937
5938
5939
5945
5947
5949
5950
5955
5958
5963
5965
5968
5970
5974
5975
5980
5983
5990
5992
5996
6000
6002
6004
6005
6008
6009
6013
6017
6019
6025
6026
6031
6035
6036
6039
6042
6043
6045
6048
6049
6050
6051
6054
6055
6060
6061
6062
6071
6075
6079
6080
6086
6088
6090
6095
6096
6097
6112
6114
6118
6122
6125
6129
6130
6131
6133
6134
6138
6140
6142
6146
6151
6164
6165
6167
6168
6169
6170
6171
6172
6173
6174
6176
6179
6180
6188
6190
6194
6198
6201
6203
6205
6206
6208
6213
6215
6217
6219
6223
6224
6225
6227
6230
6231
6236
6241
6242
6253
6254
6256
6261
6262
6264
6265
6270
6272
6275
6276
6281
6282
6284
6285
6286
6287
6294
6296
6297
6300
6304
6306
6309
6311
6318
6323
6325
6329
6332
6336
6338
6339
6341
6342
6344
6345
6346
6349
6350
6352
6356
6357
6362
6363
6365
6366
6368
6371
6375
6380
6381
6383
6385
6388
6396
6402
6404
6406
6408
6409
6411
6412
6420
6423
6427
6428
6429
6430
6435
6438
6443
6447
6451
6452
6453
6454
6455
6459
6460
6466
6468
6471
6474
6475
6477
6478
6479
6480
6498
6507
6532
6593
6595
6641
6776
6859
6877
6913
6915
6995
7011
7144
7152
7264
7289
7313
7337
7351
7380
7382
7600
7636
7692
7708
7788
7799
7900
7911
7988
8055
8128
8158
8182
8368
8456
8487
8493
8503
8521
8560
8620
8622
8638
8640
8643
8672
8678
8695
8758
8759
8760
8962
8983
9025
9128
9152
9178
9248
9318
9376
9414
9516
9545
9587
9688
9707
9800
9854
9857
9881
9883
9907
10018
10035
10038
10189
10204
10211
10335
10416
10445
10476
10566
10605
10611
10665
10702
10721
10785
10832
10869
11047
11165
11167
11274
11348
11386
11439
11446
11811
12210
