2
11
15
16
17
20
22
28
29
30
34
36
37
40
41
42
43
44
46
49
55
59
60
61
69
71
73
78
81
82
83
85
90
91
92
93
94
96
97
100
105
106
110
115
117
119
121
123
125
128
129
136
143
144
145
146
147
150
155
157
158
161
163
165
168
169
172
173
181
184
185
200
201
205
212
216
218
219
223
224
225
226
227
229
230
232
234
235
240
241
242
243
250
259
260
263
266
275
277
278
286
291
292
300
304
309
310
311
315
319
320
321
323
324
328
329
331
332
337
343
344
354
359
360
363
367
370
373
374
375
376
377
382
383
388
391
392
396
397
398
399
400
405
406
409
410
413
415
417
418
425
430
436
437
440
441
443
446
448
449
451
456
457
463
465
467
471
474
478
484
485
487
488
492
493
495
498
501
507
508
512
513
514
515
516
517
520
528
529
530
533
535
537
541
542
546
548
553
554
555
556
558
561
566
571
574
576
577
578
583
586
599
602
604
606
608
614
615
616
623
624
626
632
639
640
646
647
649
650
651
654
656
660
664
667
668
669
670
672
679
680
681
683
684
689
694
696
699
710
713
718
721
722
727
736
737
749
750
752
755
757
764
768
773
775
778
779
780
781
785
786
787
789
790
791
794
797
801
802
805
809
814
817
820
821
824
825
826
828
839
843
845
847
848
851
858
861
863
868
871
872
888
891
894
896
897
898
899
907
911
916
917
918
927
933
936
938
939
940
941
943
944
945
947
949
951
952
954
956
962
964
965
966
970
975
976
977
979
980
982
983
984
987
988
989
991
998
1001
1002
1003
1005
1012
1013
1020
1021
1022
1023
1026
1028
1031
1032
1037
1039
1041
1042
1043
1045
1047
1048
1049
1050
1052
1053
1054
1056
1059
1061
1064
1066
1067
1070
1073
1077
1081
1082
1086
1087
1091
1093
1094
1095
1100
1101
1104
1106
1109
1117
1119
1120
1124
1125
1130
1132
1134
1138
1141
1142
1146
1148
1149
1150
1151
1153
1155
1156
1157
1158
1159
1160
1161
1162
1163
1167
1176
1178
1179
1181
1183
1192
1196
1197
1199
1200
1201
1205
1207
1210
1211
1215
1217
1220
1223
1224
1227
1228
1230
1231
1233
1234
1238
1241
1254
1257
1258
1259
1263
1266
1274
1279
1280
1281
1282
1283
1284
1290
1296
1298
1299
1301
1302
1307
1312
1318
1323
1328
1332
1334
1336
1341
1351
1352
1356
1357
1359
1360
1366
1367
1370
1375
1384
1386
1387
1391
1393
1396
1398
1399
1400
1403
1404
1406
1407
1408
1409
1414
1427
1431
1435
1438
1440
1443
1445
1446
1453
1460
1464
1465
1466
1468
1471
1472
1476
1477
1479
1483
1490
1491
1495
1496
1497
1499
1500
1506
1507
1509
1516
1518
1520
1522
1523
1525
1526
1527
1532
1535
1538
1539
1541
1552
1554
1563
1566
1571
1574
1583
1586
1594
1595
1600
1605
1606
1607
1610
1611
1619
1629
1631
1640
1641
1645
1650
1663
1671
1673
1705
1712
1723
1734
1747
1753
1758
1763
1768
1772
1776
1783
1785
1786
1790
1791
1793
1794
1797
1803
1805
1806
1809
1813
1815
1817
1820
1826
1828
1831
1832
1835
1836
1837
1839
1843
1846
1857
1860
1861
1862
1863
1864
1865
1866
1867
1870
1871
1873
1877
1879
1883
1886
1889
1892
1896
1897
1900
1903
1906
1908
1910
1911
1912
1913
1917
1923
1925
1926
1929
1938
1943
1946
1947
1951
1952
1959
1960
1961
1962
1965
1968
1970
1971
1974
1976
1978
1981
1984
1986
1987
1994
1995
1999
2004
2017
2019
2022
2041
2047
2053
2054
2057
2058
2061
2063
2064
2066
2072
2074
2075
2076
2077
2080
2082
2084
2086
2088
2090
2091
2093
2094
2096
2099
2100
2103
2104
2108
2109
2111
2120
2123
2124
2125
2128
2131
2132
2133
2140
2144
2148
2150
2151
2155
2156
2157
2160
2161
2169
2173
2174
2182
2184
2185
2191
2193
2194
2196
2198
2205
2209
2210
2213
2215
2216
2218
2219
2221
2224
2227
2230
2231
2232
2233
2235
2236
2237
2238
2248
2250
2252
2253
2256
2257
2259
2261
2263
2265
2268
2269
2271
2276
2278
2279
2282
2283
2287
2294
2295
2296
2299
2301
2304
2308
2310
2314
2315
2319
2320
2325
2327
2329
2330
2331
2335
2337
2338
2339
2341
2342
2344
2355
2361
2364
2365
2367
2371
2372
2373
2384
2387
2388
2392
2406
2408
2409
2411
2422
2424
2426
2427
2428
2430
2435
2440
2450
2456
2457
2458
2460
2461
2462
2464
2468
2469
2477
2478
2479
2480
2482
2484
2485
2490
2492
2498
2503
2505
2513
2517
2518
2520
2523
2526
2527
2529
2531
2534
2539
2540
2545
2546
2547
2550
2554
2557
2562
2563
2565
2571
2572
2575
2577
2578
2583
2584
2585
2587
2588
2593
2599
2600
2602
2606
2615
2618
2621
2628
2629
2630
2635
2636
2639
2642
2645
2647
2651
2654
2657
2659
2662
2673
2676
2680
2681
2682
2685
2686
2687
2688
2694
2698
2700
2702
2705
2706
2709
2711
2714
2715
2716
2717
2718
2721
2724
2725
2727
2728
2733
2739
2744
2745
2748
2751
2753
2759
2760
2765
2778
2780
2781
2786
2788
2792
2797
2808
2809
2821
2822
2824
2826
2827
2828
2837
2848
2853
2857
2860
2866
2869
2870
2871
2882
2885
2886
2887
2890
2892
2894
2897
2901
2905
2911
2912
2915
2916
2921
2923
2927
2928
2931
2932
2937
2938
2939
2941
2942
2946
2949
2950
2953
2958
2960
2961
2962
2963
2965
2967
2969
2973
2978
2981
2983
2984
2987
2990
2991
2997
2998
3000
3006
3012
3014
3015
3020
3023
3025
3033
3036
3038
3042
3050
3055
3057
3058
3060
3064
3066
3082
3087
3091
3095
3100
3102
3111
3112
3116
3119
3126
3131
3132
3144
3150
3151
3152
3155
3158
3160
3167
3168
3172
3175
3179
3180
3188
3189
3197
3199
3202
3204
3206
3211
3213
3215
3216
3217
3218
3221
3225
3228
3229
3230
3231
3232
3238
3239
3255
3259
3260
3268
3269
3273
3275
3277
3280
3283
3286
3290
3291
3293
3297
3298
3300
3301
3302
3307
3313
3314
3316
3320
3322
3323
3324
3326
3327
3328
3329
3334
3336
3337
3340
3343
3344
3349
3352
3354
3355
3357
3362
3364
3365
3366
3368
3373
3379
3381
3394
3395
3397
3401
3403
3406
3413
3415
3421
3426
3427
3428
3429
3430
3434
3438
3443
3444
3461
3462
3464
3465
3470
3472
3473
3476
3480
3481
3482
3483
3487
3491
3492
3493
3494
3496
3499
3501
3502
3504
3505
3507
3514
3516
3523
3524
3525
3527
3528
3529
3534
3538
3540
3542
3543
3553
3556
3557
3560
3561
3563
3566
3568
3569
3570
3574
3575
3577
3579
3581
3582
3583
3585
3586
3588
3593
3598
3599
3601
3603
3605
3606
3621
3625
3626
3636
3639
3645
3646
3654
3655
3656
3657
3659
3661
3665
3666
3669
3670
3672
3676
3677
3678
3679
3684
3686
3687
3692
3693
3695
3704
3705
3706
3708
3711
3714
3715
3718
3720
3725
3728
3729
3730
3734
3738
3742
3745
3746
3750
3752
3759
3761
3764
3771
3773
3774
3778
3783
3784
3790
3791
3795
3800
3801
3802
3806
3808
3809
3814
3817
3821
3822
3824
3825
3826
3829
3831
3832
3833
3845
3850
3851
3853
3854
3859
3864
3871
3872
3881
3884
3890
3892
3899
3904
3906
3907
3913
3914
3920
3921
3925
3926
3928
3934
3935
3940
3942
3943
3949
3954
3955
3956
3958
3960
3963
3964
3965
3967
3970
3975
3978
3979
3982
3991
3992
3993
3996
3997
3999
4002
4005
4006
4008
4011
4012
4013
4017
4018
4019
4021
4023
4030
4032
4033
4035
4050
4056
4063
4066
4067
4069
4073
4075
4079
4081
4088
4089
4092
4093
4098
4099
4102
4103
4105
4107
4108
4112
4115
4119
4120
4123
4125
4126
4127
4128
4133
4142
4146
4155
4156
4158
4161
4162
4163
4165
4170
4171
4175
4177
4179
4182
4183
4184
4185
4186
4190
4194
4195
4196
4199
4203
4205
4206
4211
4213
4214
4217
4220
4222
4233
4234
4239
4241
4244
4246
4247
4250
4251
4253
4257
4261
4263
4267
4272
4279
4280
4281
4287
4288
4292
4295
4300
4301
4306
4308
4310
4312
4313
4316
4319
4327
4328
4329
4334
4337
4338
4342
4343
4344
4350
4352
4357
4358
4361
4362
4364
4365
4368
4369
4371
4373
4382
4383
4385
4387
4389
4402
4408
4413
4415
4420
4421
4425
4431
4433
4437
4438
4441
4444
4445
4446
4449
4454
4457
4465
4473
4476
4482
4483
4489
4493
4494
4495
4497
4498
4504
4510
4515
4517
4522
4524
4525
4527
4534
4535
4537
4540
4543
4544
4547
4548
4551
4554
4561
4569
4570
4571
4574
4575
4577
4578
4581
4582
4583
4584
4586
4590
4591
4596
4599
4601
4602
4603
4605
4607
4608
4614
4619
4620
4623
4628
4639
4640
4641
4642
4643
4650
4651
4657
4661
4662
4663
4665
4668
4677
4685
4686
4687
4692
4694
4698
4704
4708
4711
4713
4718
4724
4725
4726
4727
4730
4737
4739
4741
4744
4749
4752
4755
4756
4757
4768
4773
4774
4781
4783
4784
4785
4787
4789
4791
4793
4798
4803
4805
4808
4809
4811
4813
4816
4817
4818
4820
4821
4822
4824
4828
4831
4834
4836
4838
4839
4841
4842
4845
4849
4856
4857
4858
4864
4865
4869
4871
4876
4877
4878
4880
4883
4890
4891
4892
4897
4898
4901
4903
4904
4906
4909
4913
4916
4918
4919
4925
4926
4933
4938
4942
4943
4944
4952
4956
4960
4962
4963
4967
4968
4969
4971
4973
4974
4975
4977
4979
4984
4987
4988
4991
4992
4995
4998
5000
5003
5007
5014
5021
5022
5023
5026
5027
5029
5035
5039
5040
5050
5059
5061
5063
5073
5075
5076
5077
5078
5079
5088
5091
5092
5096
5098
5099
5101
5102
5103
5105
5108
5109
5113
5119
5120
5121
5125
5127
5130
5131
5142
5145
5146
5148
5154
5158
5159
5161
5164
5165
5169
5170
5174
5175
5179
5180
5182
5184
5187
5188
5189
5191
5196
5197
5199
5205
5210
5211
5212
5215
5217
5222
5224
5229
5231
5233
5234
5241
5242
5243
5244
5245
5249
5253
5254
5257
5258
5267
5273
5276
5277
5280
5283
5290
5293
5297
5298
5300
5301
5306
5308
5311
5312
5313
5317
5320
5323
5325
5328
5330
5331
5335
5338
5341
5342
5344
5346
5347
5348
5350
5357
5358
5359
5363
5365
5366
5367
5370
5374
5378
5382
5401
5404
5405
5407
5410
5411
5414
5416
5422
5423
5424
5425
5426
5431
5433
5435
5438
5440
5442
5445
5447
5449
5456
5457
5459
5460
5461
5467
5472
5474
5476
5486
5493
5497
5505
5509
5517
5519
5521
5522
5525
5526
5528
5533
5536
5541
5547
5548
5549
5552
5553
5555
5558
5562
5568
5569
5571
5574
5579
5581
5584
5586
5587
5590
5592
5593
5594
5601
5604
5615
5623
5624
5628
5630
5633
5636
5642
5648
5649
5654
5661
5673
5675
5679
5680
5686
5689
5690
5695
5706
5709
5712
5713
5715
5717
5722
5725
5735
5741
5742
5748
5756
5761
5764
5765
5768
5774
5775
5785
5790
5792
5794
5797
5798
5799
5802
5808
5809
5826
5827
5834
5838
5841
5845
5851
5853
5854
5858
5859
5860
5864
5868
5878
5879
5881
5883
5885
5886
5887
5893
5897
5900
5906
5910
5921
5922
5927
5930
5937
5939
5944
5947
5948
5950
5955
5958
5963
5965
5970
5973
5974
5975
5978
5980
5983
5992
6004
6005
6009
6012
6013
6019
6025
6027
6031
6035
6042
6043
6046
6048
6050
6051
6054
6055
6070
6072
6079
6080
6086
6087
6089
6090
6096
6097
6111
6112
6114
6118
6122
6123
6125
6131
6134
6138
6140
6142
6146
6150
6152
6167
6168
6172
6174
6180
6182
6184
6186
6187
6188
6190
6191
6198
6205
6206
6212
6213
6215
6219
6223
6224
6225
6230
6231
6234
6241
6242
6244
6245
6246
6252
6253
6254
6262
6269
6270
6275
6276
6277
6281
6284
6285
6286
6287
6293
6294
6296
6297
6299
6300
6304
6306
6308
6311
6313
6318
6322
6323
6325
6329
6333
6336
6337
6338
6341
6344
6346
6351
6353
6354
6356
6357
6366
6368
6369
6370
6371
6377
6379
6380
6385
6387
6388
6391
6394
6397
6401
6406
6409
6410
6411
6412
6419
6420
6423
6427
6429
6430
6438
6443
6451
6452
6453
6458
6460
6466
6468
6469
6474
6477
6479
6495
6498
6525
6535
6593
6595
6641
6763
6776
6818
6819
6951
7011
7149
7190
7289
7313
7320
7610
7633
7648
7682
7793
7799
7880
8158
8175
8228
8277
8290
8321
8323
8366
8460
8469
8493
8503
8547
8589
8630
8634
8643
8698
8997
9015
9028
9109
9162
9213
9238
9304
9499
9546
9580
9643
9672
9688
9755
9780
9797
9803
9854
9907
9926
9956
10038
10140
10154
10189
10312
10346
10448
10509
10520
10599
10605
10721
11014
11125
11166
11189
11303
11313
11396
11439
11446
11757
11811
12210
12360
12923
