1
2
3
9
15
16
17
20
21
29
30
31
33
34
36
37
40
41
42
43
44
46
49
51
58
59
60
61
68
69
70
71
72
78
82
83
85
92
93
94
95
96
97
98
100
103
105
108
109
110
117
119
121
123
125
126
128
129
136
138
141
144
145
146
150
155
157
158
160
161
163
164
165
168
169
172
176
181
184
185
188
200
201
202
205
208
211
212
213
216
218
219
221
223
224
226
227
228
229
230
232
233
234
235
237
241
242
243
247
257
259
260
265
267
269
275
276
277
278
281
282
286
288
291
292
300
301
304
310
311
315
319
321
323
324
328
331
332
337
340
343
344
345
353
354
359
363
367
373
375
376
377
382
386
388
391
392
397
400
405
406
410
415
416
417
418
420
427
430
436
440
449
451
453
457
461
465
467
468
471
474
475
478
487
488
489
490
492
495
498
501
504
507
508
509
512
513
514
515
516
517
524
527
528
529
530
533
535
537
538
539
541
542
544
545
546
548
553
554
555
556
561
562
569
571
573
574
576
577
578
583
586
587
588
593
598
602
604
608
613
614
615
616
622
623
624
626
630
632
634
635
639
640
645
646
647
649
650
651
653
654
655
656
660
661
664
667
668
679
680
681
684
696
699
705
706
710
713
718
721
727
728
730
737
744
748
749
750
752
759
763
764
773
775
778
780
781
783
786
787
789
791
794
795
797
799
801
802
803
805
809
814
817
818
822
824
826
828
833
835
839
845
847
848
850
858
861
863
868
869
870
871
872
873
880
884
888
891
894
896
898
899
902
907
912
916
917
918
921
927
930
935
936
938
939
940
941
943
944
945
946
947
948
949
951
952
958
962
964
965
966
975
976
980
982
983
984
987
988
989
991
1001
1002
1003
1004
1012
1013
1020
1021
1023
1026
1027
1028
1029
1032
1038
1039
1040
1041
1042
1043
1046
1047
1049
1050
1052
1053
1054
1056
1059
1061
1066
1070
1082
1088
1093
1100
1104
1106
1116
1117
1120
1124
1130
1132
1134
1138
1141
1142
1144
1146
1148
1149
1150
1151
1153
1155
1158
1159
1161
1163
1164
1165
1167
1176
1177
1178
1179
1180
1181
1196
1197
1199
1200
1201
1204
1205
1207
1211
1215
1216
1217
1220
1221
1223
1227
1232
1236
1238
1245
1249
1251
1256
1257
1258
1266
1270
1271
1274
1277
1279
1280
1281
1282
1283
1284
1286
1288
1290
1293
1296
1297
1298
1299
1301
1302
1305
1306
1307
1311
1316
1318
1323
1325
1332
1333
1334
1336
1338
1339
1341
1342
1346
1351
1355
1356
1357
1360
1366
1367
1369
1370
1371
1373
1375
1384
1385
1386
1387
1391
1393
1399
1400
1404
1405
1406
1407
1408
1409
1414
1418
1422
1423
1427
1428
1432
1433
1434
1435
1438
1440
1443
1453
1457
1461
1464
1465
1468
1470
1477
1478
1479
1483
1490
1491
1492
1493
1499
1507
1516
1518
1519
1520
1521
1522
1523
1525
1527
1532
1535
1538
1539
1541
1548
1558
1564
1566
1570
1571
1572
1575
1576
1584
1587
1588
1589
1593
1594
1595
1599
1600
1605
1606
1607
1610
1611
1613
1619
1629
1640
1641
1645
1652
1662
1670
1671
1673
1681
1692
1705
1712
1716
1734
1735
1738
1739
1747
1751
1760
1763
1768
1769
1772
1774
1776
1778
1785
1786
1791
1793
1794
1799
1802
1805
1806
1809
1811
1813
1815
1817
1820
1826
1828
1829
1832
1835
1836
1837
1839
1843
1845
1846
1851
1856
1857
1860
1861
1862
1863
1865
1867
1870
1871
1872
1873
1875
1879
1883
1886
1887
1889
1890
1892
1896
1897
1900
1903
1908
1909
1910
1911
1923
1925
1929
1932
1943
1951
1952
1959
1960
1961
1962
1968
1970
1971
1973
1974
1976
1978
1981
1984
1986
1987
1994
1995
1998
1999
2004
2005
2017
2020
2022
2024
2033
2041
2047
2049
2053
2054
2063
2064
2066
2072
2075
2077
2079
2080
2083
2086
2088
2090
2091
2094
2096
2099
2101
2102
2103
2108
2113
2114
2117
2120
2121
2123
2124
2125
2128
2132
2133
2139
2140
2143
2144
2146
2148
2150
2151
2155
2156
2157
2160
2161
2168
2173
2174
2182
2183
2191
2193
2194
2196
2198
2203
2204
2209
2210
2213
2215
2216
2217
2218
2221
2224
2226
2227
2230
2231
2232
2235
2239
2245
2248
2250
2252
2253
2257
2259
2261
2263
2265
2266
2268
2269
2271
2272
2276
2279
2283
2288
2294
2297
2299
2301
2304
2308
2310
2312
2314
2318
2320
2325
2327
2329
2330
2331
2333
2335
2337
2338
2339
2341
2342
2344
2355
2358
2361
2364
2365
2367
2371
2372
2373
2374
2375
2384
2387
2392
2394
2396
2397
2404
2406
2407
2409
2411
2419
2420
2422
2424
2426
2427
2428
2429
2430
2431
2432
2435
2440
2447
2448
2450
2454
2457
2458
2460
2462
2463
2464
2468
2469
2471
2474
2475
2477
2478
2479
2480
2482
2483
2484
2485
2490
2492
2494
2498
2505
2507
2509
2511
2512
2513
2518
2523
2526
2539
2540
2544
2545
2550
2554
2556
2562
2563
2565
2569
2570
2571
2572
2575
2577
2578
2583
2584
2585
2588
2592
2593
2594
2596
2599
2600
2602
2613
2615
2621
2628
2629
2630
2635
2636
2639
2642
2643
2652
2654
2659
2660
2664
2673
2675
2676
2679
2681
2682
2683
2685
2687
2688
2694
2698
2699
2700
2702
2703
2705
2706
2709
2711
2712
2714
2715
2717
2718
2721
2724
2725
2727
2734
2739
2743
2745
2759
2760
2764
2768
2771
2778
2780
2781
2786
2788
2789
2792
2793
2795
2796
2797
2803
2808
2810
2815
2821
2822
2824
2826
2827
2828
2836
2837
2841
2845
2846
2853
2855
2857
2866
2870
2871
2875
2881
2883
2885
2886
2887
2897
2901
2905
2912
2914
2915
2917
2921
2927
2929
2932
2934
2936
2938
2939
2940
2941
2942
2946
2949
2950
2952
2958
2960
2961
2962
2965
2967
2969
2975
2976
2977
2978
2979
2980
2984
2987
2990
2997
3000
3006
3010
3012
3014
3020
3021
3023
3025
3033
3038
3042
3047
3050
3057
3058
3060
3062
3064
3066
3074
3082
3087
3091
3095
3099
3101
3109
3111
3114
3116
3118
3119
3123
3126
3129
3131
3132
3144
3152
3155
3157
3163
3167
3172
3177
3189
3193
3196
3197
3199
3202
3206
3207
3208
3211
3213
3217
3218
3221
3225
3229
3230
3232
3238
3239
3240
3249
3254
3257
3258
3259
3260
3265
3268
3269
3275
3277
3280
3282
3283
3286
3290
3291
3293
3297
3300
3301
3302
3307
3312
3316
3320
3322
3323
3326
3327
3328
3329
3334
3336
3337
3340
3343
3346
3348
3349
3355
3357
3362
3364
3365
3366
3368
3373
3376
3379
3380
3381
3394
3397
3401
3403
3404
3406
3410
3413
3414
3415
3416
3420
3421
3425
3426
3428
3429
3430
3432
3438
3440
3441
3443
3446
3447
3448
3451
3459
3461
3462
3464
3465
3470
3471
3473
3475
3476
3477
3479
3480
3481
3482
3483
3484
3487
3490
3491
3492
3493
3494
3498
3499
3501
3502
3503
3504
3505
3511
3512
3514
3516
3518
3523
3524
3525
3527
3528
3529
3530
3538
3542
3543
3553
3554
3556
3557
3561
3568
3569
3571
3574
3577
3579
3581
3582
3583
3584
3585
3586
3588
3591
3593
3596
3599
3602
3603
3606
3610
3612
3618
3621
3625
3626
3630
3632
3636
3643
3645
3646
3649
3650
3653
3656
3659
3661
3665
3666
3669
3670
3672
3673
3674
3676
3677
3678
3679
3681
3686
3687
3689
3691
3695
3697
3699
3703
3704
3706
3708
3709
3715
3718
3725
3729
3738
3742
3744
3745
3746
3748
3752
3754
3760
3768
3770
3773
3774
3778
3782
3783
3784
3785
3790
3791
3795
3797
3799
3800
3802
3805
3806
3809
3811
3814
3817
3822
3824
3825
3826
3829
3831
3832
3837
3838
3845
3847
3848
3851
3853
3854
3855
3859
3864
3870
3871
3872
3874
3879
3884
3890
3893
3894
3896
3903
3905
3906
3913
3920
3921
3924
3925
3930
3931
3933
3935
3940
3941
3942
3951
3954
3955
3956
3960
3964
3967
3973
3978
3979
3986
3991
3993
3995
3996
3999
4001
4002
4004
4005
4006
4009
4011
4013
4017
4018
4021
4023
4024
4025
4029
4030
4031
4032
4033
4038
4050
4055
4056
4058
4060
4063
4064
4066
4069
4072
4073
4075
4079
4081
4082
4088
4092
4098
4099
4102
4105
4107
4111
4115
4117
4119
4120
4123
4125
4126
4127
4128
4130
4131
4133
4142
4146
4155
4156
4158
4160
4161
4166
4167
4168
4170
4171
4177
4179
4184
4185
4186
4190
4194
4196
4205
4212
4213
4217
4219
4220
4222
4233
4234
4239
4241
4244
4245
4246
4247
4250
4251
4256
4263
4267
4268
4279
4281
4282
4287
4288
4292
4293
4295
4300
4301
4306
4308
4309
4310
4312
4313
4316
4321
4325
4328
4329
4334
4337
4338
4342
4350
4352
4361
4362
4364
4369
4382
4387
4389
4394
4408
4413
4416
4418
4421
4428
4431
4433
4438
4441
4444
4445
4446
4449
4457
4462
4467
4473
4476
4481
4482
4483
4484
4485
4489
4493
4494
4498
4504
4506
4514
4515
4527
4531
4534
4535
4537
4540
4543
4544
4548
4551
4554
4560
4561
4568
4569
4571
4572
4574
4575
4577
4578
4581
4582
4583
4584
4587
4591
4593
4596
4600
4601
4603
4604
4605
4606
4607
4611
4612
4614
4620
4623
4625
4627
4628
4634
4636
4642
4643
4650
4651
4659
4661
4663
4665
4666
4677
4685
4686
4688
4692
4696
4697
4698
4700
4702
4704
4711
4713
4714
4718
4724
4725
4727
4735
4737
4738
4739
4741
4744
4749
4755
4757
4766
4768
4769
4774
4776
4777
4783
4784
4785
4786
4789
4791
4793
4798
4808
4809
4811
4813
4814
4816
4817
4818
4820
4821
4822
4824
4828
4830
4834
4836
4838
4839
4841
4845
4849
4853
4854
4857
4858
4859
4861
4865
4867
4871
4875
4876
4877
4878
4880
4883
4885
4891
4892
4897
4901
4903
4904
4906
4913
4914
4915
4916
4917
4918
4925
4926
4928
4933
4937
4938
4942
4943
4944
4952
4960
4963
4967
4969
4971
4972
4973
4974
4975
4977
4978
4979
4980
4984
4987
4988
4991
4992
4995
4997
4998
5000
5003
5011
5014
5026
5027
5029
5036
5039
5040
5044
5047
5063
5064
5073
5075
5077
5078
5079
5082
5086
5088
5091
5096
5098
5102
5103
5105
5108
5109
5113
5119
5121
5130
5131
5135
5142
5146
5148
5152
5154
5159
5161
5164
5165
5167
5169
5170
5175
5179
5181
5182
5184
5188
5189
5191
5197
5199
5201
5205
5211
5215
5217
5222
5223
5224
5226
5231
5233
5242
5243
5244
5245
5247
5249
5253
5257
5258
5261
5262
5263
5267
5273
5276
5277
5280
5283
5293
5297
5298
5300
5301
5302
5304
5306
5308
5311
5312
5313
5318
5320
5323
5328
5330
5335
5341
5342
5344
5346
5347
5348
5350
5357
5363
5365
5366
5367
5370
5372
5374
5378
5381
5382
5388
5389
5391
5393
5394
5404
5405
5407
5411
5423
5424
5425
5426
5427
5430
5431
5433
5435
5438
5440
5442
5449
5457
5458
5460
5461
5473
5474
5476
5479
5483
5486
5493
5497
5498
5505
5506
5509
5512
5517
5519
5521
5522
5526
5528
5533
5536
5537
5541
5546
5547
5548
5549
5552
5555
5557
5558
5561
5562
5565
5567
5568
5569
5571
5574
5579
5584
5586
5587
5589
5590
5592
5593
5594
5595
5597
5598
5601
5604
5607
5615
5618
5620
5622
5624
5628
5630
5636
5639
5640
5642
5648
5654
5659
5661
5673
5680
5686
5690
5692
5693
5695
5698
5699
5706
5712
5713
5715
5717
5720
5721
5722
5724
5725
5730
5731
5735
5739
5742
5747
5748
5756
5761
5764
5765
5771
5774
5775
5782
5784
5785
5787
5788
5792
5798
5801
5809
5812
5813
5814
5815
5823
5826
5827
5834
5839
5841
5843
5844
5845
5851
5852
5853
5854
5856
5858
5859
5864
5868
5879
5883
5887
5890
5891
5893
5897
5900
5901
5902
5921
5922
5925
5927
5937
5938
5939
5942
5944
5945
5947
5949
5950
5957
5958
5959
5963
5965
5969
5970
5974
5975
5978
5980
5982
5983
5987
5992
5994
6000
6002
6003
6004
6009
6010
6012
6013
6021
6022
6031
6035
6036
6040
6041
6043
6045
6046
6050
6051
6054
6055
6062
6070
6071
6072
6074
6076
6079
6080
6086
6088
6089
6090
6095
6096
6097
6100
6114
6118
6122
6125
6131
6133
6134
6138
6140
6142
6150
6152
6163
6164
6167
6168
6170
6174
6176
6179
6180
6182
6184
6186
6188
6190
6191
6194
6198
6200
6201
6205
6206
6208
6213
6215
6219
6223
6224
6225
6227
6230
6231
6234
6235
6241
6242
6245
6246
6253
6254
6256
6261
6262
6265
6267
6269
6270
6275
6276
6277
6281
6284
6285
6286
6287
6292
6294
6296
6300
6304
6306
6309
6311
6318
6322
6325
6327
6329
6331
6338
6341
6345
6346
6350
6352
6356
6357
6369
6370
6371
6375
6377
6379
6380
6383
6385
6387
6388
6391
6394
6395
6401
6402
6408
6409
6410
6411
6420
6424
6427
6428
6430
6436
6438
6443
6447
6448
6451
6452
6453
6454
6459
6464
6466
6468
6469
6471
6473
6474
6477
6479
6507
6525
6632
6641
6650
6700
6726
6774
6804
6916
6951
6995
7190
7264
7289
7351
7522
7677
7708
7716
7752
7761
7799
7876
7896
7911
8128
8163
8175
8228
8238
8277
8312
8364
8469
8507
8573
8672
8695
8698
8760
8844
8869
9108
9109
9138
9191
9234
9238
9248
9499
9528
9629
9643
9688
9814
9857
9879
9907
9932
9944
9956
9966
10008
10044
10189
10207
10215
10226
10349
10520
10579
10665
10721
10752
10846
10904
10981
11012
11014
11120
11164
11268
11270
11327
11360
11370
11439
11467
11758
11811
11965
12923
