3
11
28
29
31
36
41
48
50
53
55
59
62
83
90
92
97
98
116
117
119
123
126
135
136
137
143
146
147
157
158
165
173
176
177
205
212
215
216
221
223
227
228
232
235
240
241
242
260
264
276
278
281
282
284
286
304
309
323
328
329
349
354
355
363
371
377
382
383
386
391
392
396
397
398
410
415
417
418
420
427
437
440
441
455
457
461
466
467
475
478
487
493
498
512
514
530
533
537
539
540
541
546
548
568
586
593
595
608
614
623
624
632
635
656
661
670
677
680
683
684
685
696
701
727
750
752
754
770
778
787
790
795
801
813
817
818
824
826
828
847
848
864
869
871
873
880
888
894
899
908
909
911
916
918
921
927
935
941
943
944
945
946
949
960
962
969
975
984
987
989
997
998
1003
1012
1021
1023
1028
1042
1045
1046
1053
1059
1064
1067
1087
1093
1094
1095
1103
1104
1106
1135
1136
1139
1179
1180
1181
1189
1204
1205
1211
1220
1228
1254
1257
1261
1262
1271
1276
1277
1279
1280
1281
1284
1286
1288
1291
1293
1318
1326
1330
1332
1338
1339
1341
1342
1346
1348
1360
1370
1371
1375
1381
1383
1384
1386
1389
1392
1393
1395
1400
1402
1407
1414
1427
1428
1432
1435
1440
1443
1444
1453
1455
1465
1470
1471
1477
1491
1494
1508
1518
1523
1534
1538
1539
1541
1564
1570
1571
1572
1585
1595
1599
1617
1620
1630
1641
1645
1681
1705
1739
1760
1762
1767
1771
1772
1786
1790
1797
1805
1806
1815
1820
1851
1861
1869
1871
1873
1875
1886
1891
1892
1904
1905
1910
1920
1925
1926
1929
1946
1971
1974
1978
2002
2024
2047
2066
2080
2108
2109
2111
2127
2130
2131
2132
2133
2139
2143
2148
2149
2150
2156
2160
2166
2186
2191
2193
2195
2198
2209
2210
2218
2221
2224
2230
2235
2237
2238
2239
2248
2256
2259
2260
2263
2265
2266
2271
2278
2283
2287
2297
2299
2304
2306
2310
2311
2319
2320
2323
2325
2337
2338
2339
2340
2343
2344
2350
2367
2371
2372
2374
2375
2387
2391
2394
2404
2406
2419
2429
2430
2433
2435
2447
2450
2454
2455
2462
2468
2477
2478
2479
2480
2482
2484
2485
2492
2493
2498
2503
2509
2512
2523
2526
2548
2556
2558
2562
2565
2571
2573
2578
2582
2584
2592
2596
2602
2615
2626
2628
2629
2630
2632
2645
2652
2659
2666
2671
2682
2685
2687
2710
2716
2717
2718
2721
2737
2740
2778
2780
2781
2789
2792
2796
2803
2824
2826
2848
2871
2875
2886
2894
2897
2911
2916
2921
2923
2942
2949
2958
2960
2962
2976
2983
2990
2991
3000
3012
3017
3026
3058
3066
3086
3087
3091
3107
3109
3111
3112
3118
3126
3129
3141
3150
3151
3152
3158
3166
3167
3168
3172
3181
3182
3189
3197
3206
3207
3211
3213
3215
3223
3228
3234
3238
3239
3240
3242
3259
3260
3273
3275
3280
3283
3286
3291
3300
3303
3322
3323
3326
3329
3337
3347
3354
3355
3356
3365
3366
3381
3395
3397
3406
3410
3420
3427
3429
3430
3432
3448
3470
3471
3479
3487
3489
3492
3494
3496
3499
3507
3511
3514
3518
3519
3523
3525
3534
3551
3556
3557
3559
3566
3574
3575
3577
3581
3595
3598
3604
3609
3610
3612
3621
3625
3626
3640
3643
3645
3647
3650
3653
3654
3659
3661
3662
3663
3664
3665
3666
3674
3676
3684
3686
3692
3693
3697
3703
3706
3720
3745
3746
3753
3755
3767
3770
3774
3778
3782
3783
3785
3790
3795
3799
3811
3819
3826
3832
3842
3847
3848
3851
3860
3862
3870
3871
3875
3884
3893
3906
3921
3924
3925
3932
3933
3940
3947
3951
3954
3958
3960
3970
3973
3975
3992
3996
3998
4005
4008
4011
4012
4019
4023
4029
4038
4041
4055
4056
4060
4072
4078
4079
4089
4092
4098
4111
4119
4127
4128
4131
4135
4154
4158
4174
4177
4179
4185
4186
4190
4195
4196
4197
4199
4205
4206
4210
4212
4220
4231
4233
4234
4235
4241
4244
4251
4263
4276
4286
4288
4290
4292
4301
4306
4311
4319
4327
4347
4350
4352
4354
4364
4365
4370
4371
4387
4408
4415
4416
4418
4428
4431
4433
4438
4446
4449
4476
4485
4488
4489
4506
4515
4520
4524
4525
4538
4545
4547
4548
4554
4559
4561
4563
4571
4573
4574
4576
4578
4583
4587
4602
4607
4608
4611
4614
4628
4640
4649
4650
4658
4661
4681
4692
4694
4700
4704
4708
4714
4718
4719
4725
4726
4727
4735
4737
4740
4747
4762
4766
4784
4785
4789
4790
4793
4798
4800
4804
4808
4813
4814
4820
4837
4838
4839
4849
4857
4865
4871
4876
4882
4883
4891
4892
4897
4913
4914
4925
4942
4944
4952
4957
4963
4968
4973
4975
4978
4979
4991
4992
4995
4998
5007
5010
5014
5040
5042
5043
5046
5061
5063
5075
5076
5077
5088
5103
5105
5106
5108
5109
5113
5120
5148
5153
5159
5169
5175
5176
5180
5188
5213
5215
5222
5224
5243
5245
5247
5268
5273
5274
5276
5289
5300
5301
5306
5308
5341
5348
5365
5374
5378
5388
5389
5392
5394
5401
5404
5409
5419
5422
5426
5434
5449
5454
5456
5457
5460
5474
5479
5483
5486
5490
5506
5508
5517
5526
5536
5539
5541
5546
5549
5550
5557
5558
5561
5562
5564
5566
5567
5568
5569
5571
5575
5581
5587
5592
5595
5598
5601
5602
5611
5618
5623
5628
5636
5639
5646
5649
5652
5657
5675
5686
5693
5694
5695
5698
5702
5703
5717
5722
5730
5731
5735
5740
5741
5742
5747
5748
5751
5756
5765
5767
5776
5780
5782
5792
5798
5808
5813
5815
5820
5824
5838
5843
5849
5855
5860
5867
5871
5874
5885
5890
5891
5897
5901
5902
5916
5918
5923
5925
5931
5933
5934
5938
5939
5949
5951
5955
5957
5963
5964
5973
5975
5977
5983
5987
5994
6004
6013
6016
6021
6029
6031
6032
6033
6043
6046
6053
6054
6061
6074
6080
6082
6088
6091
6092
6095
6109
6114
6118
6122
6132
6147
6150
6151
6184
6186
6192
6195
6198
6206
6219
6224
6231
6235
6241
6242
6253
6256
6274
6281
6284
6286
6300
6304
6306
6308
6309
6311
6317
6331
6332
6338
6345
6357
6381
6394
6401
6402
6404
6409
6412
6415
6424
6427
6429
6431
6437
6438
6443
6445
6451
6452
6453
6455
6459
6477
6507
6532
6537
6601
6630
6641
6651
6833
6859
6916
6998
7104
7286
7289
7308
7334
7336
7339
7371
7429
7490
7547
7599
7605
7676
7752
7758
7781
7826
7830
7908
7946
7965
8016
8143
8179
8254
8299
8330
8345
8385
8396
8400
8405
8418
8442
8497
8521
8598
8606
8620
8630
8634
8647
8656
8672
8695
8698
8726
8739
8740
8762
8788
8804
8824
8830
8864
8865
8900
8917
8986
8988
9124
9163
9180
9183
9191
9248
9253
9331
9384
9436
9450
9479
9495
9545
9612
9662
9667
9677
9785
9801
9808
9832
9848
9879
9883
9955
9984
10054
10141
10189
10200
10252
10287
10312
10419
10458
10520
10541
10548
10610
10640
10665
10679
10700
10734
10762
10780
10796
10901
10912
10930
10999
11051
11120
11125
11167
11189
11202
11223
11274
11275
11303
11313
11385
11409
11446
11865
11881
12020
12059
12062
12635
12639
