1
2
10
15
16
17
20
21
22
25
26
28
29
30
34
36
40
41
42
43
44
48
49
50
51
53
55
58
59
60
61
62
67
69
70
73
78
80
81
82
83
85
91
92
93
95
96
97
98
100
101
105
106
108
109
110
112
115
117
119
121
123
124
125
128
129
131
136
138
141
143
144
145
146
150
155
158
160
161
165
168
169
172
175
176
184
185
188
190
195
198
200
201
204
205
208
209
213
216
218
219
224
225
226
227
228
229
230
232
233
234
235
237
240
241
243
244
245
246
247
250
257
259
260
262
263
264
265
266
269
271
275
276
277
278
281
282
284
285
286
288
291
292
295
300
301
302
304
305
306
307
308
309
310
311
315
317
320
321
323
324
328
331
332
337
338
340
342
344
348
354
355
357
360
367
370
373
374
375
376
377
378
379
382
383
386
388
391
396
397
398
399
400
402
404
405
406
409
415
416
417
418
419
420
425
427
430
436
440
441
443
445
446
448
449
451
455
456
457
461
465
466
467
468
471
475
478
484
485
487
492
493
495
498
501
504
507
508
512
513
514
516
517
520
530
533
535
536
537
539
540
541
545
548
549
553
555
556
558
561
562
568
569
571
573
574
576
577
578
580
583
588
591
593
596
597
604
608
615
616
622
623
624
626
628
630
632
634
635
638
639
640
646
647
649
650
651
653
654
655
656
659
664
667
668
669
670
674
679
680
683
684
689
695
696
699
702
703
706
707
710
713
716
717
718
719
720
726
727
737
744
748
749
750
752
754
755
760
766
773
778
779
780
781
783
786
787
788
789
790
791
794
795
797
799
801
805
814
817
821
824
825
826
828
833
835
839
842
843
845
847
848
851
858
860
861
863
868
869
870
871
872
878
882
884
888
891
892
893
894
896
897
899
900
902
906
907
908
909
912
915
917
918
927
935
936
938
939
940
941
942
943
944
945
946
948
949
951
952
954
955
956
960
962
964
965
976
977
980
982
983
984
987
989
991
992
997
1000
1001
1003
1012
1013
1016
1020
1021
1022
1023
1026
1030
1031
1032
1037
1039
1040
1041
1042
1043
1045
1046
1047
1048
1049
1050
1052
1053
1056
1059
1061
1064
1065
1066
1068
1070
1073
1076
1077
1078
1082
1086
1087
1088
1090
1093
1096
1097
1100
1101
1103
1104
1106
1109
1113
1115
1116
1117
1119
1120
1124
1125
1130
1134
1135
1138
1141
1142
1146
1148
1149
1150
1151
1153
1155
1156
1157
1158
1159
1161
1162
1163
1165
1173
1176
1177
1178
1179
1180
1184
1185
1190
1192
1196
1197
1200
1201
1204
1205
1207
1211
1212
1216
1217
1220
1223
1227
1231
1234
1236
1237
1238
1242
1249
1258
1259
1262
1263
1266
1271
1273
1274
1277
1278
1279
1280
1281
1282
1284
1286
1288
1289
1290
1291
1296
1298
1299
1301
1302
1304
1305
1307
1311
1312
1313
1314
1318
1323
1325
1326
1327
1334
1335
1338
1341
1342
1346
1350
1351
1352
1355
1356
1357
1359
1360
1362
1364
1366
1367
1370
1371
1373
1375
1381
1383
1385
1386
1387
1391
1393
1396
1398
1399
1400
1403
1405
1407
1408
1409
1413
1414
1417
1418
1420
1422
1423
1427
1430
1432
1433
1434
1435
1438
1443
1445
1446
1453
1455
1457
1460
1462
1464
1465
1466
1468
1471
1472
1473
1475
1476
1477
1478
1479
1480
1483
1485
1489
1490
1492
1493
1495
1496
1497
1499
1501
1504
1507
1509
1513
1514
1516
1518
1520
1522
1523
1525
1526
1527
1532
1535
1538
1539
1541
1548
1551
1552
1554
1561
1566
1570
1571
1572
1573
1574
1581
1583
1586
1588
1593
1594
1595
1600
1606
1611
1612
1613
1615
1617
1619
1620
1629
1640
1641
1645
1650
1662
1670
1671
1673
1701
1704
1712
1713
1716
1723
1734
1735
1738
1739
1746
1747
1751
1756
1757
1758
1760
1763
1767
1768
1769
1772
1776
1777
1778
1783
1785
1786
1790
1791
1793
1794
1797
1799
1802
1803
1805
1806
1808
1809
1813
1815
1816
1817
1826
1827
1828
1831
1832
1833
1835
1836
1837
1839
1843
1845
1850
1856
1857
1860
1861
1862
1863
1865
1866
1867
1868
1869
1871
1872
1873
1875
1876
1883
1885
1889
1890
1891
1892
1894
1897
1900
1903
1908
1910
1911
1912
1913
1916
1920
1923
1925
1926
1929
1932
1936
1942
1943
1946
1947
1950
1951
1952
1958
1959
1960
1961
1962
1968
1970
1971
1972
1974
1976
1978
1981
1983
1984
1986
1987
1994
1995
1998
1999
2004
2005
2007
2011
2017
2018
2022
2032
2033
2034
2041
2043
2047
2049
2054
2057
2058
2061
2064
2066
2067
2071
2072
2075
2077
2078
2079
2080
2082
2083
2088
2090
2091
2094
2099
2101
2102
2108
2109
2111
2114
2117
2120
2122
2123
2124
2125
2127
2128
2129
2130
2131
2132
2133
2136
2139
2140
2143
2144
2146
2148
2151
2155
2156
2157
2160
2161
2166
2169
2172
2173
2174
2182
2185
2186
2189
2191
2193
2194
2195
2196
2198
2203
2204
2205
2209
2210
2213
2215
2216
2217
2218
2221
2225
2226
2228
2229
2230
2231
2232
2233
2235
2236
2237
2243
2248
2250
2252
2253
2256
2257
2259
2261
2262
2263
2265
2266
2267
2268
2269
2271
2272
2273
2276
2278
2279
2282
2287
2288
2289
2293
2294
2297
2298
2299
2304
2305
2308
2310
2311
2314
2315
2317
2318
2320
2323
2325
2327
2329
2330
2331
2335
2336
2337
2338
2339
2341
2342
2344
2346
2350
2352
2358
2361
2365
2367
2371
2372
2373
2374
2375
2377
2378
2381
2384
2387
2391
2392
2395
2397
2404
2406
2407
2408
2409
2411
2413
2415
2417
2419
2420
2422
2424
2426
2427
2429
2430
2432
2433
2435
2436
2447
2450
2454
2455
2456
2457
2458
2460
2462
2463
2464
2468
2474
2475
2477
2478
2479
2480
2482
2483
2484
2485
2487
2489
2490
2492
2497
2498
2500
2503
2504
2505
2511
2512
2513
2515
2518
2520
2523
2526
2527
2528
2529
2539
2540
2544
2545
2546
2547
2550
2553
2554
2556
2557
2558
2562
2565
2569
2570
2571
2572
2575
2577
2578
2583
2584
2585
2587
2588
2590
2594
2596
2598
2599
2600
2601
2608
2610
2615
2616
2617
2621
2622
2626
2629
2630
2635
2636
2637
2642
2645
2647
2649
2651
2652
2654
2655
2657
2659
2664
2668
2673
2675
2676
2679
2680
2681
2682
2683
2685
2686
2688
2694
2695
2697
2698
2702
2703
2704
2705
2706
2709
2711
2713
2714
2717
2718
2721
2724
2725
2728
2730
2732
2733
2734
2739
2744
2745
2748
2753
2757
2765
2768
2771
2778
2780
2781
2782
2784
2786
2789
2792
2793
2797
2803
2805
2815
2821
2822
2824
2826
2828
2833
2836
2837
2841
2845
2851
2853
2855
2857
2860
2866
2868
2869
2870
2871
2874
2878
2882
2883
2885
2887
2890
2892
2894
2897
2905
2911
2912
2916
2919
2921
2927
2929
2931
2932
2937
2938
2939
2940
2941
2942
2946
2950
2957
2958
2960
2961
2962
2963
2965
2967
2968
2969
2973
2975
2976
2978
2981
2983
2984
2991
3000
3003
3005
3006
3010
3012
3014
3021
3023
3025
3029
3031
3033
3034
3037
3038
3042
3043
3044
3046
3047
3050
3055
3057
3058
3062
3064
3074
3077
3082
3086
3087
3091
3099
3100
3101
3102
3107
3109
3111
3112
3116
3118
3119
3123
3129
3132
3136
3141
3144
3148
3150
3151
3154
3155
3158
3159
3163
3167
3168
3172
3174
3175
3179
3180
3188
3189
3193
3195
3196
3199
3202
3206
3207
3208
3209
3210
3212
3213
3215
3217
3218
3221
3225
3226
3228
3229
3230
3232
3236
3237
3238
3239
3240
3249
3253
3254
3255
3257
3258
3259
3260
3268
3269
3273
3275
3277
3280
3283
3286
3290
3293
3296
3297
3298
3300
3302
3303
3305
3307
3313
3314
3316
3322
3323
3324
3326
3327
3328
3329
3334
3336
3337
3340
3342
3343
3344
3349
3352
3354
3355
3356
3357
3362
3364
3366
3373
3376
3379
3381
3394
3401
3403
3406
3407
3413
3415
3420
3421
3425
3426
3428
3429
3430
3431
3434
3438
3440
3443
3446
3448
3462
3464
3465
3470
3471
3472
3473
3474
3475
3476
3480
3481
3482
3483
3489
3491
3496
3497
3498
3499
3502
3504
3505
3511
3512
3514
3516
3524
3525
3528
3529
3530
3534
3535
3540
3541
3542
3543
3552
3553
3556
3557
3560
3561
3563
3566
3568
3569
3572
3577
3579
3583
3585
3586
3588
3593
3596
3598
3599
3601
3602
3603
3605
3606
3610
3611
3612
3617
3618
3621
3625
3626
3631
3636
3639
3640
3644
3645
3646
3649
3650
3654
3656
3657
3661
3666
3669
3670
3673
3676
3677
3678
3681
3684
3685
3686
3687
3689
3692
3694
3695
3697
3699
3704
3705
3706
3708
3711
3714
3718
3720
3724
3725
3729
3730
3732
3738
3741
3742
3744
3745
3746
3748
3750
3752
3754
3759
3760
3764
3767
3768
3774
3778
3779
3782
3783
3784
3785
3790
3791
3794
3795
3797
3800
3806
3808
3809
3811
3812
3813
3814
3817
3821
3822
3824
3825
3826
3829
3832
3833
3837
3845
3847
3850
3851
3854
3858
3859
3864
3870
3871
3875
3879
3881
3883
3884
3892
3896
3898
3899
3904
3905
3906
3910
3913
3914
3918
3925
3926
3929
3930
3933
3935
3940
3942
3948
3952
3954
3955
3956
3957
3958
3960
3964
3970
3972
3973
3977
3978
3986
3988
3991
3993
3995
3996
3997
3999
4001
4002
4004
4005
4006
4009
4011
4012
4013
4017
4018
4021
4023
4030
4032
4033
4038
4044
4050
4055
4056
4058
4060
4063
4064
4065
4066
4067
4069
4072
4073
4076
4078
4079
4080
4081
4089
4092
4093
4098
4099
4100
4101
4102
4103
4105
4107
4108
4111
4112
4114
4115
4117
4119
4120
4123
4125
4126
4127
4128
4131
4133
4146
4155
4156
4157
4158
4159
4165
4166
4167
4170
4171
4175
4177
4183
4184
4185
4186
4190
4194
4199
4204
4205
4206
4211
4212
4213
4219
4220
4222
4231
4232
4233
4234
4235
4239
4241
4242
4243
4246
4247
4249
4250
4251
4253
4257
4263
4265
4267
4269
4272
4279
4280
4281
4282
4286
4287
4288
4290
4292
4293
4295
4301
4306
4308
4309
4310
4312
4313
4315
4316
4321
4325
4327
4329
4334
4337
4341
4342
4343
4344
4350
4352
4357
4358
4360
4362
4364
4365
4368
4369
4370
4371
4373
4382
4383
4387
4389
4394
4397
4398
4402
4407
4408
4411
4413
4414
4415
4416
4418
4419
4421
4425
4428
4430
4431
4433
4437
4438
4441
4444
4445
4446
4449
4454
4457
4465
4472
4476
4477
4482
4483
4484
4485
4493
4494
4495
4498
4504
4505
4506
4507
4509
4510
4514
4522
4525
4531
4534
4535
4537
4539
4540
4541
4544
4547
4548
4551
4553
4554
4557
4560
4561
4569
4570
4571
4572
4573
4574
4577
4578
4581
4582
4583
4585
4586
4588
4590
4591
4592
4593
4595
4600
4601
4602
4603
4605
4606
4607
4608
4612
4614
4619
4620
4623
4625
4626
4634
4636
4641
4642
4643
4644
4646
4649
4650
4651
4659
4660
4661
4662
4663
4665
4668
4677
4679
4685
4686
4688
4692
4693
4694
4696
4697
4698
4700
4701
4702
4704
4708
4710
4711
4713
4714
4717
4718
4723
4724
4725
4726
4727
4730
4735
4737
4739
4744
4747
4749
4752
4755
4756
4757
4758
4759
4766
4768
4774
4776
4777
4779
4780
4781
4783
4784
4785
4786
4787
4791
4793
4798
4800
4803
4804
4806
4807
4808
4809
4810
4811
4813
4814
4817
4818
4820
4822
4824
4826
4828
4830
4831
4833
4834
4836
4838
4839
4841
4842
4845
4846
4850
4853
4854
4855
4856
4857
4858
4861
4864
4865
4869
4875
4876
4877
4878
4880
4883
4890
4891
4894
4898
4901
4903
4904
4906
4909
4913
4914
4915
4916
4917
4918
4919
4922
4925
4926
4933
4936
4937
4938
4942
4943
4944
4947
4952
4956
4960
4962
4963
4967
4969
4971
4972
4973
4974
4975
4977
4978
4979
4980
4982
4984
4987
4988
4989
4991
4992
4995
4998
5000
5002
5003
5007
5008
5009
5011
5014
5018
5026
5027
5029
5031
5035
5036
5039
5044
5047
5050
5054
5057
5059
5061
5063
5064
5066
5073
5075
5076
5079
5082
5083
5089
5091
5096
5098
5099
5101
5102
5103
5107
5108
5109
5113
5115
5119
5120
5121
5123
5125
5127
5130
5131
5135
5137
5139
5140
5142
5145
5146
5148
5149
5153
5154
5158
5159
5161
5164
5165
5167
5169
5170
5174
5175
5176
5177
5179
5180
5181
5184
5188
5189
5191
5195
5197
5199
5205
5211
5213
5216
5217
5222
5223
5224
5230
5231
5233
5234
5237
5240
5241
5242
5243
5244
5245
5247
5249
5250
5253
5254
5255
5257
5258
5262
5263
5267
5274
5276
5277
5279
5280
5283
5285
5286
5289
5290
5293
5296
5297
5298
5300
5302
5304
5305
5308
5311
5312
5313
5318
5320
5321
5323
5325
5328
5331
5334
5335
5338
5340
5341
5344
5345
5346
5347
5348
5350
5351
5352
5357
5358
5359
5363
5365
5366
5367
5370
5371
5372
5374
5378
5381
5382
5385
5388
5401
5404
5407
5411
5414
5416
5420
5422
5423
5424
5425
5426
5427
5431
5433
5435
5438
5441
5442
5445
5449
5453
5456
5457
5458
5459
5460
5461
5467
5473
5474
5476
5479
5481
5482
5484
5486
5489
5494
5496
5498
5500
5503
5507
5509
5517
5519
5521
5522
5524
5525
5526
5529
5533
5536
5541
5544
5546
5547
5549
5553
5555
5558
5561
5562
5563
5568
5569
5570
5571
5574
5579
5584
5585
5586
5587
5589
5590
5592
5593
5594
5595
5597
5598
5604
5611
5615
5620
5624
5628
5630
5631
5633
5634
5636
5637
5638
5639
5640
5643
5644
5648
5649
5651
5654
5657
5659
5661
5670
5672
5673
5674
5675
5680
5689
5690
5692
5696
5699
5704
5705
5706
5712
5715
5717
5720
5722
5724
5725
5727
5728
5729
5731
5735
5737
5740
5742
5752
5753
5754
5756
5757
5761
5764
5765
5768
5774
5775
5777
5784
5785
5787
5788
5792
5797
5798
5799
5800
5801
5803
5808
5809
5812
5813
5814
5815
5823
5824
5825
5826
5827
5833
5834
5838
5841
5843
5844
5851
5852
5853
5854
5858
5860
5861
5862
5868
5877
5878
5879
5881
5883
5885
5886
5887
5889
5890
5891
5893
5900
5902
5903
5906
5910
5915
5921
5930
5934
5937
5938
5939
5944
5945
5948
5949
5950
5955
5957
5958
5962
5963
5965
5970
5978
5980
5981
5982
5987
5989
5990
5992
5994
6000
6002
6004
6009
6010
6011
6012
6013
6017
6025
6027
6031
6033
6035
6041
6042
6043
6048
6051
6053
6054
6062
6070
6071
6072
6075
6080
6086
6087
6089
6090
6093
6095
6096
6097
6108
6112
6114
6118
6122
6123
6125
6129
6131
6133
6138
6140
6142
6146
6150
6152
6164
6165
6167
6168
6170
6172
6174
6176
6179
6180
6182
6184
6186
6187
6188
6198
6200
6201
6205
6206
6207
6208
6213
6215
6217
6219
6221
6223
6224
6225
6230
6231
6234
6235
6236
6241
6242
6246
6252
6253
6254
6256
6261
6262
6264
6265
6269
6272
6274
6275
6276
6280
6281
6284
6285
6286
6287
6294
6296
6299
6304
6305
6306
6308
6309
6311
6318
6322
6325
6329
6331
6332
6337
6338
6341
6342
6344
6345
6346
6349
6350
6351
6352
6356
6357
6362
6363
6365
6368
6369
6371
6375
6377
6380
6383
6384
6385
6387
6388
6391
6394
6395
6397
6401
6402
6404
6405
6408
6409
6410
6411
6412
6419
6420
6423
6424
6427
6428
6429
6430
6434
6435
6436
6437
6438
6441
6443
6451
6452
6453
6459
6460
6464
6466
6468
6469
6471
6473
6475
6477
6478
6479
6480
11757
11758
11965
12115
