1
2
3
15
16
17
20
28
29
30
34
36
37
40
41
42
43
44
46
49
50
51
53
55
58
59
60
61
69
70
73
78
81
82
83
85
90
91
92
93
96
97
98
100
105
106
108
110
117
119
121
123
125
128
129
136
138
143
144
145
146
150
155
157
158
161
163
165
168
169
172
173
176
181
184
185
188
200
201
205
212
216
218
219
221
223
224
225
226
227
228
229
230
232
233
234
235
240
241
242
243
257
259
260
265
266
269
275
276
277
278
281
282
284
286
291
292
300
304
309
310
311
315
321
323
324
328
331
332
337
340
343
344
354
359
360
363
367
370
373
374
375
376
377
382
383
386
388
391
392
396
397
398
400
405
406
409
410
415
416
417
418
420
425
427
430
436
437
440
441
443
446
448
449
451
455
457
461
465
467
471
475
478
484
485
487
488
492
493
495
498
501
504
507
508
512
513
514
516
517
528
530
533
535
537
539
540
541
542
545
546
548
553
554
555
556
558
561
568
571
574
576
577
578
583
586
588
593
602
604
608
614
615
616
622
623
624
626
630
632
634
635
639
640
646
647
649
650
651
653
654
656
661
664
667
668
669
670
679
680
681
683
684
696
699
706
710
713
718
727
737
749
750
752
764
773
775
778
779
780
781
783
786
787
789
790
791
794
795
797
799
801
805
809
814
817
821
824
825
826
828
833
835
839
845
847
848
851
858
861
863
868
869
870
871
872
884
888
891
894
896
897
899
907
912
916
917
918
927
935
936
938
939
940
941
943
944
945
946
948
949
951
952
956
962
964
965
975
976
977
980
982
983
984
987
988
989
991
997
1001
1002
1003
1012
1013
1020
1021
1023
1026
1028
1031
1032
1037
1039
1040
1041
1042
1043
1045
1046
1047
1048
1049
1050
1052
1053
1054
1056
1059
1061
1064
1066
1067
1070
1082
1086
1087
1088
1093
1094
1095
1100
1103
1104
1106
1109
1116
1117
1119
1120
1124
1125
1130
1134
1138
1141
1142
1146
1148
1149
1150
1151
1153
1155
1157
1158
1159
1161
1163
1165
1167
1176
1178
1179
1180
1181
1192
1196
1197
1199
1200
1201
1204
1205
1207
1211
1215
1216
1217
1220
1223
1227
1228
1234
1236
1238
1257
1258
1259
1266
1271
1274
1277
1279
1280
1281
1282
1284
1286
1288
1290
1291
1293
1296
1298
1299
1301
1302
1307
1311
1318
1323
1325
1326
1332
1334
1336
1338
1341
1342
1346
1351
1355
1356
1357
1359
1360
1366
1367
1370
1371
1375
1384
1386
1387
1391
1393
1398
1399
1400
1405
1406
1407
1408
1409
1414
1422
1427
1432
1433
1435
1438
1440
1443
1445
1453
1455
1457
1464
1465
1468
1470
1471
1476
1477
1478
1479
1483
1490
1491
1492
1495
1496
1497
1499
1507
1509
1516
1518
1520
1522
1523
1525
1526
1527
1532
1535
1538
1539
1541
1554
1566
1570
1571
1572
1586
1588
1593
1594
1595
1599
1600
1606
1610
1611
1613
1617
1619
1620
1629
1640
1641
1645
1650
1671
1673
1705
1712
1734
1735
1738
1739
1747
1751
1758
1760
1763
1767
1768
1769
1772
1776
1785
1786
1790
1791
1793
1794
1797
1799
1803
1805
1806
1809
1813
1815
1817
1820
1826
1828
1831
1832
1835
1836
1837
1839
1843
1845
1856
1857
1860
1861
1862
1863
1865
1867
1870
1871
1872
1873
1875
1879
1883
1886
1889
1892
1896
1897
1900
1903
1908
1910
1911
1912
1923
1925
1926
1929
1943
1946
1947
1951
1952
1959
1960
1961
1962
1968
1970
1971
1974
1976
1978
1981
1984
1986
1987
1994
1995
1999
2004
2017
2022
2024
2033
2041
2047
2054
2057
2061
2063
2064
2066
2072
2075
2077
2080
2082
2088
2090
2091
2094
2099
2102
2103
2108
2109
2111
2114
2120
2123
2124
2125
2127
2128
2131
2132
2133
2139
2140
2143
2144
2148
2150
2151
2155
2156
2157
2160
2161
2169
2173
2174
2182
2185
2191
2193
2194
2195
2196
2198
2203
2204
2205
2209
2210
2213
2215
2216
2218
2221
2224
2226
2230
2231
2232
2233
2235
2236
2237
2248
2250
2252
2253
2256
2257
2259
2261
2263
2265
2266
2268
2269
2271
2272
2276
2278
2279
2283
2287
2288
2294
2297
2299
2304
2308
2310
2314
2315
2318
2320
2323
2325
2327
2329
2330
2331
2335
2337
2338
2339
2341
2342
2344
2350
2358
2361
2364
2365
2367
2371
2372
2373
2374
2375
2384
2387
2391
2392
2404
2406
2407
2409
2411
2419
2422
2424
2426
2427
2428
2429
2430
2433
2435
2447
2450
2454
2455
2456
2457
2458
2460
2462
2464
2468
2474
2475
2477
2478
2479
2480
2482
2484
2485
2490
2492
2498
2503
2505
2509
2511
2512
2513
2518
2520
2523
2526
2539
2540
2545
2550
2554
2556
2562
2563
2565
2570
2571
2572
2575
2577
2578
2583
2584
2585
2588
2593
2594
2596
2599
2600
2602
2615
2621
2628
2629
2630
2635
2636
2642
2645
2651
2652
2654
2657
2659
2673
2675
2676
2679
2680
2681
2682
2683
2685
2687
2688
2694
2698
2700
2702
2703
2705
2706
2709
2711
2714
2715
2716
2717
2718
2721
2724
2725
2727
2728
2733
2739
2744
2745
2748
2753
2759
2765
2778
2780
2781
2786
2789
2792
2793
2797
2803
2808
2815
2821
2822
2824
2826
2827
2828
2836
2837
2845
2853
2857
2860
2866
2869
2870
2871
2875
2883
2885
2886
2887
2894
2897
2901
2905
2911
2912
2916
2921
2923
2927
2931
2932
2938
2939
2940
2941
2942
2946
2949
2950
2958
2960
2961
2962
2965
2967
2969
2973
2975
2976
2978
2983
2984
2987
2990
2991
2997
3000
3006
3012
3014
3021
3023
3025
3033
3038
3042
3047
3050
3057
3058
3062
3064
3066
3074
3082
3086
3087
3091
3099
3100
3102
3107
3109
3111
3112
3116
3118
3119
3123
3126
3129
3132
3141
3144
3150
3151
3152
3155
3158
3167
3168
3172
3188
3189
3193
3196
3197
3199
3202
3206
3207
3208
3211
3213
3215
3217
3218
3221
3225
3228
3229
3230
3232
3238
3239
3240
3249
3254
3255
3258
3259
3260
3268
3269
3273
3275
3277
3280
3283
3286
3290
3291
3293
3297
3298
3300
3302
3307
3313
3314
3316
3322
3323
3326
3327
3328
3329
3334
3336
3337
3340
3343
3344
3349
3354
3355
3357
3362
3364
3365
3366
3373
3379
3381
3394
3395
3397
3401
3403
3406
3413
3415
3420
3421
3425
3426
3428
3429
3430
3434
3438
3440
3443
3446
3448
3462
3464
3465
3470
3471
3473
3475
3476
3480
3481
3482
3483
3487
3489
3491
3492
3493
3494
3496
3499
3501
3502
3504
3505
3511
3514
3516
3518
3523
3524
3525
3527
3528
3529
3534
3538
3542
3543
3553
3556
3557
3560
3561
3563
3566
3568
3569
3574
3577
3579
3581
3582
3583
3585
3586
3588
3593
3596
3598
3599
3602
3603
3605
3606
3610
3612
3618
3621
3625
3626
3636
3639
3640
3645
3646
3650
3654
3656
3657
3659
3661
3665
3666
3669
3670
3674
3676
3677
3678
3679
3681
3684
3686
3687
3692
3693
3695
3697
3704
3705
3706
3708
3714
3718
3720
3725
3729
3730
3738
3742
3744
3745
3746
3752
3754
3760
3764
3770
3774
3778
3782
3783
3784
3785
3790
3791
3795
3797
3800
3806
3808
3809
3811
3814
3817
3821
3822
3824
3825
3826
3829
3832
3833
3845
3847
3850
3851
3853
3854
3859
3864
3870
3871
3872
3884
3890
3904
3906
3913
3921
3924
3925
3926
3933
3935
3940
3942
3954
3955
3956
3958
3960
3964
3970
3973
3978
3979
3991
3992
3993
3995
3996
3999
4001
4002
4005
4006
4009
4011
4012
4013
4017
4018
4019
4021
4023
4029
4030
4032
4033
4038
4050
4055
4056
4060
4063
4064
4066
4069
4072
4073
4075
4079
4081
4088
4089
4092
4098
4099
4102
4103
4105
4107
4111
4112
4115
4117
4119
4120
4123
4125
4126
4127
4128
4131
4133
4142
4146
4155
4156
4158
4161
4165
4166
4170
4171
4177
4179
4183
4184
4185
4186
4190
4194
4196
4199
4205
4206
4211
4212
4213
4217
4219
4220
4222
4233
4234
4239
4241
4244
4246
4247
4250
4251
4257
4263
4267
4272
4279
4280
4281
4286
4287
4288
4292
4293
4295
4300
4301
4306
4308
4309
4310
4312
4313
4316
4327
4329
4334
4337
4342
4343
4344
4350
4352
4357
4358
4362
4364
4365
4369
4371
4373
4382
4387
4389
4394
4408
4413
4415
4416
4418
4421
4425
4428
4431
4433
4438
4441
4444
4445
4446
4449
4457
4465
4473
4476
4482
4483
4485
4489
4493
4494
4495
4498
4504
4506
4514
4515
4525
4527
4531
4534
4535
4537
4540
4543
4544
4547
4548
4551
4554
4561
4569
4570
4571
4574
4575
4577
4578
4581
4582
4583
4584
4586
4590
4591
4593
4601
4602
4603
4605
4607
4608
4611
4614
4619
4620
4623
4628
4634
4636
4641
4642
4643
4649
4650
4651
4659
4661
4663
4665
4668
4677
4685
4686
4688
4692
4694
4697
4698
4700
4702
4704
4708
4711
4713
4714
4718
4724
4725
4726
4727
4730
4735
4737
4739
4741
4744
4749
4752
4755
4757
4766
4768
4774
4781
4783
4784
4785
4789
4791
4793
4798
4800
4804
4808
4809
4811
4813
4814
4817
4818
4820
4821
4822
4824
4828
4830
4834
4836
4838
4839
4841
4845
4849
4857
4858
4865
4869
4871
4875
4876
4877
4878
4880
4883
4890
4891
4892
4897
4898
4901
4903
4904
4906
4913
4914
4915
4916
4917
4918
4919
4925
4926
4933
4938
4942
4943
4944
4952
4956
4960
4962
4963
4967
4969
4971
4972
4973
4974
4975
4977
4978
4979
4980
4984
4987
4988
4991
4992
4995
4998
5000
5003
5007
5011
5014
5026
5027
5029
5039
5040
5044
5047
5050
5059
5061
5063
5064
5073
5075
5076
5077
5078
5079
5088
5091
5096
5098
5099
5102
5103
5105
5108
5109
5113
5119
5120
5121
5127
5130
5131
5135
5142
5146
5148
5154
5159
5161
5164
5165
5167
5169
5170
5174
5175
5179
5180
5181
5182
5184
5188
5189
5191
5197
5199
5205
5211
5215
5217
5222
5224
5231
5233
5234
5241
5242
5243
5244
5245
5247
5249
5253
5254
5257
5258
5262
5267
5273
5276
5277
5280
5283
5289
5290
5293
5297
5298
5300
5301
5302
5306
5308
5311
5312
5313
5318
5320
5323
5328
5330
5331
5335
5341
5344
5346
5347
5348
5350
5357
5358
5363
5365
5366
5367
5370
5372
5374
5378
5381
5382
5388
5394
5401
5404
5407
5411
5422
5423
5424
5425
5426
5431
5433
5435
5438
5440
5442
5449
5456
5457
5460
5461
5467
5473
5474
5476
5479
5486
5497
5498
5505
5509
5517
5519
5521
5522
5526
5528
5533
5536
5541
5546
5547
5548
5549
5555
5558
5561
5562
5568
5569
5571
5574
5579
5584
5586
5587
5589
5590
5592
5593
5594
5595
5597
5598
5601
5604
5615
5620
5624
5628
5630
5633
5636
5639
5648
5649
5654
5661
5673
5675
5680
5686
5689
5690
5695
5706
5712
5715
5717
5720
5722
5724
5725
5730
5731
5735
5741
5742
5748
5756
5761
5764
5765
5774
5775
5784
5785
5787
5792
5798
5799
5808
5809
5812
5813
5815
5826
5827
5834
5838
5841
5843
5844
5851
5852
5853
5854
5858
5859
5860
5868
5879
5881
5883
5885
5887
5890
5891
5893
5897
5900
5901
5902
5906
5910
5921
5922
5937
5938
5939
5944
5945
5947
5949
5950
5955
5957
5958
5963
5965
5970
5974
5975
5978
5980
5983
5987
5992
5994
6000
6002
6004
6009
6012
6013
6025
6031
6035
6042
6043
6046
6048
6050
6051
6054
6055
6062
6070
6071
6072
6079
6080
6086
6088
6089
6090
6095
6096
6097
6112
6114
6118
6122
6125
6131
6133
6134
6138
6140
6142
6146
6150
6152
6164
6167
6168
6170
6172
6174
6176
6179
6180
6182
6184
6186
6188
6190
6198
6201
6205
6206
6208
6213
6215
6219
6223
6224
6225
6230
6231
6234
6235
6241
6242
6246
6253
6254
6256
6261
6262
6265
6269
6270
6275
6276
6281
6284
6285
6286
6287
6294
6296
6300
6304
6306
6308
6309
6311
6318
6322
6325
6329
6331
6332
6338
6341
6344
6345
6346
6350
6352
6356
6357
6368
6369
6371
6375
6377
6380
6383
6385
6387
6388
6391
6394
6401
6402
6404
6408
6409
6410
6411
6412
6420
6423
6424
6427
6428
6429
6430
6438
6443
6451
6452
6453
6459
6460
6466
6468
6469
6471
6474
6477
6479
6507
6641
7289
7799
8672
8695
8698
9248
9688
9907
10189
10520
10665
10721
11439
11446
11811
