5
7
9
10
12
13
15
20
29
39
40
41
46
49
51
52
53
54
66
67
74
86
88
94
100
101
107
110
114
115
116
122
124
125
127
129
130
132
141
142
143
144
147
149
150
151
152
153
161
164
167
171
186
209
215
220
221
227
228
233
234
236
238
241
247
256
257
269
271
272
275
280
282
284
285
286
288
290
296
299
301
303
306
307
308
309
310
311
312
315
323
324
330
335
337
341
344
348
356
365
368
371
372
373
376
377
379
380
385
388
391
411
422
428
431
432
433
435
436
437
444
449
458
468
473
474
475
480
481
484
487
489
491
492
499
500
505
516
526
527
530
533
534
538
541
544
545
546
547
548
549
550
553
564
565
570
573
575
578
579
580
588
591
592
594
604
608
609
610
621
622
645
650
652
658
667
680
689
691
698
755
758
786
807
828
830
850
866
867
876
890
906
913
923
925
927
928
934
936
954
961
