0 0 0 0 0 0 1
3.792 0 0 33.391 0 1 1
1.1 0 0 4.915 0 1 1
3.122 0 0 0 0 1 1
1.099 0 0 0 2.626 0 1
2.314 0 0 5.904 0 1 1
2.985 0 0 1.718 0 1 1
2.778 0.003 0 10.43 0 1 1
4.846 0 0 3.189 0 1 1
1.186 0 0 1.853 0 0 1
2.755 0 0 4.476 3.451 1 1
7.38 1.645 0 2.748 0 1 1
3.372 0 0 5.966 0 1 1
0.953 2.745 0 5.232 0 1 1
0 0 0 1.429 0 0 1
1.286 0.179 0 0 0 0 1
7.026 0 0 32.17 0 1 1
4.679 0 0 16.119 0 1 1
3.626 0 0 0 0 1 1
2.451 0 0 7.679 0 1 1
2.543 4.707 0 8.568 0 0 1
0 0 0 5.616 0 0 1
3.35 34.593 0 15.225 0 1 1
1.797 0 0 5.568 0 1 1
1.132 0 0 8.113 0 0 1
4.355 0 0 9.008 0 1 1
1.625 0 0 0 0 1 1
5.583 0 0 6.484 0 1 1
4.055 0 0 3.343 0 1 1
1.582 0 0 7.792 0 1 1
1.61 0 0 4.503 0 1 1
3.475 0 0 0 0 0 1
3.133 0 0 0 0 1 1
4.254 8.823 0 4.358 0 1 1
3.057 0 0 0 0 1 1
4.04 0 0 6.305 0 1 1
0 0 0 2.445 0 0 1
2.797 0 0 3.28 0 0 1
0 0 0 2.665 0 0 1
4.638 0 0 31.416 0 1 1
3.134 0 0 10.252 0 1 1
1.046 0 0 7.726 0 0 1
0 0 0 0 3.398 0 1
4.782 0 0 0 0 0 1
1.604 0 0 3.47 0 0 1
0.851 0 0 0 0 0 1
5.613 0 0 7.916 0 1 1
1.961 0 0 5.887 0 1 1
0 0 0 0 4.207 0 1
3.11 5.814 0 10.938 0 1 1
3.819 0 0 0 0 1 1
0 0 0 3.363 4.123 0 1
1.938 4.093 0 6.243 0 1 1
0 0 0 0 1.628 0 1
1.424 0 0 0 0 1 1
3.086 0 0 6.472 0 1 1
0 0 0 0 3.282 0 1
2.478 4.196 0 3.586 0 1 1
0.056 0 0 0.538 0 0 1
2.71 4.459 0 7.043 0 1 1
2.054 0 0 5.6 0 0 1
0.755 0 0 0 0 0 1
4.761 0 0 25.003 0 1 1
0.534 0 0 2.939 0 0 1
0 0 0 0.686 0 0 1
2.917 7.513 0 3.661 0 1 1
3.854 0 0 13.435 0 1 1
0.143 0 0 0 0 0 1
0 2.501 0 2.247 0 0 1
0.806 0 0 2.932 0 1 1
0 0 0 0.197 0 0 1
0 0 0 0 0.236 0 1
5.641 0 0 0 0 1 1
4.723 0 0 9.186 0 1 1
0 0 0 0 1.105 0 1
0.181 0 0 0 0 0 1
0.206 0 0 3.188 0 0 1
2.385 0 0 0 0 0 1
0 4.419 0 3.498 0 1 1
0 13.09 0 17.44 0 0 1
4.368 6.17 0 0 0 1 1
2.753 0 0 5.896 3.501 1 1
5.238 0 0 6.48 0 1 1
3.727 0 0 3.899 0 0 1
1.136 0 0 1.562 0 0 1
0 0 0 0 3.489 0 1
2.935 0 0 4.397 1.508 1 1
1.038 0 0 2.906 0 0 1
0 0 0 5.085 0 0 1
0 0 0 3.875 0 0 1
3.568 0 0 10.925 0 1 1
0 0 0 0 1.202 0 1
3.464 0 0 0 0 0 1
0 0 0 0 3.022 0 1
0.559 17.926 0 4.002 0 0 1
1.503 22.796 0 7.401 0 1 1
0 0 0 0 2.979 0 1
0 4.252 0 1.232 0.273 0 1
4.853 0 0 7.684 0 1 1
1.219 17.117 0 9.357 0 0 1
3.322 0 0 0 0 1 1
4.077 31.47 0 10.004 0 1 1
3.366 0 0 3.552 0 0 1
0.442 0 0 3.013 0 0 1
1.578 4.777 0 10.798 0 1 1
1.513 5.429 0 9.175 3.877 1 1
0 0 0 2.827 0 0 1
3.103 0 0 8.376 0 1 1
2.221 0 0 0 2.69 1 1
1.214 0 0 5.806 0 1 1
1.183 0 0 6.58 0 1 1
2.68 0 0 5.654 0 0 1
2.382 0 0 13.139 0 1 1
2.842 0 0 4.561 0 1 1
3.275 0 0 0 0 0 1
2.73 0 0 0 0 0 1
0 0 0 5.705 0 0 1
2.665 0 0 4.981 0 1 1
0 0 0 1.02 0 0 1
3.649 0 0 0 0 1 1
0 0 0 4.799 0 0 1
0.985 0 0 0 0 0 1
3.515 0 0 0 0 1 1
3.519 0 0 5.524 0 1 1
0 0 0 0 2.41 0 1
1.851 0 0 6.289 0 1 1
0 0 0 0.161 0 0 1
6.553 0 0 11.509 0 1 1
1.225 4.511 0 0 0 0 1
0 0 0 3.37 0 0 1
0.685 5.812 0 3.865 0 0 1
0 0 0 9.833 0 1 1
0 0 0 0 2.959 0 1
0 0 0 2.716 0 0 1
0 20.076 0 7.747 0 1 1
2.279 0 0 0 0 0 1
4.371 0 0 0 0 0 1
3.246 0 0 0 0 0 1
0 0 0 0 1.798 0 1
1.106 2.454 0 10.817 0 0 1
3.437 12.225 0 32.416 0 1 1
1.767 0 0 4.313 0 0 1
3.591 0 0 1.444 0 1 1
0.995 0 0 0 0 0 1
2.976 0 0 0 0 1 1
0 0 3.025 0 0 0 1
0 0 0 0 3.216 0 1
4.224 0 0 1.801 0 0 1
0 10.688 0 5.048 0 0 1
3.711 0 0 0 0 0 1
2.111 0 0 2.335 0 1 1
2.192 0 0 11.181 0 1 1
4.769 0 0 5.015 0 1 1
1.456 0 0 0 0 0 1
5.739 0 0 9.546 0 1 1
4.288 0 0 0 0 1 1
1.14 0 0 4.388 0.431 0 1
0 0 0 0 0.81 0 1
0 0 0 0 2.474 1 1
0 0 0 0 3.481 0 1
2.631 12.456 0 4.252 0 1 1
2.573 0 0 0 0 0 1
0 0 0 0 3.632 0 1
1.932 11.544 0 19.94 0 1 1
0 0 0 1.049 0 0 1
0.685 0 0 4.163 0 0 1
2.054 0 0 4.607 0 1 1
2.618 0 0 0 0.109 1 1
1.693 1.373 0 6.082 0 1 1
5.008 0 0 14.023 0 0 1
4.508 0 0 0.474 0 1 1
0 0 1.635 0 0 0 1
2.618 0 0 0 0 1 1
4.391 0 0 0 6.882 0 1
0 0 1.746 0 0 0 1
2.017 0.139 0 2.782 0 1 1
1.422 0 0 4.38 0 1 1
2.259 0 0 0 0 1 1
4.504 0 0 1.63 0 1 1
6.042 9.878 0 9.292 0 1 1
0 0 0 0 4.032 0 1
2.36 0 0 0 0 1 1
0 0 0 0.193 0 0 1
2.639 0 0 3.655 0 1 1
3.904 0 0 7.211 0 1 1
0 0 0 0 4.749 0 1
1.048 5.381 0 10.732 0 0 1
0 0 0 0.105 0 0 1
3.717 0 0 8.008 0.763 1 1
2.99 0 0 3.639 0 1 1
5.187 0 0 0 0 1 1
0 0 0 0 1.645 0 1
1.107 0 0 1.947 1.709 0 1
2.965 3.86 0 20.464 0 1 1
2.421 3.035 0 31.716 0 1 1
4.145 3.981 0 25.528 0 1 1
0 0 0 24.7 0 0 1
4.431 0 0 5.623 0 1 1
2.33 0 0 6.973 0 1 1
4.46 4.27 0 18.129 0 1 1
0 0 0 0.799 0 0 1
3.379 1.376 0 9.976 0 0 1
0 0 0 0 1.821 0 1
2.596 3.174 0 2.971 0 1 1
4.458 0 0 3.156 0 1 1
1.754 0 0 0 0 1 1
0.09 0 0 1.257 0 0 1
1.895 0 0 5.79 0 0 1
2.116 0 0 6.649 0 1 1
7.356 0 0 9.817 0 1 1
3.261 0 0 5.668 0 1 1
4.66 0 0 5.77 0 1 1
2.379 0 0 5.642 0 1 1
0 0 0 5.876 0 0 1
4.367 0 0 0 0 1 1
3.65 0 0 8.754 0 1 1
0.358 0 0 1.176 0 0 1
2.5 0 0 9.933 0 1 1
1.688 0 0 5.742 0 1 1
1.675 0 0 1.713 0 0 1
0.91 4.7 0 5.467 0 1 1
2.911 3.744 0 4.965 0 1 1
0 0 0 0 2.972 0 1
0 0 0 0 8.93 0 1
0 0 0 0 2.532 0 1
2.071 0 0 12.059 0 1 1
5.375 0 0 5.149 0 1 1
2.508 0 0 6.104 0 0 1
0 0 0 0.955 0 0 1
3.75 0 0 0 0 1 1
3.919 2.693 0 5.531 0 1 1
3.628 0 0 0 0 1 1
3.757 28.972 0 28.526 0 1 1
3.437 0 0 6.744 0 0 1
0 0 0 4.445 0 0 1
0.888 5.59 0 12.393 0 0 1
0 0 0 0 0 0 1
4.877 0 0 4.611 0 1 1
2.499 0 0 0 0 1 1
3.848 0 0 6.86 0 1 1
0 0 0 0 0 0 1
0 0 0 0 0 0 1
0 0 0 0 0 0 1
0 0 0 0 0 0 1
2.927 0 0 0 0 1 1
3.293 8.428 0 9.684 0 1 1
0 0 0 0 0 0 1
0 0 0 0 0 0 1
0 0 0 0 0 0 1
0 0 0 0 0 0 1
0 0 0 0 0 0 1
4.173 8.69 0 19.606 0 1 1
2.088 0 0 1.997 0 0 1
0 0 0 0 0 0 1
0 0 0 0 0 0 1
0 0 0 0 0 0 1
0 0 0 0 0 0 1
0 0 0 0 1.951 0 1
0 0 0 0 0 0 1
0 0 0 0 0 0 1
0 0 0 0 0 0 1
0 0 0 0 0 0 1
0 0 0 0 0 0 1
0 0 0 0 0 0 1
1.757 0 0 3.85 0 0 1
4.617 0 0 7.18 0 0 1
0 0 0 0 0 0 1
0.462 0 0 0.975 0 0 1
0 0 0 0 0 0 1
0 0 0 0 0 0 1
1.931 0 0 0 0 0 1
3.493 0 0 0 0 1 1
0 0 0 4.342 0 0 1
0.097 0 0 1.182 0 1 1
0 0 0 0 0 0 1
0 0 0 0 0 0 1
0 0 0 0 0 0 1
0 0 0 0 0 0 1
1.244 7.227 0 21.41 0 1 1
0 0 0 0 0 0 1
0 0 0 0 0 0 1
0 0 0 0 0 0 1
0 0 0 0.275 0 0 1
0 0 0 0 3.892 0 1
0 0 0 0 0 0 1
0 0 0 0 0 0 1
3.144 0 0 6.3 0 1 1
0 0 0 0 0 0 1
0 0 0 0 0 0 1
0 0 0 0 0 0 1
0 0 0 0 0 0 1
0 0 0 0 0 0 1
0 0 0 0 0 0 1
1.321 0 0 2.956 1.144 0 1
0 0 0 0 0 0 1
0 0 0 0 0 0 1
0 0 0 0 0 0 1
0 0 0 3.767 0.428 0 1
0 0 0 0 0 0 1
0 0 0 0 0 0 1
0 0 0 0 0 0 1
0 0 0 0 0 0 1
1.592 0 0 0 0 0 1
0 0 0 0 0 0 1
0 0 0 0 0 0 1
3.036 7.241 0 20.188 3.315 1 1
3.075 0 0 0 0 1 1
0 0 0 0 0 0 1
0 0 0 0 0 0 1
2.626 0 0 5.924 0 1 1
0 0 0 5.966 0 0 1
3.363 3.679 0 5.225 0 1 1
0 0 0 0 0 0 1
1.48 0 0 0 0 0 1
0 0 0 0 0 0 1
0 0 0 0 0 0 1
0 0 0 0 0 0 1
4.269 0 0 5.265 0 1 1
0 0 0 0 0 0 1
0 0 0 0 0 0 1
0 0 0 0 0 0 1
2.877 0 0 0 0 0 1
0 0 0 0 0 0 1
1.948 0 0 0 0 0 1
3.109 0 0 4.509 0 1 1
0 0 0 0 0 0 1
2.807 0 0 2.511 0 1 1
0 0 0 0 0 0 1
0 0 0 0 0 0 1
0 0 0 0 0 0 1
0 0 0 0 0 0 1
0 0 0 0 0 0 1
0 0 0 0 0 0 1
2.253 0 0 0 0 1 1
0 0 0 0 0 0 1
0 0 0 0 0 0 1
3.629 1.614 0 9.682 0 1 1
0 0 0 0 0 0 1
0.21 0 0 0.007 0 0 1
0 0 0 0 0 0 1
0 0 0 0 0 0 1
0 0 0 0 0 0 1
4.221 0 0 3.905 0 0 1
0 0 0 0 3.011 0 1
3.133 5.377 0 6.202 0 1 1
0 0 0 0 0 0 1
3.538 0 0 3.602 0 1 1
0 0 0 0 0 0 1
0 0 0 0.826 0 0 1
0 0 0 0 0 0 1
5.325 0 0 3.375 0 1 1
0 0 0 0 0 0 1
0 0 0 0 0 0 1
0 0 0 0 0 0 1
0 0 0 0 0 0 1
1.489 1.729 0 0 0 1 1
2.851 0 0 2.046 0 1 1
3.928 5.727 0 16.029 0 0 1
0 0 0 0 0 0 1
2.919 7.033 0 17.145 0 1 1
0 0 0 0 0 0 1
0 0 0 0 0 0 1
1.866 0 0 10.266 0 1 1
0 0 0 0 0 0 1
0 0 0 0 0 0 1
1.232 47.806 0 14.853 0 1 1
0 0 0 0 0 0 1
4.942 0 0 0 0 1 1
2.816 0 0 0 0 1 1
0 0 0 0 0 0 1
0 0 0 0 0 0 1
0 0 0 0 0 0 1
3.752 0 0 4.094 0 0 1
0 0 0 0 0 0 1
0 0 0 0 0 0 1
0 0 0 0 0 0 1
0 0 0 0 0 0 1
0 0 0 5.663 2.521 0 1
0 0 0 0 0 0 1
0 0 0 0 0 0 1
0 0 0 0 0 0 1
2.243 0 0 2.602 0 1 1
0 0 0 0 0 0 1
0 0 0 0 0 0 1
0 0 0 0 0 0 1
0.398 0 0 6.251 0 0 1
0 0 0 0 0 0 1
0 0 3.032 0 0 0 1
0 0 0 0 0 0 1
0 0 0 0 0 0 1
0 0 0 0 0 0 1
0 0 0 0 0 0 1
1.668 0 0 0 0 1 1
0 0 0 0 0 0 1
0 0 0 0 0 0 1
0 0 0 0 3.498 0 1
5.603 0 0 11.196 0 0 1
0 0 0 0 0 0 1
2.765 0 0 3.879 0 1 1
0 0 0 0 0 0 1
0 0 0 0 0 0 1
0 0 0 0 0 0 1
0 0 0 0 0 0 1
0 0 0 0 0 0 1
0 0 0 0 0 0 1
0 0 0 0 0 0 1
0 0 0 0 0 0 1
1.617 0 0 8.484 0 1 1
0 0 0 4.41 0 1 1
0 0 0 0 0 0 1
0 0 0 0 0 0 1
0 0 0 0 1.006 0 1
3.766 0 0 2.874 0 1 1
0 0 0 0 0 0 1
0 0 0 0 0 0 1
0 0 0 0 0 0 1
0 0 0 0 0 0 1
0 0 0 0 0 0 1
0 0 0 0 0 0 1
0 0 0 0 0 0 1
0 0 0 0 0 0 1
0 0 0 0 0 0 1
0 0 0 0 0 0 1
2.446 0 0 7.548 0 1 1
0 0 0 0 0 0 1
0 0 0 0 0 0 1
0 0 0 0 0 0 1
1.775 4.905 0 15.272 0 1 1
0 0 0 0 3.534 0 1
0 0 0 3.867 0 0 1
0 0 0 0 0 0 1
0 0 0 0 0 0 1
0 0 0 0 0 0 1
0 0 0 0 0 0 1
0.824 0 0 3.027 0 0 1
5.906 0 0 14.206 0 1 1
0 0 0 0 0 0 1
0 0 0 0 0 0 1
0 0 0 0 0 0 1
4.632 0 0 2.78 1.943 1 1
2.52 0 0 3.32 0 1 1
7.579 0 0 0 0 1 1
0 0 0 0 0 0 1
0 0 0 0 0 0 1
3.732 0 0 1.617 0 1 1
0 0 0 0 0 0 1
3.055 0 0 0 0 1 1
2.864 0 0 16.206 0 1 1
0 0 0 0 0 0 1
0 0 0 7.277 0 0 1
0 0 0 0 0 0 1
0 0 0 0 0 0 1
0 0 0 0 0 0 1
0 0 0 4.297 0 0 1
0 0 0 0 0 0 1
0 0 0 0 0 0 1
6.6 3.897 0 7.516 0 1 1
0 0 0 0 0 0 1
0 0 0 0 0 0 1
2.843 4.909 0 0 0 1 1
0 0 0 0 0 0 1
4.07 14.18 0 10.489 0 0 1
0 0 0 0 0 0 1
0 0 0 0 0 0 1
0 0 0 0 0 0 1
0 0 0 0 0 0 1
0 0 0 0 0 0 1
0 0 0 3.387 0 0 1
0 27.889 0 14.665 0 1 1
0 0 0 0.414 0 0 1
5.741 0 0 8.382 0 1 1
0 0 0 0 0 0 1
0 0 0 0 0 0 1
0 0 0 0 0 0 1
0 0 0 0 0 0 1
0 0 0 0 0 0 1
0 0 0 0 0 0 1
0 0 0 0 0 0 1
1.905 0 0 13.608 0 1 1
0 0 0 25.038 0 0 1
0 0 0 0 0 0 1
2.587 0 0 4.119 0 1 1
0 0 0 0 0 0 1
2.773 0 0 0 0 1 1
0 0 0 0 0 0 1
1.267 0 0 0.795 0 0 1
0 0 0 0 0 0 1
0 0 0 3.372 0 0 1
2.879 0 0 6.329 0 0 1
0 0 0 0 0 0 1
4.481 0 0 3.303 0 1 1
0 0 0 0 0 0 1
0 0 0 0 0 0 1
0 0 0 0 0 0 1
0 0 0 0 0 0 1
0.224 0 0 1.503 0 0 1
0 0 0 0 0 0 1
0 0 0 0 0 0 1
4.266 0 0 13.653 0 1 1
0 0 0 0 0 0 1
0 0 0 0 0 0 1
0 0 0 0 0 0 1
0 0 0 0 0 0 1
0 0 0 0 0 0 1
0 0 0 0 0 0 1
0 0 0 0 0 0 1
0 0 0 0 0 0 1
0 0 0 0 0 0 1
0 0 0 0 0 0 1
0 0 0 0 0 0 1
0 0 0 0 0 0 1
0 0 0 0 0 0 1
1.6 0 0 0 0 0 1
0 0 0 0 0 0 1
0.085 0 0 0 0 0 1
0 0 0 0 0 0 1
3.754 9.015 0 30.834 0 1 1
0 0 0 0 0 0 1
0 0 0 0 0 0 1
0 0 0 0 0 0 1
0 0 0 0 0 0 1
3.84 2.858 0 17.31 0 1 1
0 0 0 0 0 0 1
0 0 0 0 0.022 0 1
5.187 0 0 0 0 1 1
0 0 0 0 0 0 1
4.01 0 0 3.041 0 1 1
2.875 4.895 0 15.303 0 0 1
3.286 0 0 8.33 0 0 1
0.203 0 0 2.438 0 0 1
0 0 0 0 0 0 1
0 0 0 0 0 0 1
0 0 0 0 0 0 1
0 0 0 0 0 0 1
0 0 0 0 0 0 1
0 0 0 0 0 0 1
0 0 0 0 0 0 1
0 0 0 2.838 0 0 1
0 0 4.115 0 0 0 1
0 0 0 0 0 0 1
0 0 0 0 0 0 1
0 0 0 0 0 0 1
2.941 0 0 4.48 0 1 1
0.259 6.371 0 7.26 0 1 1
0 0 0 0 0 0 1
0 0 0 0 0 0 1
0 0 0 0 0 0 1
0 0 0 4.057 0.046 0 1
0 0 0 0 0 0 1
0 0 0 0 0 0 1
0 0 0 0 0 0 1
0 0 0 0 0 0 1
0 0 0 0 0 0 1
8.423 0 0 16.628 0 0 1
0 0 0 0 0 0 1
7.569 0 0 16.723 0 1 1
0 0 0 0 0 0 1
2.791 0 0 9.988 0 1 1
4.712 0 0 4.679 0 0 1
5.483 0 0 3.441 0 1 1
0 0 0 0 0 0 1
0 0 0 0 0 0 1
0 0 0 0 0 0 1
0 0 0 0 0 0 1
3.508 5.763 0 27.409 0 1 1
0 0 0 0 0 0 1
0 0 0 0 0 0 1
0 0 0 0 0 0 1
0 0 0 0 0 0 1
0 0 0 0 3.101 0 1
0 0 0 0 0 0 1
0 0 0 0 0 0 1
0 0 0 0 0 0 1
0 0 0 0 0 0 1
2.105 0 0 0 0 0 1
0 0 0 0 0 0 1
2.925 0 0 4.928 0 1 1
0 0 0 0 0 0 1
0 0 0 0 0 0 1
0 0 0 0 0 0 1
0 0 0 0 0 0 1
0 0 0 0 0 0 1
0 0 0 0 0 0 1
0 0 0 0 0 0 1
0 0 0 0 0 0 1
3.275 0 0 0 0.028 1 1
3.099 0 0 0 4.3 1 1
0 0 0 0 3.352 0 1
0 0 0 0 0 0 1
3.145 1.746 0 15.094 0 1 1
0 0 0 0 0 0 1
2.163 0 0 0 0 0 1
2.915 4.791 0 7.091 0 1 1
0 0 0 0 0 0 1
4.176 0 0 0 0 1 1
0 0 0 0 0 0 1
0 0 0 0 0 0 1
0 0 0 0 0 0 1
3.226 0 0 0 0 1 1
0 0 0 0 0 0 1
0 0 0 0 2.917 0 1
0 0 0 0 0 0 1
0 0 0 5.333 0 0 1
5.07 0 0 44.569 0 1 1
0 0 0 0 0 0 1
0.473 0 0 4.209 0.778 1 1
0 0 0 0 0 0 1
0.602 3.675 0 14.995 0 1 1
0 0 0 0 0 0 1
0 0 0 0 0 0 1
0 0 0 15.274 0 0 1
0 0 0 0 0 0 1
0 0 0 0 0 0 1
3.298 0 0 0 0 0 1
3.259 5.339 0 0 0 0 1
0 0 0 0 0 0 1
0 0 0 0 0 0 1
2.422 0 0 13.917 0 1 1
0 0 0 0 0 0 1
5.078 0 0 17.101 0 1 1
0 0 0 0 0 0 1
3.381 0 0 0 5.329 0 1
0 0 0 0 0 0 1
0 0 0 0 0 0 1
2.297 0 0 0 0 1 1
0 0 0 0 0 0 1
0 0 0 0 0 0 1
0 0 0 0 0 0 1
0 0 0 0 0 0 1
0 0 0 0 0 0 1
0 0 0 0 0 0 1
0 0 0 0 0 0 1
3.264 0 0 0.466 0 1 1
0 0 0 0 0 0 1
0 0 0 0 0 0 1
0 0 0 0 0 0 1
0 0 0 0 0 0 1
0 0 0 0 0 0 1
0 0 0 0 0 0 1
0.854 0 0 1.964 0 0 1
0 0 0 0 0 0 1
6.379 37.208 0 21.105 0 1 1
0 0 0 0 0 0 1
0 0 0 0 0 0 1
0 0 0 0 0 0 1
0 0 0 0 0 0 1
0 0 0 0 0 0 1
0 0 0 0 0 0 1
3.304 0 0 2.93 0 1 1
0 0 0 0 0 0 1
2.88 0 0 3.094 0 1 1
0 0 0 0 0 0 1
0 0 0 0 0 0 1
2.092 0 0 5.189 0 0 1
0 0 0 0 0 0 1
0 0 0 0 3.295 0 1
0 0 0 0 0 0 1
0.131 13.449 0 4.886 0 0 1
3.52 0 0 0 0 0 1
0 0 0 0 0 0 1
6.613 0 0 0 0 1 1
0 0 0 0 0 0 1
0 0 0 0 0 0 1
4.94 0 0 6.305 0 1 1
6.419 0 0 0 0 1 1
2.161 0 0 3.891 0 0 1
0 0 0 0 0 0 1
0 0 0 0 1.443 0 1
0 0 0 0 0 0 1
0 0 0 0 0 0 1
0 0 0 0 0 0 1
0 0 0 0 0 0 1
0 0 0 0 0 0 1
1.485 0 0 3.162 0 1 1
0 0 0 0 0 0 1
0 0 0 0 0 0 1
1.771 0 0 5.151 0 1 1
5.365 3.656 0 7.511 0 1 1
4.601 0 0 5.939 0 1 1
5.64 0 0 18.721 0 1 1
0 0 0 0 3.126 0 1
0 0 0 0 0 0 1
1.974 0 0 2.199 2.225 0 1
0 0 0 0 0 0 1
3.538 0 0 6.215 0 1 1
0 0 0 0 0 0 1
0 0 0 0 0 0 1
0 0 0 0 2.552 0 1
0 0 0 0 2.168 0 1
1.407 0 0 2.919 0 1 1
0.642 0 0 0 0 0 1
3.929 0 0 13.329 0 1 1
0 0 0 0 0 0 1
0 0 0 0 0 0 1
0 0 0 0.839 0 0 1
0 0 0 0 0 0 1
0 0 0 0 0 0 1
0 0 2.512 0 0 0 1
0 0 0 0 0 0 1
0 0 0 0 0 0 1
1.54 0 0 2.923 0 0 1
0.776 47.414 0 15.295 0 1 1
0 0 0 0 0 0 1
0 0 0 0 0 0 1
0 0 0 0 0 0 1
0 0 0 0 0 0 1
0 0 0 0 0 0 1
0 0 0 0 0 0 1
0 0 1.257 0 0 0 1
0 0 0 0 0 0 1
0 0 0 0 0 0 1
0 0 0 0 0 0 1
0 0 0 0 0 0 1
2.671 3.046 0 4.189 0 0 1
0 0 0 0 0 0 1
0 0 0 0 0 0 1
0 0 0 0 0 0 1
0 0 0 0 0 0 1
0 0 0 0 0 0 1
0 0 0 0 0 0 1
0 0 0 4.112 0 0 1
0 0 0 0 0 0 1
0 0 0 0 3.683 0 1
0 0 0 0 0 0 1
0 0 0 0 0 0 1
0 0 0 0 0 0 1
0 0 0 0 1.873 0 1
0 0 0 0 0 0 1
0.656 0 0 2.879 0 1 1
0 0 0 0 0 0 1
0 0 0 0 0 0 1
0 0 0 0 0 0 1
3.426 0 0 0 0 1 1
0 0 0 0 0 0 1
0 0 0 0 0 0 1
0 0 0 0 0 0 1
0 0 0 0 0 0 1
0 0 0 0 0 0 1
0 0 0 0 0 0 1
3.314 0 0 4.446 0 1 1
0 0 0 0 0 0 1
0.285 0 0 2.887 0 0 1
0 0 0 0 0 0 1
0 0 0 0 0 0 1
0 0 0 0 0 0 1
0 0 0 0 0 0 1
0 0 0 0 0 0 1
0 0 0 0 0 0 1
0 0 0 3.211 0 1 1
0 0 0 0 0 0 1
0 0 0 0 0 0 1
0 0 0 0 3.495 0 1
1.4 0 0 0 0 0 1
1.417 3.251 0 2.161 0 1 1
5.466 22.321 0 14.689 0 1 1
3.109 0 0 7.968 0 1 1
0 0 0 3.828 0 0 1
0 0 0 0 0 0 1
0 0 0 0 0 0 1
0 0 0 0 0 0 1
0 0 0 0 0 0 1
0 0 0 0 0 0 1
0 0 1.693 0 0 0 1
4.041 0 0 10.086 0 1 1
0 0 0 0 0 0 1
0 0 0 0 0 0 1
0 0 0 0 0 0 1
4.45 5.483 0 10.884 0 1 1
0 0 0 0 0 0 1
0 0 0 0 0 0 1
0 0 0 0 0 0 1
0.545 0 0 0 0 0 1
0 0 0 0 4.629 0 1
0 0 0 0 2.937 0 1
0 0 0 0 0 0 1
0 0 0 0 0 0 1
0 0 0 0 0 0 1
0 0 0 0 0 0 1
0 0 0 0 0.479 0 1
0 0 0 0 0 0 1
0 0 0 0 0 0 1
0 0 0 0 0 0 1
0 0 0 0 0 0 1
0 0 0 0 0 0 1
0 0 0 0 0 0 1
5.896 0 0 5.919 0 0 1
0 0 0 0 0 0 1
1.775 0 0 0 0 0 1
0 7.369 0 0 0 1 1
2.592 0 0 4.517 0 1 1
0 13.625 0 5.188 0 0 1
0 0 0 0 0 0 1
0 0 0 0 0 0 1
0 0 0 0 0 0 1
0 0 0 0 0 0 1
1.981 0 0 3.602 0 0 1
0 0 0 0 0 0 1
0 0 0 0 0 0 1
2.781 0 0 7.709 0 1 1
0 0 0 0 0 0 1
0 0 0 0 0 0 1
0.224 0 0 0 0 0 1
0 0 0 0 0 0 1
1.84 11.863 0 12.749 0 1 1
0 0 0 0 0 0 1
0 0 0 0 0 0 1
0 0 0 0 0 0 1
0 0 0 0 0 0 1
0 0 0 0 0 0 1
0 0 0 0 0 0 1
3.698 0 0 5.264 1.809 1 1
0 0 0 0 0 0 1
2.877 0 0 5.876 0 1 1
0 0 0 0 0 0 1
4.848 0 0 0 0 1 1
0 0 0 0 0 0 1
2.905 0 0 4.5 0 1 1
0 0 0 0 0 0 1
0 0 0 0 0 0 1
2.834 0 0 0 0 1 1
5.641 0 0 0 0 1 1
0 0 0 0 0 0 1
0 0 0 0 0 0 1
0 0 0 0 0 0 1
0 0 0 0 0 0 1
0 0 0 0 0 0 1
0 0 0 0 0 0 1
0 0 0 0 0 0 1
3.178 0 0 3.471 0 1 1
2.023 0 0 2.382 0 1 1
2.742 0 0 4.953 0 1 1
0 0 0 0 0 0 1
0 0 0 0 0 0 1
2.805 0 0 0 0 0 1
0 0 1.972 0.424 0 0 1
3.184 0 0 6.249 2.484 1 1
0 0 0 3.628 0 0 1
0 0 0 0 0 0 1
0 0 0 0 0 0 1
0 0 0 0 0 0 1
0 0 0 0 0 0 1
0 0 0 0 0 0 1
0 0 0 0 0 0 1
0 0 0 0 0 0 1
0 0 0 0 0 0 1
0 0 0 0 0 0 1
0 0 0 0 0 0 1
0 0 0 0 0 0 1
0.812 0 0 0.997 0 0 1
0 0 0 0 0 0 1
0 0 0 0 0 0 1
3.538 0 0 0 0 1 1
0 0 0 0 0 0 1
0 0 0 0 0 0 1
0 0 0 0 1.455 0 1
5.271 0 0 3.905 0 1 1
4.216 0 0 23.314 0 1 1
0.031 0 0 1.807 0 0 1
0 0 0 0 0 0 1
5.222 5.119 0 11.295 0 1 1
7.364 9.467 0 10.757 0 1 1
0 0 0 0 0 0 1
0 0 0 0 0 0 1
0 0 0 3.343 0 0 1
3.636 0 0 12.54 0 1 1
0 0 0 0 0 0 1
0 0 0 0 0 0 1
0 0 0 0 0 0 1
0 0 0 0 0 0 1
7.298 3.084 0 3.41 0 1 1
0 0 0 0 0 0 1
0 0 0 0 0 0 1
0 0 0 0 0 0 1
0 0 0 0 0 0 1
2.038 0.09 0 21.778 0 1 1
0.637 0 0 6.719 0 0 1
0 0 0 0 0 0 1
0 0 0 0 0 0 1
0 0 0 0 0 0 1
0 0 0 0 0 0 1
0 0 0 0 0 0 1
2.61 40.524 0 17.591 0 1 1
0 0 0 0 0 0 1
2.925 0 0 1.697 0 1 1
0 24.484 0 14.42 0 0 1
0 0 0 0 0 0 1
3.257 0 0 4.508 0 0 1
0 0 0 0 0 0 1
0 0 0 0 0 0 1
0 0 0 0 0 0 1
0 3.947 0 0 0 0 1
0 0 0 0 0 0 1
0 0 0 0 0 0 1
0 0 0 0 0 0 1
1.361 0 0 3.971 0 0 1
0 0 0 0 0 1 1
0 0 0 0 0 0 1
0 0 0 0 0 0 1
4.298 0 0 12.174 0 1 1
0 0 0 0 0 0 1
0.462 0 0 4.388 0 0 1
0 0 0 0 0 0 1
0 0 0 0 0 0 1
2.963 0 0 0 0 1 1
4.988 3.174 0 5.463 0 1 1
0 0 0 0 0 0 1
0 0 0 0 0 0 1
0 0 0 0 0 0 1
0 0 0 0 0 0 1
0 0 0 0 0 0 1
2.312 0 0 4.953 0 1 1
2.217 0 0 5.654 0 1 1
0 0 0 5.732 0 0 1
0 0 0 0 0 0 1
4.296 0 0 5.383 0 1 1
0 0 0 1.676 0 0 1
0 0 0 0 0 0 1
0 0 0 0 0 0 1
0 0 0 6.211 0 0 1
2.541 3.497 0 9.521 0 1 1
0 0 0 0 0 0 1
0 0 0 0 0 0 1
0 0 0 0 0 0 1
0 0 0 0 0 0 1
0 0 0 0 0 0 1
0 0 0 0 0 0 1
0 0 0 0 0 0 1
0 0 0 0 0 0 1
0 0 0 0 0.364 0 1
0 0 0 0 0 0 1
0 0 0 0 0 0 1
3.207 0 0 6.211 0 1 1
3.067 0 0 0 0 0 1
0 0 0 0 0 0 1
0 0 0 0 0 0 1
0.101 0 0 0 0 0 1
0 0 0 0 0 0 1
0 0 0 0 0 0 1
0 0 0 0 0 0 1
1.025 32.211 0 12.808 0 1 1
0 0 0 0 0 0 1
0 0 0 0 0 0 1
0 0 0 0 0 0 1
2.484 0 0 7.275 0 0 1
5.222 0 0 5.737 0 1 1
0 0 0 0 0 0 1
0 0 0 0 0 0 1
0 0 0 0 0 0 1
0 0 0 0 0.942 0 1
4.853 4.115 0 4.949 0 1 1
0 0 0 0 0 0 1
6.896 0 0 21.808 0 1 1
0 0 0 0 0 0 1
4.272 0 0 21.472 0 1 1
0 0 0 0 0 0 1
0 0 0 0 0 0 1
0 0 0 0 0 0 1
0 0 0 0 0 0 1
0 0 0 0 0 0 1
1.687 0 0 3.87 0 0 1
0 0 0 0 0 0 1
0 0 0 0 0 0 1
0 0 0 0 0 0 1
0 0 0 0 2.993 0 1
0.655 5.441 0 15.144 0 1 1
0 0 0 0 0 0 1
0 0 0 0 0 0 1
4.021 0 0 3.089 0 1 1
0 0 0 0 0 0 1
0 0 0 0 0 0 1
6.994 0 0 13.001 0 1 1
0 0 0 0 0 0 1
0 0 0 0 0 0 1
0 0 0 0 0 0 1
0 0 0 0 3.228 0 1
0 0 0 0 0 0 1
0.495 0 0 0 1.941 0 1
0 0 0 5.506 0 0 1
0 0 0 0 0 0 1
0 0 0 0 0 0 1
0 0 0 3.763 0 0 1
0 0 0 0 0 0 1
0 0 0 0 0 0 1
0 0 0 0 0 0 1
2.69 0 0 8.625 0 1 1
3.771 4.903 0 8.522 0 1 1
0 0 0 0 0 0 1
2.028 0 0 5.819 0 0 1
0 0 0 0 0 0 1
3.382 0 0 7.467 0 0 1
0 0 0 0 0 0 1
1.83 0 0 5.015 0 0 1
0 0 0 0 0 0 1
0 0 0 0 0 0 1
0.864 6.701 0 8.903 0 0 1
0 0 0 0 0 0 1
0 0 0 0 0 0 1
0 0 0 0 0 0 1
0 0 0 0 3.683 0 1
3.499 0 0 0 0 0 1
0 0 0 0 0 0 1
0 0 0 0 0 0 1
0.149 0 0 0 0 0 1
0 0 0 0 0 0 1
0 0 0 0 0 0 1
0 2.962 0 4.737 0 0 1
0 0 0 0 5.346 0 1
0 0 0 0 0 0 1
3.282 0 0 5.188 0 0 1
0 0 0 0 0 0 1
0 0 0 0 0 0 1
2.278 0 0 3.211 0 1 1
0 0 0 0 0 0 1
0 0 0 0 0 0 1
0 0 0 0 0 0 1
0 0 0 0 0 0 1
1.136 0 0 0 0 1 1
0 0 0 0 0 0 1
0 0 0 0 0 0 1
0 0 0 0 0 0 1
0 0 0 0 0 0 1
0 0 0 0 0 0 1
0 0 0 0 0 0 1
2.545 0 0 0 0 1 1
0 0 0 0 0 0 1
0 0 0 0 0 0 1
0 0 0 1.588 0 0 1
0 0 0 0 0 0 1
4.43 0 0 9.126 0 0 1
0 0 0 0 0 0 1
0 0 0 0 0 0 1
0 0 0 0 0 0 1
0 0 0 0 0 0 1
0 0 0 0 0 0 1
0 0 0 0 0 0 1
2.337 0 0 0 0 0 1
0 0 0 10.906 0 1 1
0 0 0 0 0 0 1
0 0 0 4.388 0 0 1
0 0 0 0 0 0 1
0 0 0 0 0 0 1
0 0 0 0 0 0 1
3.437 0 0 0 0 1 1
0 0 0 0 0 0 1
0 0 0 0 0 0 1
5.073 0 0 8.472 0 1 1
0 0 0 0 0 0 1
0 0 0 0 0 0 1
0 0 0 0 0 0 1
0 0 0 0 0 0 1
0 0 0 0 0 0 1
0 0 0 0 0 0 1
0 0 0 0 0 0 1
0 0 0 0 0 0 1
0 0 0 0 0 0 1
6.437 0 0 0 0 1 1
0 0 0 0 0 0 1
0.339 0 0 0 0 0 1
0 0 0 0 0 0 1
0 0 0 0 0 0 1
3.507 0 0 0 0 1 1
0 0 0 0 0 0 1
0 0 0 0 0 0 1
0 0 0 0 0 0 1
0 0 0 0 4.699 0 1
0 0 0 0 0 0 1
0 0 0.935 0 0 0 1
0 0 0 0 0 0 1
0 0 0 0 0 0 1
0 0 0 0 0.309 0 1
3.507 0 0 0 0 1 1
0 0 0 0 0 0 1
3.032 0 0 10.575 0 1 1
0 0 0 0 0 0 1
4.201 0 0 0 0 1 1
0 3.014 0 0 0 0 1
0 0 0 0 0 0 1
7.157 4.704 0 9.348 0 1 1
0 0 0 0 0 0 1
0 0 0 0 0 0 1
0 0 0 0 0 0 1
1.712 0 0 0 0 1 1
0 0 0 0 0 0 1
2.142 5.452 0 6.313 0 1 1
0 0 0 0 0 0 1
5.602 11.943 0 12.107 0 0 1
0 0 0 0 0 0 1
0 0 0 0 0 0 1
0 0 0 0 0 0 1
0 0 0 0 0 0 1
0 0 0 0 0 0 1
4.415 0 0 1.739 0 1 1
3.783 0 0 18.321 0 1 1
0.05 0.832 0 7.094 0 0 1
0 0 0 0 0 0 1
2.651 0 0 4.066 4.305 1 1
1.224 7.949 0 17.674 0 1 1
0 0 0 2.451 0 0 1
0 0 0 0 0.571 0 1
0 0 0 0 0 0 1
0 0 0 0 0 0 1
0 0 0 0 0 0 1
0 0 0 0 0 0 1
0 0 0 0.563 0 1 1
0 0 0 0 0 0 1
0 0 0 0 0 0 1
3.949 0 0 42.496 0 1 1
0 0 0 0 0 0 1
0 0 0 0 0 0 1
0 0 0 0 2.025 0 1
0 0 0 0 0 0 1
4.451 0 0 12.476 0 1 1
3.669 0 0 6.001 0 1 1
0 0 0 0 0 0 1
0 0 0 0 0 0 1
0 0 0 0 0 0 1
3.541 4.909 0 0 0 1 1
0 0 0 0 0 0 1
3.722 0 0 0 0 1 1
0 0 0 0 0 0 1
0 0 0 0 0 0 1
0 0 0 0 0 0 1
0 0 0 0 0 0 1
0 0 0 0 0 0 1
0 0 0 0 0 0 1
0 0 0 0 0 0 1
0 0 0 0 0 0 1
2.302 0 0 3.556 0 0 1
0 0 0 0 0 0 1
0 0 0 0 0 0 1
0.392 14.959 0 6.615 0 0 1
0 0 0 0 0 0 1
0 9.779 0 4.967 0 0 1
0 0 0 0 0 0 1
0 0 0 0 0 0 1
0 0 0 0 0 0 1
0 0 0 0 0 0 1
2.269 0 0 0.898 0 1 1
0 0 0 0 0 0 1
0 0 0 0 0 0 1
0 0 0.053 0 0 0 1
0 0 0 0 0 0 1
0 0 0 0 0 0 1
0 0 0 0 0 0 1
0 0 0 0 0 0 1
0 0 0 0 0 0 1
0 0 0 0 0 0 1
0 0 0 0 0 0 1
0 0 0 0 0 0 1
1.551 0 0 0 0 0 1
0 0 0 0 1.662 0 1
0.37 0 0 0 0 0 1
0 0 0 0.056 0 0 1
0 4.013 0 11.182 0 1 1
0 0 0 0 3.193 0 1
0 0 0 0 0 0 1
7.995 5.957 0 18.568 0 1 1
2.252 0 0 3.537 0 1 1
0 0 0 0 0 0 1
3.507 0 0 0 0 1 1
0 0 0 0 0 0 1
0 0 0 0 0 0 1
0 0 0 0 4.849 0 1
0 0 0 0 0 0 1
0 0 0 1.803 0 0 1
0 0 0 0 2.5 0 1
4.022 0 0 5.668 0 1 1
0 0 0 0 0 0 1
0 0 0 0 0 0 1
0 0 0 0 0 0 1
0 0 0 0 0 0 1
0 0 0 0 0 0 1
0 0 0 0 0 0 1
0 0 0 0 0 0 1
4.933 0 0 10.371 0 0 1
0 0 0 0 0 0 1
2.56 5.786 0 20.248 0 1 1
0 0 0 0 0 0 1
0 0 0 0 0 0 1
0 0 0 0 0 0 1
0 0 0 0 0 0 1
0 0 2.862 0 0 0 1
0 0 0 1.745 0 0 1
0 0 0 0 0 0 1
3.648 0 0 6.458 0 0 1
0 6.459 0 7.485 0 0 1
0 0 0 0 0 0 1
0 0 0 0 0 0 1
0 0 0 0 0 0 1
0 0 0 0 0 0 1
2.306 0 0 13.636 0 0 1
0 0 0 0 0 0 1
0 0 0 0 0 0 1
0 0 0 0 0 0 1
5.32 0 0 0 0 1 1
0 0 0 0 0 0 1
0 0 0 0 0 0 1
0 0 0 0 0 0 1
0.949 0 0 5.422 0 0 1
0 0 0 0 0 0 1
0 0 0 0 0 0 1
0 0 0 0 0 0 1
0 0 0 0 0 0 1
0 0 0 0 0 0 1
0 0 0 0 0 0 1
0 0 0 0 0 0 1
0 0 0 0 0 0 1
0.713 9.149 0 5.759 0 0 1
3.618 0 0 0 2.065 1 1
0 0 0 0 0 0 1
0 0 0 0 0 0 1
0 0 0 0 0 0 1
1.14 0 0 2.216 0 0 1
0 0 0 0 0 0 1
3.412 0 0 0 0 1 1
0.87 0 0 0.037 0 0 1
0 0 0 0 0 0 1
0 0 0 0 0 0 1
0 0 0 0 0 0 1
0 0 0 0.649 0 0 1
2.272 0 0 0 0 1 1
0 0 0 0 0 0 1
7.2 3.675 0 5.41 0 1 1
0 0 0 0 0 0 1
0 0 0 0 0 0 1
0 0 0 0 0 0 1
0 0 0 0 0 0 1
0 0 0 0 0 0 1
0 0 0 0 0 0 1
0 0 0 0 3.652 0 1
0 0 0 0 0 0 1
0 0 0 0 0 0 1
0 0 0 0 0 0 1
0 0 0 0 0 0 1
1.771 0 0 2.971 0 1 1
0 0 0 0 0 0 1
0 0 0 0 0 0 1
0 0 0 0 0 0 1
0 0 0 0 0 0 1
0 0 0 0 0 0 1
2.641 0 0 4.544 0 1 1
0 0 0 0 0 0 1
1.543 0 0 3.04 0 1 1
0 0 0 0 0 0 1
0 0 0 0 3.689 0 1
0 0 0 0 0 0 1
0 0 0 0 0 0 1
4.877 0 0 0 0 1 1
4.862 0 0 10.784 0 1 1
2.471 0 0 7.976 0 1 1
0 0 0 6.118 0 0 1
0 0 0 0 0 0 1
0 0 0 0 2.83 0 1
3.236 0 0 12.906 0 1 1
4.207 0 0 0 0 0 1
0 0 0 0 0 0 1
0 0 0 0 0 0 1
5.038 0 0 6.326 0 0 1
0 0 0 0 0 0 1
0 0 0 0 0 0 1
2.488 0 0 4.414 0 1 1
0 0 0 0 1.761 0 1
0 0 0 0 0 0 1
0 0 0 0 0 0 1
0 0 0 0 0 0 1
0 0 0 0 0 0 1
0 0 0 0 0 0 1
0 0 0 0 0 0 1
0 0 0 7.434 0 0 1
0 0 1.428 0 0 0 1
0 0 0 0 0 0 1
0 0 0 0 0 0 1
0 0 0 0 0 0 1
0 0 0 0 0 0 1
3.125 0 0 0 0 0 1
1.058 0 0 0 0 1 1
0 0 0 0 0 0 1
0 0 0 0 0 0 1
0 0 0 0 0 0 1
3.047 0 0 5.416 0 1 1
0 0 0 0 0 0 1
0 0 0 0 0 0 1
0 0 0 0 0 0 1
0 0 0 0 0 0 1
0 0 0 1.157 0 0 1
0 0 0 0 0 0 1
0 0 0 0 0 0 1
3.246 0 0 0 0 0 1
0 0 0 0 0 0 1
0 0 0 0 0 0 1
2.946 0 0 7.213 0 1 1
0 0 0 0 0 0 1
7.433 14.726 0 7.279 0 1 1
0 0 0 0 0 0 1
2.985 0 0 3.509 0 1 1
0 0 0 0 0 0 1
0 0 0 0 0 0 1
0 0 0 0 0 0 1
0 0 0 0 0 0 1
0 0 0 0 0 0 1
0 0 0 0 0 0 1
0 0 0 0 0 0 1
2.416 3.289 0 9.498 0 1 1
0 0 0 0 2.522 0 1
0 0 0 0 0 0 1
0 0 0 0 0 0 1
3.197 0 0 5.631 0 1 1
3.621 4.705 0 22.791 0 1 1
0.319 0 0 0 0 0 1
0 0 0 0 0 0 1
0 0 0 0 0 0 1
5.184 0 0 3.113 0 1 1
0 0 0 0 0 0 1
0 0 0 0 0 0 1
0 0 0 0 0 0 1
0 0 0 0 0 0 1
0 0 0 0 0 0 1
0 0 0 0 0 0 1
0.139 0 0 1.195 2.345 0 1
0 0 0 0 0 0 1
0 0 0 0 0 0 1
0 0 0 0 0 0 1
0 0 0 0 3.153 0 1
0 0 0 0 0 0 1
0 0 0 0 3.489 0 1
2.685 0 0 4.127 0 1 1
2.372 0 0 3.304 0 1 1
0 0 0 0 0 0 1
0 0 0 0 0 0 1
0 0 0 0 1.012 0 1
0 14.941 0 0 0 0 1
5.469 0 0 8.965 0 0 1
0 0 0 0 0 0 1
0 0 0 0 0 0 1
0 0 0 0 0 0 1
4.757 0 0 19.082 0 1 1
2.469 0.007 0 0 0 1 1
0 0 2.694 0 0 0 1
0 0 0 0 0 0 1
0 0 0 0 0 0 1
0 0 2.774 0 0 0 1
0 0 0 0 0 0 1
0 0 0 0 0 0 1
0 0 0 0 0 0 1
0 0 0 0 3.874 0 1
0 0 0 0 0 0 1
0 0 0 0 0 0 1
0 0 0 0 0 0 1
0.756 0 0 2.219 0 0 1
0 0 0 0 0 0 1
2.97 0 0 13.807 0 1 1
5.845 4.523 0 23.317 0 1 1
0 0 0 0 0 0 1
0 0 0 0 0 0 1
0 0 0 0 0 0 1
0 0 0 0 0 0 1
0 0 0 0 0 0 1
3.053 0 0 4.019 0 1 1
0 0 0 0 0 0 1
0 0 0 0 0 0 1
0 0 0 0 0 0 1
0 0 0 0 0 0 1
0 0 0 0 0 0 1
0 0 0 0 0 0 1
0.237 0 0 1.27 0 0 1
3.419 0 0 0 0 0 1
2.41 0 0 0 0 1 1
0 0 0 0 0 0 1
0 0 0 0 0 0 1
0 0 0 0 0 0 1
6.826 0 0 3.998 0 1 1
0 0 0 0 0 0 1
0 0 0 0.947 0 0 1
1.93 1.892 0 8.566 0 1 1
0 0 0 0 0 0 1
0 0 0 0 0 0 1
0 0 0 0 0 0 1
0.811 7.981 0 12.036 0 0 1
0 0 0 0 0 0 1
1.641 0 0 4.501 0 0 1
0 0 0 0 0 0 1
0.717 0 0 1.383 0 0 1
0 0 0 0 0 0 1
4.821 3.274 0 5.441 0 1 1
2.569 0 0 3.381 0 1 1
0 0 0 0 0 0 1
0 0 0 0 0 0 1
7.478 0 0 7.489 0 1 1
0 0 0 0 0 0 1
0 0 0 0 0 0 1
0 0 0 0 0 0 1
0 0 0 0 0 0 1
0 0 0 0 0 0 1
0 0 0 0 0 0 1
0 0 0 0 0 0 1
0 0 0 0 0 0 1
0 0 0 0 0 0 1
4.741 6.985 0 8.522 0 1 1
2.358 0 0 0 1.648 0 1
0 0 0 0 0 0 1
0.781 0 0 0.863 0 0 1
0 0 0 0 0 0 1
1.721 0 0 0 0 0 1
3.922 0 0 3.251 0 1 1
0 0 0 0 0 0 1
0 0 0 0 0 0 1
2.12 4.903 0 14.347 0 1 1
0 0 0 0 0 0 1
0.619 0 0 2.366 0 0 1
4.496 3.1 0 5.499 0 1 1
0 0 0 0 0 0 1
5.608 3.617 0 3.046 0 1 1
0 0 0 0 0 0 1
0 0 0 0 2.945 0 1
1.069 0 0 0.694 2.6 0 1
0 0 0 0 0 0 1
0 0 0 0 0 0 1
3.507 0 0 0 0 1 1
4.315 0 0 4.149 0 1 1
0 2.942 0 1.492 0 0 1
0 0 0 0 0 0 1
0 0 0 0 0 0 1
4.215 0 0 3.083 0 1 1
1.911 0 0 1.371 0 1 1
1.921 0 0 18.375 0 1 1
0 0 2.498 0 0 0 1
0 0 0 0 0 0 1
0 0 0 2.58 0 0 1
0 0 0 0 0 0 1
3.136 0 0 2.992 0 1 1
0 0 0 0 0 0 1
0 0 0 0 0 0 1
3.141 0 0 7.166 0 1 1
0 0 0 0 0 0 1
0 0 0 0 0 0 1
0 0 0 0 0 0 1
0 0 0 0 0 0 1
0 0 0 0 0 0 1
0 0 0 0 0 0 1
0 0 0 0 0 0 1
0 0 0 0 0 0 1
4.521 0 0 10.857 0 1 1
0 0 0 0 0 0 1
0 0 0 0 0 0 1
0 0 0 0 0 0 1
1.441 0 0 0 0 0 1
2.404 0 0 13.883 0 1 1
4.935 8.342 0 8.376 0 1 1
2.931 0 0 2.924 0 1 1
5.05 0 0 6.783 0 1 1
0 0 0 0 0 0 1
0 0 0 0 0 0 1
0 0 0 0 0 0 1
0 0 0 0 0 0 1
0 0 0 0 0 0 1
0 0 0 0 0 0 1
0 0 0 0 0 0 1
0 0 0 0 0 0 1
0.336 17.168 0 7.034 0 1 1
0 0 0 0 0 0 1
2.444 0 0 15.263 0 1 1
4.547 0 0 5.557 0 1 1
5.046 0.618 0 7.517 0 0 1
2.49 0 0 0 0 1 1
0 0 0 0 0 0 1
3.475 5.429 0 10.701 0 1 1
0 0 0 0 0 0 1
0.046 0 0 0 0 0 1
0 0 0 0 0 0 1
0 0 0 0 0 0 1
4.323 0 0 2.154 0 1 1
0 0 0 0 0.999 0 1
0 0 0 3.819 0 0 1
0 0 0 0 0 0 1
0 0 0 0 0 0 1
0 0 0 0 0 0 1
0 0 0 0 0 0 1
2.928 0 0 12.062 0 1 1
1.133 0 0 26.214 0 1 1
0 0 0 0 0 0 1
3.099 11.359 0 10.099 0 1 1
0 0 0 0 0 0 1
0 0 0 0 0 0 1
0 0 0 0 0 0 1
0 0 0 0 0 0 1
1.878 9.209 0 8.416 0 1 1
0 0 0 0 5.389 0 1
3.99 0 0 5.689 0 1 1
0 0 0 0 0 0 1
0 0 0 0 0 0 1
0 0 0 0 0 0 1
0 0 0 0 0 0 1
0 0 0 0 0 0 1
4.233 0 0 0 0 1 1
0 0 0 0 0 0 1
0 0 0 0 0 0 1
0 0 0 0 0 0 1
4.2 10.597 0 13.102 0 1 1
0 0 0 0 0 0 1
0 0 0 0 0 0 1
2.283 0 0 4.16 0 1 1
3.515 0 0 0 0 1 1
0 0 0 0 0 0 1
1.075 0 0 0 0 0 1
0 0 0 0 0 0 1
4.229 0 0 5.801 0 1 1
1.062 0 0 11.119 0 0 1
0 0 0 0 0 0 1
0 0 0 0 0 0 1
0 0 0 0 0 0 1
0 0 0 0.202 1.01 0 1
0 0 0 0 0 0 1
0 0 0 0 0 0 1
0 0 0 0 0 0 1
0 0 0 0 0 0 1
1.307 0 0 6.2 0 1 1
0 0 0 0 0 0 1
0 0 0 0 0 0 1
0 0 0 0 0 0 1
0 0 0 0 0 0 1
0 0 0 0 0 0 1
2.24 0 0 5.863 0 1 1
1.702 0 0 0 0 0 1
3.311 0 0 0 0 1 1
0.674 0 0 6.556 0 0 1
0 0 0 0 3.077 0 1
0 0 0 0 0 0 1
0 0 0 0 0 0 1
5.189 0 0 1.489 1.914 1 1
0 0 0 0 0 0 1
0 0 0 0 0 0 1
0 0 0 0 0 0 1
0 0 0 0 0 0 1
1.076 0 0 3.569 0 0 1
0.803 0 0 5.976 0 1 1
4.988 0 0 0 0 1 1
0.462 0 0 0 0 0 1
5.161 0 0 6.25 0 1 1
0 0 0 0 0 0 1
4.067 2.179 0 31.607 0 1 1
0 0 0 0 0 0 1
0 0 0 0 0 0 1
0 0 0 0 0 0 1
0 0 0 0 0 0 1
0 0 0 4.467 0 0 1
2.267 0 0 10.45 3.522 1 1
1.438 5.687 0 11.229 0 1 1
0.192 6.171 0 7.564 0 0 1
2.006 6.17 0 0 0 0 1
0.371 0 0 0 0 0 1
0 0 0 0 0 0 1
0 0 0 0 0 0 1
1.927 0 0 3.334 0 1 1
0 0 0 0 0 0 1
0 0 0 0 0 0 1
0 0 0 0 0 0 1
0 0 0 0 0 0 1
0 0 0 0 0 0 1
0 0 0 0 0 0 1
0 0 0 0 0 0 1
0 0 0 0.706 0 0 1
0 0 0 0 0 1 1
0 0 0 0 0 0 1
0 0 0 0 0 0 1
0 0 0 0 0 1 1
0 0 0 0 0 0 1
0 0 0 0 0 0 1
0 0 0 0 0 0 1
0 0 0 0 0 0 1
0 0 0 0 0 0 1
0 0 0 0 0 0 1
4.485 0 0 22.6 0 1 1
3.324 0 0 0 0 0 1
0 0 0 0 0 0 1
5.648 8.267 0 12.653 0 1 1
0 0 0 0 0 0 1
0 0 0 0 0 0 1
1.867 0 0 10.545 0 1 1
0.933 0 0 6.609 0 0 1
0 0 0 0 0 0 1
1.824 0 0 3.896 0 1 1
0 0 0 0 0 0 1
0 0 0 0 0 0 1
0 0 0 0 0 0 1
0 0 0 0 0 0 1
0 0 0 0 0 0 1
0 0 0 0 0 0 1
0 0 0 0 0 0 1
0 0 0 0 0 0 1
0.978 0 0 4.371 0 0 1
0 0 0 0 0 0 1
0 0 0 0 0 0 1
2.803 0 0 7.756 0 1 1
0 0 0 0 0 0 1
0 0 0 0 0 0 1
0 0 0 0 0 0 1
0 0 0 0 0 0 1
0 0 0 0 0 0 1
3.921 0 0 6.193 0 1 1
3.931 0 0 0 0 0 1
0 0 0 0 0 0 1
3.967 0 0 4.929 0 1 1
0 0 0 0 0 0 1
0 0 0 0 0 0 1
0 0 0 0 0 0 1
0 0 0 0 0 0 1
1.949 5.908 0 9.732 0 1 1
0 0 0 0 0 0 1
0 0 0 0 0 0 1
0 0 0 0 0 0 1
3.628 0 0 0 0.711 0 1
2.912 0 0 0 0 1 1
0 0 0 0 0 0 1
0 0 0 0 0 0 1
0 0 0 0 0 0 1
6.059 0 0 9.355 5.106 1 1
3.004 0 0 0 0 1 1
0 0 0 0 0 0 1
0 0 0 0 0 0 1
2.739 0 0 29.822 0 0 1
0 0 0 0.45 0.658 0 1
4.918 0 0 8.812 0 1 1
0 0 0 0 0 0 1
0.729 0 0 3.551 0 0 1
0.203 13.361 0 6.321 0 1 1
0 0 0 0 0 0 1
0.529 0 0 15.97 0 0 1
0 6.131 0 9.725 0 1 1
0 0 0 0 0 0 1
0 0 0 0 0 0 1
0 0 0 0 0 0 1
2.375 4.691 0 44.969 0 1 1
2.979 0 0 4.273 0 0 1
3.951 1.321 0 4.635 0 1 1
0 0 0.297 0 0 0 1
0 0 0 0 0 0 1
0 0 0 0 0 0 1
0 0 0 0 0 0 1
0 0 0 0 0 0 1
0 0 0 0 0 0 1
0 0 0 0 1.713 0 1
0 0 0 0 0 0 1
2.945 0 0 4.673 0 1 1
2.17 4.31 0 3.268 0 1 1
0 0 0 0 2.979 0 1
0 0 0 0 0 0 1
3.917 0 0 5.093 0 1 1
0 0 0 2.942 0 0 1
0 0 0 0 0 1 1
0 0 0 0 0 0 1
0 0 0 0 0 0 1
0 0 0 0 0 0 1
0 0 0 0 0 0 1
0 0 0 0 0 0 1
0 0 0 0 0 0 1
0 0 0 0 0 0 1
6.145 0 0 5.773 0 1 1
0 0 0 0 0 0 1
2.129 0 0 0 0 0 1
2.62 0 0 0 0 0 1
0 0 0 0 0 0 1
4.791 0 0 5.401 0 1 1
0.121 17.841 0 14.171 0 0 1
0 0 0 0 0 0 1
2.126 0 0 2.511 0 1 1
0 0 0 0 0 0 1
0 0 0 0 0 0 1
1.064 0 0 0 0 0 1
0 0 0 0 0 0 1
0 0 0 0 0 0 1
2.995 0 0 0 0 1 1
0 0 0 2.91 0 1 1
0 0 0 0 0 0 1
0 0 0 0 0 0 1
7.446 0 0 6.47 0 1 1
0 0 0 0 0 0 1
0 0 0 0 0 0 1
0 0 0 0 0 0 1
0 0 0 0 0.214 0 1
0 0 0 0 0 0 1
4.913 3.032 0 2.308 0 1 1
0 0 0 0 0 0 1
0 0 0 0 0 0 1
0.054 0 0 27.145 0 0 1
3.819 0 0 0 0 1 1
0 0 0 0 0 0 1
0 0 0 0 0 0 1
0 0 0 0 0 0 1
0 0 0 0 0 0 1
0 0 0 0 0 0 1
0.514 0 0 6.901 0 0 1
0 0 0 0 0 0 1
0 0 0 0 0 0 1
0 0 0 0 0 0 1
0 0 0 0 0 0 1
0 0 0 3.953 0 0 1
0 0 0 0 0 0 1
0 0 0 0 0 0 1
0 0 0 0 0 0 1
0 0 0 0 0 0 1
0 0 0 0 0 0 1
7.155 10.619 0 17.928 0 1 1
0 0 0 0 0 0 1
0 0 0 0 0 0 1
0 0 0 0 0 0 1
0 0 0 0 0 0 1
0 0 0.944 6.24 0 0 1
0.638 0 0 2.612 0 0 1
0 0 0 0 0 0 1
1.383 0 0 0 0.221 0 1
2.361 0 0 8.32 0 1 1
0 0 0 0 0 0 1
0 0 0 0 0 0 1
0 0 0 0 0 0 1
0 0 0 0 0 0 1
0 0 0 0 0 0 1
0 0 0 0 0 0 1
0 0 0 0 0 0 1
0 0 0 0 0 0 1
0 0 0 0 0 0 1
2.773 0 0 2.784 0 1 1
3.304 0 0 1.1 0 1 1
0 0 0 0 0 0 1
0 0 0 0 0 0 1
0 0 0 0 0 0 1
0 0 0 0 0 0 1
4.296 0 0 4.099 1.76 1 1
4.378 0 0 20.306 0 1 1
0 0 0 0 0 0 1
0 0 0 3.017 0 0 1
0 0 0 0 0 0 1
0 0 0 0 0 0 1
0 0 0 0 0 0 1
0 0 0 3.372 0 0 1
4.337 0 0 8.571 0 1 1
0 0 0 0 0 0 1
4.916 0 0 0 0 1 1
0 0 0 0 0 0 1
0 0 0 0 0 0 1
4.026 0 0 0 0 1 1
0 0 0 0 0 0 1
0.718 0 0 6.159 0 0 1
3.659 0 0 7.699 0 1 1
0 0 0 0 0 0 1
0 0 0 2.409 0 0 1
0 0 0 0 0 0 1
0 0 0 0 0 0 1
0 0 0 0 0 0 1
0 0 0 0 0 0 1
0 0 0 0 0 0 1
0 0 0 0 0 0 1
4.26 0 0 0 0 0 1
4.424 0 0 10.413 0 1 1
0 0 0 0 0 0 1
2.535 0 0 2.815 0 1 1
0 0 0 0 0 0 1
0.643 0 0 7.5 0 0 1
7.217 0 0 6.647 0 1 1
0 0 0 0 0 0 1
0 0 0 0 0 0 1
0 0 0 0 0 0 1
0 0 0 0 1.557 0 1
0 0 0 0 0 0 1
0 0 0 0 0 0 1
0 0 0 1.248 0 0 1
1.769 0 0 0 0 0 1
0 0 0 0 0 0 1
2.047 0 0 0 0 0 1
0 0 0 0 0 0 1
0 0 0 0 0 0 1
3.197 0 0 8.944 0 1 1
0 0 0 0 0 0 1
0 0 0 0 0 0 1
0 0 0 0 0 0 1
0.478 0 0 0.38 0 1 1
0 0 0 0 0 0 1
0 0 0 0 0 0 1
0 0 0 0 0 0 1
0 0 0 0 0 0 1
0 0 0 0 0 0 1
0 0 0 0 0 0 1
0 0 0 0 0 0 1
0 0 0 0 0 0 1
0 0 0 0 0 0 1
0 0 0 0 0 0 1
0 0 0 0 0 1 1
4.306 0 0 0 0 0 1
3.89 3.174 0 2.554 0 1 1
0 0 0 0 0 0 1
1.781 0 0 2.431 3.248 0 1
0 0 0 0 0 0 1
0 0 0 0 0 0 1
1.413 8.889 0 22.36 0 1 1
3.464 0 0 0 0 0 1
0 0 0 0 0 0 1
0 0 0 0 0 0 1
0 0 0 0 0 0 1
0 0 0 0.497 0 0 1
0 0 0 0 0 0 1
0 0 0 0 0 0 1
2.648 18.572 0 10.587 0 1 1
0 0 0 0 0 0 1
1.551 0 0 0 0 1 1
0.703 7.497 0 4.086 0 0 1
0 0 0 0 0 0 1
0 0 0 0 0 0 1
0 0 0 0 0 0 1
0 0 0 0 0 0 1
3.572 0 0 3.72 0 1 1
0 0 0 4.163 0 0 1
0.628 5.215 0 4.635 0 0 1
0 0 0 0 4.429 0 1
0 0 0 0 0 0 1
1.618 4.791 0 8.148 0 1 1
0 0 0 0 0 0 1
0 0 0 2.497 0 0 1
0 0 0 0 0 0 1
0 0 0 0 0 0 1
0 0 0 0 0 0 1
0 0 0 0 0 0 1
0 0 0 0 0 0 1
3.167 0 0 5.627 0 1 1
0 0 0 0 0 0 1
0 0 0 0 0 0 1
2.628 0 0 4.608 0.01 1 1
0 0 0 0 0 0 1
0 0 0 0 0 0 1
3.628 0 0 5.19 0 1 1
0 0 0 0 0 0 1
0 0 0 0 0 0 1
4.992 0 0 7.048 0 1 1
0 0 0 0 0 0 1
0 0 0 0 0 0 1
0 0 0 0 0 0 1
0 0 0 0 0 0 1
0 0 0 0 0 0 1
0 0 0 0 0 0 1
0 0 0 0 0 0 1
0 0 0 0 0 0 1
0 0 0 0.073 0 0 1
0 0 0 0 0 0 1
1.898 0 0 2.833 0 1 1
0 0 0 0 0 0 1
0 0 0 0 0 0 1
0 0 0 0 0 0 1
0 3.947 0 0 0 1 1
0 0 0 0 0 0 1
1.224 0 0 3.154 0 0 1
0 0 0 1.831 0 1 1
3.061 3.385 0 6.808 0 1 1
0 0 0 0 0 0 1
0 0 0 0 0 0 1
0 0 0 0 0 0 1
0 0.041 0 0.676 0 0 1
3.474 0 0 0 0 0 1
0 0 0 0 0 0 1
0 0 0 0 0 0 1
3.768 10.001 0 8.722 0 0 1
0 0 0 0 0 0 1
3.477 0 0 0 0 1 1
2.402 0 0 2.063 0 0 1
3.518 0 0 21.558 0 1 1
2.834 0 0 4.228 0 0 1
0 0 0 0 0 0 1
4.787 0 0 30.225 0 1 1
4.413 0 0 5.714 0 1 1
0 0 0 0 0 0 1
2.032 0 0 7.046 0 1 1
0 0 0 0 0 0 1
0 0 0 0 0 0 1
0 0 0 0 0 0 1
0 0 0 0 0 0 1
0 0 0 0 0 0 1
0 0 0 0 0 0 1
0 0 0 0 0.593 0 1
0 0 0 2.443 0 1 1
1.409 0 0 2.316 2.52 1 1
0 0 0 0 0 0 1
0 0 0 0 0 0 1
2.194 0 0 6.891 0 0 1
0 10.484 0 4.182 0 0 1
0.807 0.886 0 0 0 0 1
0 0 0 0 1.217 0 1
0 0 0 0 0 0 1
0 0 0 0 0 0 1
0 0 0 0 0 0 1
0 0 0 0 2.907 0 1
2.899 0 0 0 0 0 1
0 0 0 0 0 0 1
0 0 0 0 3.626 0 1
0 0 0 0 0 0 1
1.806 29.08 0 12.677 0 1 1
4.875 0 0 12.015 0 1 1
0 7.791 0 11.091 0 1 1
2.328 0 0 0 0 0 1
0 0 0 0 0 0 1
0 0 0 0 0 0 1
0 0 0 0 0 0 1
0 0 0 0 0 0 1
1.735 0 0 11.012 0 0 1
0 0 0 0 4.688 0 1
0 0 0 0 0 0 1
0.015 0 0 1.121 0 0 1
4.219 0 0 4.324 0 1 1
0 0 0 0 0 0 1
1.949 0 0 3.827 0 1 1
0 0 0 0 0 0 1
0 0 0 0 0 0 1
2.682 9.759 0 8.425 0 1 1
0 0 0 0 0 0 1
0 0 0 0 0 0 1
0 0 0 0 0 0 1
0 0 0 0 0 0 1
0 0 0 0 0 0 1
0 0 0 0 0 0 1
0 0 0 0 0 0 1
0 0 0 0 0 0 1
0 0 3.406 0 0 0 1
0 0 0 0 0 0 1
0 0 0 0 0 0 1
0 0 0 0 0 0 1
0 0 0 0 0 0 1
4.023 0 0 0 4.07 1 1
4.055 0 0 7.195 0 1 1
0 0 0 0 2.959 0 1
0 0 0 0 0 0 1
0 0 0 0 0 0 1
0 0 0 0 0 0 1
0 0 0 0 0 0 1
0 0 0 0 0 0 1
0 0 0 0 0 0 1
0 0 0 0 0 0 1
3.509 0 0 10.618 0 1 1
3.845 0 0 0 0 1 1
0 0 0 0 0 0 1
3.471 0 0 2.276 0 1 1
0 0 0 0 0 0 1
0 0 0 0 0 0 1
0 0 0 0 0 0 1
0 0 0 0 0 0 1
0 0 0 0 1.312 0 1
0 0 0 0 0 0 1
0 0 0 0 0 0 1
3.907 9.453 0 23.327 0 1 1
0 0 0 0 0 0 1
0 0 0 0 0 0 1
0 0 0 0 0 0 1
0 0 0 0 0 0 1
0 0 0 0 0 1 1
0 0 0 0 0 1 1
0 0 0 0 0 0 1
0 0 0 0 0 0 1
7.86 5.396 0 5.087 0 1 1
0 0 0 0 0 0 1
0 0 0 0 0 0 1
1.42 0 0 0 0 0 1
0 0 0 0 0 0 1
0.897 0 0 0 0 0 1
0 0 0 0 0 0 1
0 0 0 0 0 0 1
0 0 0 0 0 0 1
3.145 0 0 7.871 0 1 1
2.96 1.83 0 14.763 0 1 1
0 0 0 0 0 0 1
8.63 12.659 0 12.638 0 1 1
0 0 0 0 0 0 1
0 0 0 0 0 0 1
0 0 0 0 0 0 1
1.038 0 0 3.461 0 0 1
0 0 0 0 0 0 1
0 0 0 0 0 0 1
0 0 0 0 0 0 1
0 0 0 0 0 0 1
0 0 0 0 0 0 1
0 0 0 0 0 0 1
0 0 0 0 0 0 1
0 0 0 0 0 0 1
0 0 0 0 0 0 1
0 0 0 0 0 0 1
3.42 16.826 0 11.28 0 1 1
2.563 0 0 8.902 0 0 1
0 0 0 0 0 0 1
0 0 0 0 0 0 1
0 0 0 0 0 0 1
0 0 0 0 0 0 1
0.015 0 0 1.177 0 0 1
3.345 0 0 3.076 0 1 1
0 0 0 0 0 0 1
0 0 0 0 0 0 1
0 0 0 0 0 0 1
1.196 0 0 5.182 0.682 0 1
6.687 0.737 0 21.444 0 1 1
1.87 0 0 0 0 0 1
0 0 0 0 0 0 1
0 0 0 0 0 0 1
0 0 0 0 0 0 1
0 5.262 0 0 0 0 1
0 0 0 9.759 0 0 1
7.65 6.717 0 12.15 0 1 1
0 0 0 0 0 0 1
0 0 0 0 0 0 1
1.084 0 0 0 0 0 1
2.988 3.939 0 2.533 0 1 1
0 0 0 0 1.355 0 1
0 0 0 0 0 0 1
0.447 0 0 0 0 0 1
0 0 0 0 0 0 1
0 0 0 0 1.15 0 1
6.199 0 0 4.905 0 1 1
0 0 0 0 0 0 1
0 0 0 0 0 0 1
0 0 0 0 0 0 1
3.304 0 0 4.019 0 1 1
0 0 0 0 0 0 1
0 0 0 0 0 0 1
0 0 0 0 0 0 1
0 0 0 0 0 0 1
0 0 0 0 0 0 1
2.609 0 0 3.899 0 1 1
0 0 0 0 0 0 1
0 0 0 0 0 0 1
0 0 0 0 0 0 1
0 0 0 0 0 0 1
0 0 0 0 0 0 1
0 0 0 0 0 0 1
4.985 7.033 0 13.727 0 1 1
0 0 0 0 0 0 1
0 0 0 0 0 0 1
0 0 0 0 0 0 1
0 0 0 0 0 0 1
0 0 0 0 0 0 1
0 0 0 0 0 0 1
0 0 0 0 0 0 1
0 0 0 0 0 0 1
0 0 0 0 0 0 1
0 0 0 0 0 0 1
0 0 0 0 0 0 1
0.662 0 0 6.09 0 0 1
0 0 0 0 0 0 1
0 0 0 0 0 0 1
0 0 0 0 0 0 1
0 0 0 0 0 0 1
0 0 0 0.257 0 0 1
0 0 0 0 0 0 1
0 0 0 0 0 0 1
0 0 0 0 0 0 1
0 0 0 0 0 0 1
1.593 0 0 8.345 0 0 1
0 0 0 0 0 0 1
4.248 0 0 7.002 0 1 1
0 0 0 0 0 0 1
0 0 0 0 0 0 1
2.003 13.319 0 4.669 0 0 1
0 0 0 0 0 0 1
0 0 0 0 0 0 1
0 0 0 0 0 0 1
1.343 0 0 16.422 0 0 1
0.306 11.985 0 5.522 0 1 1
1.275 0 0 4.892 0 0 1
0 0 0 0 0 0 1
0 0 0 0 0 0 1
0 0 0 0 0 0 1
2.187 0 0 5.781 0 1 1
3.031 0 0 3.372 0 1 1
4.378 0 0 0 0 1 1
3.432 0 0 18.513 0 1 1
0 0 0 0 3.352 0 1
0 0 0 0 0 0 1
3.098 0 0 6.385 0 1 1
0 0 0 4.102 0 0 1
0 0 0 0 0 0 1
0 0 0 0 0 0 1
4.298 0 0 0 0 0 1
0 0 0 0 0 0 1
0.539 0 2.81 0 2.817 1 1
0 0 0 0 0 0 1
1.788 3.385 0 15.158 0 1 1
0 0 0 0 0 1 1
1.122 10.556 0 5.711 0 1 1
0 0 0 0 0 0 1
9.172 0 0 31.607 0 1 1
0 0 0 0 0 0 1
0 0 0 0 0 0 1
0 0 0 0 0 0 1
2.234 0 0 0 0 1 1
0 0 0 0 0 0 1
0 0 0 0 0 0 1
4.986 8.04 0 14.133 0 1 1
0 0 0 0 0 0 1
2.454 0 0 0 0 1 1
0 0 0 0 5.198 0 1
0 0 0 0 0 0 1
0 0 0 0 0 0 1
0 0 0 0 0 0 1
0 3.134 0 0 0 0 1
0 0 0 0 0 0 1
0 0 0 0 1.261 0 1
0 0 0 0 0 0 1
0 0 0 0 0 0 1
0 0 0 0 0 0 1
0 0 0 0 0 0 1
0 0 0 0 0 0 1
4.453 1.968 0 5.576 0 1 1
0 0 0 0 0 0 1
0 0 0 0 0 0 1
0 0 0 0 0 0 1
0 0 0 0 0 0 1
0 0 0 0 4.141 0 1
0 0 0 0 0 0 1
0 0 0 0 0 0 1
0 0 0 0 0 0 1
0 0 0 0 0 0 1
1.404 7.744 0 12.063 0 1 1
0 0 0 0 0 0 1
0 0 0 0 0 0 1
0 0 0 0 0 0 1
5.427 0 0 11.528 0 1 1
0 0 0 0 0 0 1
1.108 0 0 0.672 0 0 1
0 0 0 0 0 0 1
2.015 0 0 4.791 0 1 1
0 0 0 0 0 0 1
4.05 0 0 5.962 0 1 1
4.449 2.942 0 17.7 0 1 1
0 0 0 0 0 0 1
0 0 0 0 0 0 1
0 0 0 0 0 0 1
1.01 0 0 0 0 0 1
0 0 0 0 0 0 1
0 0 0 0 0 0 1
0 0 0 0 0 0 1
3.859 0 0 0 0 1 1
4.09 0 0 0 0 1 1
0 0 0 0 0 0 1
0 0 0 0 0 0 1
0 0 0 0 0 0 1
2.837 0 0 10.633 0 1 1
3.628 6.341 0 5.985 0 1 1
0 0 0 0.461 0 0 1
0 0 0 0 0 0 1
0 0 0 0 0 0 1
0 14.941 0 0 0 1 1
0 0 0 0 0 0 1
3.104 0 0 3.133 0 0 1
0 0 0 0.843 0 0 1
0 0 0 0 0 0 1
0 0 0 0 0 0 1
0 0 0 0 0 0 1
5.955 0 0 13.889 0 1 1
0 0 0 0 0 0 1
0 0 0 0 0 0 1
0 0 0 0 0 0 1
0 0 0 0 0 0 1
0 0 0 0 0 0 1
0 0 0 0 0 0 1
0 18.789 0 10.551 0 0 1
4.704 0 0 7.618 0 1 1
0 0 0 0 0 0 1
0.674 0 0 1.649 0 0 1
0 0 0 0 0 0 1
0 0 0 0 0 0 1
0 0 0 0 0 0 1
8.287 0 0 0 0 1 1
0 0 0 0 0 0 1
0 0 0 0 0 0 1
0 0 0 0 0 0 1
4.819 0 0 7.648 0 1 1
3.932 0 0 1.509 0 1 1
3.719 0 0 4.961 0 1 1
0.804 20.978 0 14.019 0 1 1
0 0 0 0 0 0 1
0 0 0 0 0 0 1
0 0 0 0 0 0 1
0 0 0 0 0 0 1
3.098 0 0 5.351 0 1 1
0 0 0 0 0 0 1
0 0 0 0 0 0 1
1.485 4.203 0 8.344 0 1 1
0 0 0 0 0 0 1
2.58 0 0 0 0 1 1
2.329 0 0 0 0 1 1
0 0 0 0 0 0 1
0 0 0 0 0 0 1
0 0 0 0 0 0 1
6.464 0 0 0.254 1.214 1 1
0 0 0 0 0 0 1
3.412 0 0 0 0 1 1
2.805 0 0 0 0 0 1
7.456 0 0 0 0 1 1
0 0 0 0 0 0 1
0 0 0 0 0 0 1
0 0 0 0 0 0 1
4.529 7.971 0 18.188 0 1 1
1.709 0 0 2.59 0 0 1
0 0 0 0 0 0 1
0 0 0 0 0 0 1
0 0 0 0 0 0 1
0 0 0 0 0 0 1
0 0 0 0 0 0 1
0 0 0 0 0 0 1
0 0 0 0 0 0 1
6.078 0 0 7.39 0 1 1
0 0 0 0 0 0 1
0 0 0 0 0 0 1
0 0 0 0 0 0 1
0 0 0 0 0 0 1
0 0 0 0 0 0 1
0 0 0 0 0 0 1
1.563 0 0 4.419 0 0 1
0 0 0 0 0 0 1
3.178 7.148 0 16.928 0 1 1
0 0 0 0 0 0 1
0 0 0 0 0 0 1
0 0 0 0 0 0 1
0 0 0 0 0 0 1
0 0 0 2.109 0 0 1
0 0 0 0 0 0 1
0 0 0 0 0 0 1
1.841 0 0 2.101 2.747 0 1
0 0 0 0 0 0 1
0 0 0 0 0 0 1
1.066 0 0 0 0 0 1
0 0 0 0 0 0 1
0 0 0 0 0 0 1
2.755 0 0 3.909 0 0 1
0 0 0 0 0 0 1
0 0 0 0.329 0 0 1
0 0 0 0 0 0 1
0 0 0 0 0 0 1
2.93 0 0 22.387 0 1 1
0 0 0 0 0 0 1
0 0 0 0 0 0 1
0.595 0 0 1.516 0 0 1
0 11.873 0 8.896 0 0 1
0 0 0 0 0 0 1
0 0 0 0 0 0 1
0 0 0 0 0 0 1
0 0 0 3.149 0 0 1
0 0 0 0 0 0 1
0 0 0 0 0 0 1
3.974 6.277 0 12.445 0 1 1
0 0 0 0 0 0 1
0 0 0 0 0 0 1
0 0 0 0 0 0 1
0 0 0 0 0 0 1
0 0 0 0 0 0 1
0 0 0 0 0 0 1
0 0 0 0 0 0 1
0 0 0 0 0 0 1
0 0 0 0 0 0 1
0 0 0 0 0 0 1
0 0 0 0 0 0 1
0 0 0 0 0 1 1
0 0 0 0 0 0 1
1.153 0 0 12.628 0 1 1
0 0 0 0 0 0 1
0.758 9.099 0 16.268 0 1 1
0 0 0 0 0 0 1
0 0 0 0 0 0 1
3.006 2.933 0 4.749 0 1 1
0 0 0 0 0 0 1
1.712 0 0 0 0 0 1
3.833 3.922 0 18.447 0 1 1
3.373 0 0 6.935 0 1 1
0 0 0 0 0 0 1
0 0 0 3.377 0 0 1
0 0 0 0 0 0 1
0 0 0 0 0 0 1
0 0 0 0 0 0 1
0 0 0 3.266 0 0 1
0 0 0 0 0 0 1
0 0 0 0 3.351 0 1
0 0 0 0 0 0 1
0 0 0 0 0 0 1
0 0 0 0.489 0 0 1
0 0 0 0 0 0 1
0 0 0 0 0 0 1
0 0 0 0 0 0 1
0 0 0 0 0 0 1
0 0 0 20.851 0 0 1
0 0 0 0 0 0 1
0 0 0 0 0 0 1
1.881 0 0 10.469 0 1 1
0 0 0 0 0 0 1
0 0 0 0 0 0 1
0 0 0 0 0 0 1
0 0 0 0 0 0 1
0 0 0 0 0 0 1
0 0 0 0 0 0 1
0 0 0 0 0 0 1
4.977 0 0 3.944 0 1 1
0 0 0 0 0 0 1
4.158 19.228 0 4.929 0 1 1
3.242 0 0 20.486 0 1 1
0 0 0 0 0 0 1
0 0 0 0 0 0 1
0 0 0 1.907 4.146 0 1
5.056 0 0 6.183 0 1 1
4.514 0 0 3.546 0 1 1
0 0 0 0 0 0 1
0 0 0 0 0 0 1
0 0 0 0 0 0 1
0 0 0 0 0 0 1
0 0 0 0 0 0 1
5.309 0 0 13.875 0 1 1
2.617 0 0 0 0 0 1
1.011 0 0 4.988 0 1 1
0 0 0 0 0 0 1
0 0 0 0 0 0 1
3.983 0 0 4.598 0 1 1
0 0 0 0 0 0 1
0 0 0 0 0 0 1
0 0 0 0 0 0 1
0 0 0 0 0 0 1
0 0 0 0 7.461 0 1
0 0 0 0 0 0 1
1.137 0 0 2.661 0 0 1
0 0 0 0 0 0 1
0 0 0 0 0 0 1
0 0 0 0 0 0 1
0 0 0 0 0 0 1
0 0 0 0 0 0 1
0 0 0 0 0 0 1
0 0 0 0 0 0 1
0 0 0 0 0 0 1
0 0 0 0 0 0 1
5.049 0 0 8.585 0 0 1
1.119 0 0 15.138 0 0 1
0 0 0 0 0 0 1
0 0 0 0 0 0 1
0 0 0 0 0 0 1
0 0 0 0 0 0 1
0 0 0 2.232 2.6 0 1
0 0 0 0 0 0 1
1.541 10.435 0 13.228 0 1 1
0.727 0 0 0 0 0 1
0 0 0 0 0 0 1
4.442 0 0 7.677 0 1 1
0 0 0 0 2.839 0 1
0 0 0 0 0 0 1
0 0 0 0 0 0 1
0 0 0 0 0 0 1
0 0 0 0 0 0 1
0 15.591 0 11.624 0 0 1
0 0 0 0 0 0 1
0 0 0 0 0 0 1
0 0 0 0 0 0 1
0 0 0 0 0 0 1
0 0 0 0 0 0 1
1.333 0 0 0 0 0 1
0 0 0 0 0 0 1
0 0 0 0 0 0 1
4.576 3.535 0 8 0 1 1
0 0 0 0 0 0 1
0 0 0 0 0 0 1
3.965 0 0 9.063 0 1 1
0 11.367 0 11.154 0 0 1
0 0 0 0 0 0 1
0 0 0 0 0 0 1
0 0 0 0 0 0 1
0 0 0 0 0 0 1
4.181 1.928 0 11.563 2.795 1 1
0 0 0 0 0 0 1
1.507 0 0 3.908 0 0 1
0 0 0 0 0 0 1
0 0 0 0 2.878 0 1
0 0 0 1.417 0 0 1
1.141 7.278 0 2.529 2.951 0 1
4.492 15.342 0 18.582 0 1 1
0 0 0 0 0 0 1
0 22.625 0 16.491 0 0 1
0 0 0 0 0 0 1
0 0 0 0 0 0 1
0 0 0 2.802 0 0 1
2.883 0 0 0 0 1 1
2.868 0 0 7.153 0 1 1
0 0 0 0 0 0 1
4.079 0 0 0 0 1 1
0 0 0 0 0 0 1
0 0 0 0 0 0 1
4.27 0 0 0 0 1 1
0 0 0 0 0 0 1
3.476 0 0 0 0 0 1
3.386 0 0 5.303 0 1 1
0 0 0 0 0 0 1
0 0 0 0 0 0 1
3.724 0 0 9.546 0 1 1
0 0 0 0 0 0 1
0 0 0 0 0 0 1
0 0 0 0 0 1 1
0 0 0 0 0 0 1
0 0 0 0 0 0 1
0 0 0 0 0 0 1
0.29 0 0 1.324 0 0 1
0 0 0 0 0 0 1
2.277 0 0 8.842 0 0 1
0 0 0 3.97 0 0 1
0 0 0 0 0 0 1
0 0 0 0 0 0 1
0 0 0 0 0 0 1
0 0 0 0 0 0 1
0 0 0 0 0.585 0 1
0 0 0 3.973 0 0 1
3.271 0 0 0 0 1 1
5.29 7.209 0 3.385 0 1 1
0 0 0 0 0 0 1
0 0 0 0 0 0 1
0 0 0 0 0 0 1
4.17 0 0 5.642 0 1 1
0 0 0 0 0 0 1
0 0 0 0 0 0 1
0 0 0 0 0 0 1
4.95 0 0 21.15 0 1 1
0 0 0 0.871 0 0 1
3.811 0 0 3.628 0 1 1
3.121 0 0 4.484 0 0 1
0 0 0 0 0 0 1
0 0 0 0 0 0 1
1.294 0 0 0 0.035 0 1
0 0 0 0 0 0 1
0 0 0 0 0 0 1
0 0 0 0 0 0 1
3.089 0 0 4.03 0 1 1
0 0 0 0 0 0 1
0 0 0 0 0 0 1
0 0 0 0 0 0 1
5.031 0 0 15.13 0 1 1
0 0 0 0 0 0 1
5.041 0.709 0 7.554 0 0 1
0 0 0 0 0 0 1
0 0 0 0 0 0 1
0 0 0 0 0 0 1
0 0 0 0 0 0 1
0 0 0 0 0 0 1
0 0 0 0 0 0 1
0 0 0 0 0 0 1
0 0 0 0 0 0 1
0 0 0 0 0 0 1
0 0 0 0 0 0 1
0 0 0 0 0 0 1
2.534 0 0 7.1 0 1 1
0 0 0 0 0 0 1
0 0 0 0 0 0 1
0 0 0 0 0 0 1
0 0 0 0 0 0 1
0 0 0 0 0 0 1
0 0 0 0 2.482 0 1
0 0 0 0 0 0 1
3.917 6.717 0 11.619 0 1 1
0 0 0 0 0 0 1
0 0 0 0 0 0 1
1.961 0 0 5.885 0 1 1
0 0 0 0 0 0 1
0 0 0 0 0 0 1
0 0 0 0 0 0 1
1.993 9.684 0 9.634 0 0 1
4.113 2.263 0 1.014 0 1 1
0 0 0 0 3.923 0 1
0 0 0 0 2.296 0 1
0 0 0 0 0 0 1
0 0 0 0 0 0 1
0 0 0 6.825 0 0 1
0 0 0 0 3.197 0 1
0 0 0 0 0 0 1
0 0 0 0 0 0 1
2.398 4.962 0 9.955 0 0 1
2.556 6.755 0 23.216 0 1 1
0 0 0 0 0 0 1
2.684 0 0 0 0 1 1
0 0 0 0 0 0 1
0 0 0 0 0 0 1
2.378 0 0 5.404 0 1 1
0 0 0 0 0 0 1
0 0 0 0 0 0 1
0 0 0 0 0 0 1
3.182 0 0 19.397 0 0 1
0 0 0 0 0 0 1
0 0 0 0 0 0 1
3.076 0 0 0 0 1 1
0 0 0 0 0 0 1
3.19 0 0 0 0 1 1
0 0 0 0 0 0 1
0 0 0 1.366 0 0 1
2.836 0 0 3.58 2.742 1 1
0 0 0 0 0 0 1
0 0 0 0 0 0 1
3.705 0 0 3.97 0 1 1
4.877 0 0 5.623 0 1 1
0 0 0 0 0 0 1
0 0 0 0 0 0 1
0 0 0 0 4.402 0 1
0 0 0 0 0 0 1
4.227 0 0 13.98 0 1 1
1.568 0 0 5.856 2.99 1 1
0 0 0 2.467 0 0 1
0 0 0 0 0 0 1
0 0 0 0 0 0 1
0 0 0 0 0 0 1
2.609 0 0 15.635 0 1 1
0 0 0 0 0 0 1
0 0 0 0 0 0 1
0 0 0 0 0 0 1
0 0 0 0 0 0 1
0.143 0 0 1.844 0 0 1
1.992 21.733 0 13.051 0 1 1
0 0 0 0 0 0 1
0 0 0 0 0 0 1
3.218 5.117 0 17.246 0 1 1
0 0 0 0 0 0 1
0 0 0 0 0 0 1
0 0 0 0 0 0 1
2.325 0 0 0 0 1 1
5.846 0 0 3.152 0 0 1
2.569 0 0 0 0.292 1 1
0 0 0 0 0 0 1
3.401 0 0 9.988 0 1 1
1.745 4.077 0 9.077 0 1 1
0 0 0 0 2.436 0 1
3.207 0 0 0 0 0 1
0 0 0 0 0 0 1
0 0 0 0 0 0 1
5.624 0 0 3.632 0 1 1
2.865 0 0 10.328 0 1 1
0 0 0 0 0 0 1
0 0 0 0 0 0 1
0 0 0 0 0 0 1
0 0 0 0 0 0 1
0 0 0 0 0 0 1
0 0 0 0 0 0 1
0 0 0 0 0 0 1
0 0 0 0 0 0 1
2.786 4.855 0 8.114 0 1 1
3.006 0 0 0 0 0 1
5.335 0 0 13.4 0 1 1
0 0 0 0 0 0 1
0 0 0 0 0 0 1
0 0 0 0 0 0 1
