0.000 0.000 3.719 0.000 4.813
0.000 0.000 0.000 0.000 0.000
1.485 0.000 0.000 6.126 0.000
0.000 0.000 2.846 0.000 3.134
5.463 0.000 0.000 0.000 0.000
0.000 0.000 0.000 0.000 0.000
0.000 0.000 0.000 0.000 0.000
0.000 0.000 0.000 0.000 0.000
3.721 0.000 0.000 4.121 0.000
5.653 2.429 0.000 3.732 0.000
4.033 0.000 0.000 0.000 0.000
0.000 0.000 0.000 0.000 1.616
0.000 0.000 0.000 0.000 0.000
0.000 0.000 0.000 0.000 0.000
4.867 0.000 0.000 3.440 0.000
0.000 0.000 0.000 0.000 0.000
5.507 0.000 0.000 3.398 0.000
4.441 2.418 0.000 5.464 0.000
0.000 0.000 0.000 0.000 2.550
0.000 0.000 0.000 0.000 0.000
4.776 0.000 0.000 8.566 0.000
6.154 0.000 0.000 4.116 0.000
0.000 0.000 0.000 0.000 0.000
4.475 0.000 0.000 2.745 0.000
0.000 0.000 0.000 2.710 0.000
0.000 0.000 0.000 0.000 0.000
0.000 0.000 0.000 0.000 0.000
6.005 0.000 0.000 5.154 3.639
5.626 3.027 0.000 4.938 0.000
3.071 0.000 0.000 3.152 0.000
0.000 0.000 0.000 0.000 0.000
0.000 0.000 0.000 0.000 0.000
0.000 0.000 0.000 0.000 0.000
2.716 0.415 0.000 1.336 0.000
0.000 0.000 0.000 0.000 0.000
3.155 0.000 0.000 0.000 0.000
0.000 0.000 0.000 2.015 0.000
0.000 0.000 0.000 0.000 0.000
0.000 0.000 0.000 0.000 0.000
7.919 0.000 0.000 0.000 0.000
2.067 0.000 0.000 11.489 0.000
0.000 0.000 0.000 0.000 0.000
4.788 0.000 0.000 27.043 0.000
0.000 0.000 0.000 0.000 0.000
4.047 0.000 0.000 9.217 0.000
3.517 0.000 0.000 3.861 0.000
0.000 0.000 0.000 0.000 0.000
0.000 0.000 0.000 0.000 0.000
0.000 0.000 0.000 0.000 0.000
5.363 0.000 0.000 2.728 0.000
4.236 4.320 0.000 7.241 0.000
0.000 0.000 0.000 3.239 0.000
3.640 0.000 0.000 1.863 0.000
2.002 0.000 0.000 5.342 0.000
0.000 0.000 0.000 0.000 0.000
2.854 0.000 0.000 1.531 0.000
12.766 4.188 0.000 2.426 5.064
0.000 0.000 0.000 0.000 0.000
7.688 0.000 0.000 0.966 0.000
1.958 0.000 0.000 0.000 0.000
0.000 0.000 0.000 0.000 0.000
2.132 4.141 0.000 8.202 0.000
0.000 0.000 0.000 0.000 0.000
0.000 0.000 0.000 0.000 0.000
0.000 0.000 0.000 0.000 0.000
0.000 0.000 0.000 0.000 0.000
4.872 0.000 0.000 5.356 0.000
0.000 0.000 0.000 0.000 6.727
0.000 2.785 0.000 0.000 0.000
0.000 0.000 0.000 0.000 0.000
0.000 0.000 0.000 0.000 0.000
3.409 0.000 0.000 5.064 0.000
0.000 0.000 0.000 0.000 0.000
0.000 0.000 0.000 0.000 0.000
15.956 0.000 0.000 4.810 0.000
4.729 0.000 0.000 2.527 0.000
6.462 0.000 0.000 0.000 0.000
0.000 0.000 0.000 0.000 0.000
0.000 0.000 0.000 0.000 0.000
0.000 0.000 0.000 0.000 0.000
0.000 0.000 0.000 0.000 0.000
0.000 0.000 0.000 0.000 2.295
3.997 0.000 0.000 4.044 0.000
0.000 0.000 0.000 0.000 0.000
3.323 1.555 0.000 6.266 0.000
0.000 0.000 0.000 0.000 0.000
0.000 0.000 0.000 0.000 0.000
4.649 0.000 0.000 0.000 0.000
0.000 0.000 0.000 0.000 0.000
0.000 0.000 0.000 0.000 0.000
0.000 0.000 0.000 0.000 0.000
0.000 0.000 0.000 0.000 0.000
0.000 0.000 0.000 0.000 4.447
5.961 2.424 0.000 20.952 0.000
0.000 0.000 0.000 0.000 0.000
2.285 0.000 0.000 0.000 0.000
0.000 0.000 0.000 0.000 0.000
7.211 0.000 0.000 3.339 0.000
0.000 0.000 0.000 0.000 0.000
7.634 0.000 0.000 2.434 2.695
6.570 0.000 0.000 6.806 0.000
0.000 0.000 0.000 0.000 0.000
0.000 0.000 0.000 2.294 0.000
0.000 0.000 0.000 0.000 1.775
0.000 0.000 0.000 0.000 0.000
0.000 0.000 0.000 0.000 0.000
0.000 0.000 0.000 0.000 0.000
0.000 0.000 0.000 0.000 0.000
0.000 0.000 0.000 0.000 0.000
0.000 0.000 0.000 3.395 0.000
7.617 0.000 0.000 5.611 0.000
0.000 0.000 0.000 0.000 0.000
3.583 0.000 0.000 6.523 0.000
3.743 0.000 0.000 0.000 0.000
0.000 0.000 0.000 0.000 0.000
0.000 0.000 0.000 0.000 0.000
0.000 0.000 0.000 5.190 0.000
0.000 0.000 0.000 0.000 0.000
0.000 0.000 0.000 0.000 0.000
0.259 0.000 0.000 7.024 0.000
0.000 0.000 0.000 0.000 1.860
6.876 0.000 0.000 12.533 0.000
0.000 3.334 0.000 0.000 3.782
0.000 0.000 0.000 0.000 0.000
0.000 0.000 0.000 0.000 0.000
0.000 2.785 0.000 0.000 3.459
3.352 0.000 0.000 0.000 0.000
0.000 0.000 0.000 0.000 0.000
0.000 0.000 0.000 0.000 0.000
0.000 0.000 0.000 0.000 0.000
0.000 0.000 0.000 0.000 0.000
0.000 0.000 0.000 0.000 0.000
0.000 0.000 0.000 0.000 0.000
1.686 0.000 0.000 2.280 0.000
0.000 0.000 0.000 0.000 0.000
1.211 0.000 0.000 3.445 0.000
0.000 0.000 0.000 0.000 0.000
4.011 0.000 0.000 0.000 1.362
0.000 0.000 0.000 0.000 0.000
6.976 0.000 0.000 2.987 0.000
3.370 0.000 0.000 3.624 0.000
0.000 0.000 0.000 0.000 0.000
2.409 0.000 0.000 0.000 0.000
0.000 0.000 0.000 3.696 0.000
0.000 0.000 0.000 6.951 0.000
0.000 0.000 0.000 0.000 0.000
4.431 0.000 0.000 12.336 0.000
0.000 0.000 4.341 0.000 0.000
0.000 0.000 0.000 0.000 0.000
0.000 0.000 0.000 0.000 0.000
0.000 0.000 0.000 0.000 0.000
4.595 0.000 0.000 0.000 0.000
3.253 0.000 0.000 2.639 4.549
4.261 0.000 0.000 0.000 0.000
0.000 0.000 0.000 0.000 0.000
0.000 0.000 0.000 0.000 3.355
5.039 0.000 0.000 4.049 0.000
0.000 0.000 0.000 0.000 0.000
3.046 0.000 0.000 0.000 0.000
2.615 0.000 0.000 4.824 0.000
3.114 0.000 0.000 0.000 0.000
0.000 0.000 0.000 0.000 0.000
4.342 0.063 0.000 5.508 0.000
6.279 0.000 0.000 13.277 0.000
3.771 0.000 0.000 0.000 0.000
0.000 0.000 0.000 5.795 3.658
0.000 0.000 0.000 0.000 0.000
0.000 0.000 0.000 0.000 0.000
0.000 0.000 0.000 0.000 0.000
0.000 0.000 0.000 0.000 0.000
0.000 0.000 0.000 0.000 0.000
1.613 0.000 0.000 5.640 0.000
0.000 0.000 0.000 0.000 0.000
0.000 0.000 0.000 0.000 0.000
0.134 0.000 0.000 0.000 0.000
0.000 0.000 0.000 0.000 0.000
2.740 0.000 0.000 0.000 0.000
8.284 0.000 0.000 14.307 0.000
0.000 0.000 0.000 3.081 2.568
0.000 0.000 0.000 0.000 3.579
0.000 0.000 0.000 0.000 0.000
0.000 0.000 0.000 0.000 0.000
0.000 0.000 0.000 0.000 1.147
0.000 0.000 0.000 0.000 0.000
4.473 2.747 0.000 7.715 0.000
6.343 3.305 0.000 10.143 0.000
0.000 0.000 0.000 0.000 0.000
1.740 0.225 0.000 0.000 0.000
0.000 0.000 0.000 0.000 0.000
0.000 0.000 0.000 0.959 0.000
0.000 0.000 0.000 0.000 0.000
0.000 0.000 0.000 1.308 0.000
0.000 0.000 0.000 0.000 0.000
0.748 0.000 0.000 1.667 3.157
1.944 4.712 0.000 2.304 0.000
0.000 0.000 0.000 0.000 0.000
2.789 0.000 0.000 0.000 0.000
0.000 0.000 0.000 0.000 0.000
0.000 0.000 0.000 0.000 0.000
3.204 0.000 0.000 2.750 0.000
0.000 0.000 0.000 0.000 0.000
0.000 0.000 0.000 0.000 2.027
3.837 0.000 0.000 0.000 0.000
0.000 0.000 0.000 0.000 0.000
4.097 0.000 0.000 0.000 0.000
0.000 0.000 0.000 0.000 0.000
0.000 0.000 0.000 2.125 0.000
0.000 0.000 0.000 0.000 0.000
0.000 0.000 0.000 0.000 0.000
0.000 0.000 0.000 0.000 0.000
2.373 0.000 0.000 0.000 0.000
5.642 0.000 0.000 4.166 3.000
4.551 0.000 0.000 0.000 4.431
0.000 0.000 0.000 0.000 0.000
4.525 0.297 0.000 4.447 0.000
0.000 0.000 0.000 0.000 0.000
0.000 0.000 0.000 0.000 0.000
0.000 0.000 0.000 0.000 0.000
0.000 3.556 3.065 0.000 4.269
0.000 0.000 0.000 0.000 0.000
1.126 0.000 0.000 0.819 0.000
0.000 0.000 0.000 0.000 0.000
0.000 0.000 0.000 0.000 0.000
0.000 0.000 0.000 0.000 0.000
5.572 6.034 0.000 8.627 0.000
6.607 0.524 0.000 2.392 0.000
0.000 0.000 0.000 0.000 0.000
0.000 0.000 0.000 0.000 0.000
3.113 0.000 0.000 2.664 0.000
0.000 0.000 0.000 3.549 0.000
5.484 0.000 0.000 0.000 0.000
0.000 0.000 0.000 0.000 0.000
6.974 0.000 0.000 3.860 0.899
0.000 0.000 0.000 0.000 0.000
0.000 0.000 0.000 0.000 0.000
3.329 0.000 0.000 0.000 2.830
0.000 0.000 0.000 0.000 0.000
0.000 0.000 0.000 0.000 0.000
0.000 0.000 0.000 0.000 5.249
0.000 0.000 0.000 0.000 0.000
0.000 0.000 0.000 0.000 1.773
5.706 0.000 0.000 13.322 0.000
0.000 0.000 0.000 0.000 0.000
0.000 0.000 0.000 0.000 0.000
2.580 0.000 0.000 0.000 0.000
0.000 0.000 0.000 0.000 2.474
0.000 0.000 0.000 0.000 0.000
0.000 0.000 0.000 0.000 0.000
5.085 0.000 0.000 0.000 1.394
2.589 0.000 0.000 2.914 4.564
0.000 0.000 0.000 0.000 0.000
0.000 0.000 0.000 0.000 0.000
0.086 0.000 0.000 0.000 0.000
0.000 0.000 0.000 0.000 2.929
2.736 0.000 0.000 4.931 0.000
0.446 0.000 0.000 0.000 0.000
0.000 0.000 0.000 0.000 0.000
3.069 0.000 0.000 0.000 2.102
0.000 0.000 0.000 0.000 0.000
0.000 0.000 0.000 0.000 3.888
2.453 0.000 0.000 0.000 0.000
0.000 0.000 0.000 0.000 0.000
0.000 0.000 0.000 0.000 0.000
4.247 0.000 0.000 0.000 0.000
4.149 0.000 0.000 2.226 0.000
1.757 0.000 0.000 0.000 0.000
0.000 0.000 0.000 0.000 0.000
6.085 3.538 0.000 0.930 0.000
0.000 0.000 0.000 0.000 0.000
0.528 0.961 0.000 3.584 0.000
2.641 0.000 0.000 5.849 0.000
0.000 0.000 0.000 0.000 2.402
0.000 0.000 0.000 0.000 0.000
2.736 0.000 0.000 0.000 0.000
5.045 0.000 0.000 6.820 0.000
0.050 1.641 0.000 10.504 0.000
3.336 0.000 0.000 0.000 3.907
0.000 0.000 0.000 0.000 0.000
0.000 0.000 0.000 0.000 0.000
10.276 0.000 0.000 13.655 0.000
0.000 0.000 0.000 3.110 0.000
3.614 0.000 0.000 3.930 0.000
2.380 1.948 0.000 5.898 0.000
0.000 0.000 0.000 0.000 0.000
2.321 0.000 0.000 0.000 0.000
5.931 0.000 0.000 16.400 2.820
0.000 0.000 0.000 0.000 0.000
0.000 0.000 0.000 0.000 3.764
0.000 0.000 0.000 0.000 0.000
0.000 0.000 0.000 0.000 0.000
0.000 0.000 0.000 0.000 0.000
0.000 0.000 0.000 0.000 0.000
0.000 0.000 0.000 0.000 0.000
7.863 0.913 3.104 4.753 0.000
8.153 0.000 0.000 2.771 0.000
0.000 0.000 0.000 0.000 0.000
6.181 4.456 0.000 3.931 0.000
0.000 0.000 0.000 0.100 0.000
0.000 0.000 0.000 0.000 0.892
0.000 0.000 0.000 0.000 3.953
4.185 0.000 0.000 0.000 2.543
6.487 0.000 0.000 0.000 0.000
3.910 1.635 0.000 6.205 0.000
3.080 0.000 0.000 0.000 0.000
0.000 0.000 0.000 2.727 0.000
4.242 0.000 0.000 6.640 0.000
0.000 0.000 0.000 0.000 3.783
0.673 0.000 0.000 0.000 3.113
7.259 0.000 0.000 22.991 0.000
0.000 0.000 0.000 0.000 0.000
0.000 0.000 0.000 0.000 0.000
0.000 0.000 0.000 0.000 2.450
0.000 0.000 0.000 0.000 0.000
0.000 0.000 0.000 0.000 0.000
0.000 0.000 0.000 0.000 0.000
0.000 0.000 0.000 0.000 0.000
0.000 0.000 0.000 0.000 0.000
0.000 0.000 0.000 0.000 0.000
4.312 0.000 0.000 0.000 0.000
0.000 3.287 0.000 5.314 0.000
3.225 0.000 0.000 4.125 0.000
0.000 0.000 0.000 0.000 0.000
0.000 0.000 0.000 0.000 0.000
3.769 0.000 0.000 3.563 0.000
4.097 0.000 0.000 4.554 0.000
0.000 0.000 0.000 0.000 2.908
0.000 0.000 0.000 0.000 0.000
0.000 0.000 0.000 0.000 0.000
0.000 3.342 0.000 0.000 0.000
7.402 0.000 0.000 2.379 0.000
0.000 0.000 0.000 0.000 0.000
3.405 0.000 0.000 0.000 3.944
4.324 0.000 0.000 0.000 0.000
4.481 0.000 0.000 6.710 0.000
0.000 0.000 0.000 0.000 0.000
3.043 2.644 0.000 12.334 0.000
0.000 0.000 0.000 0.000 1.107
0.000 0.000 0.000 0.000 0.000
0.000 0.000 0.000 2.609 0.000
0.000 0.000 0.000 0.000 0.000
0.000 0.000 0.000 0.000 0.000
4.641 0.000 0.000 1.402 3.657
0.000 0.000 0.000 3.414 0.000
0.000 0.000 0.000 0.000 1.600
0.000 0.000 0.000 0.000 0.000
3.857 0.000 0.000 6.570 0.000
3.233 0.000 0.000 0.000 0.000
0.000 0.000 0.000 0.000 0.000
1.905 0.000 0.000 0.000 0.000
0.000 0.323 4.245 0.000 1.911
0.000 0.000 0.000 0.000 0.000
0.000 0.000 0.000 0.000 0.000
9.923 2.484 0.000 19.244 0.000
0.000 0.000 0.000 0.000 0.000
3.724 0.000 0.000 0.000 0.000
2.561 0.000 0.000 0.000 0.000
0.000 0.000 0.000 5.028 0.000
0.000 3.396 0.000 0.000 0.000
0.000 0.000 0.000 0.000 0.000
0.000 0.000 0.000 0.000 0.000
6.262 0.000 0.000 12.763 0.000
0.000 0.000 0.000 0.000 0.980
0.000 0.000 0.000 0.000 0.000
0.000 0.000 0.000 0.000 0.000
0.000 0.000 0.000 0.000 0.000
2.347 0.000 0.000 0.000 0.000
0.000 0.000 0.712 0.000 0.000
0.000 0.000 0.000 0.000 0.000
5.471 5.208 0.000 2.811 0.000
0.000 0.000 0.000 0.000 0.000
0.000 0.000 0.000 0.000 0.000
0.000 0.000 0.000 0.000 4.874
0.000 0.000 0.000 0.000 0.000
0.000 0.000 0.000 0.000 0.000
0.000 0.000 0.000 0.000 0.000
0.000 0.000 0.000 0.000 0.000
0.000 0.000 0.000 0.000 0.000
6.224 0.000 0.000 2.188 0.000
0.000 0.000 0.000 0.000 0.000
1.916 0.000 0.000 0.000 0.000
0.000 0.000 0.000 0.000 0.000
0.000 0.000 0.000 0.000 0.000
0.000 0.000 0.000 0.000 0.000
0.000 0.000 0.000 0.000 0.000
4.793 0.000 0.000 3.974 1.883
1.688 0.000 0.000 0.000 0.000
0.000 0.000 0.000 0.000 0.000
0.000 0.000 0.000 0.000 0.000
0.000 0.000 0.000 2.121 0.000
0.000 0.000 0.000 0.000 0.000
3.823 0.645 0.000 14.599 0.000
0.000 0.000 0.000 0.000 0.000
2.499 0.000 0.000 0.000 0.000
0.000 0.000 0.000 0.000 3.256
0.000 0.000 0.000 0.000 0.000
0.000 0.000 0.000 0.000 0.000
4.969 0.000 0.000 5.161 0.000
4.171 0.000 0.000 5.618 0.000
0.000 0.000 0.000 0.000 0.000
0.000 0.000 0.000 0.000 0.000
4.251 0.000 0.000 2.429 0.000
0.000 1.915 0.000 0.000 0.000
0.000 0.000 0.000 0.000 0.000
0.000 0.000 0.000 0.000 0.000
0.000 4.132 0.000 3.886 0.000
0.000 0.000 0.000 0.000 0.000
2.739 0.000 0.000 0.000 0.000
0.000 0.000 0.000 0.000 0.000
5.688 0.000 0.000 3.486 0.000
0.000 0.000 0.000 0.000 0.000
2.490 0.454 0.000 0.000 0.000
0.000 0.000 0.000 0.000 0.000
3.028 0.000 0.000 0.000 0.000
3.020 0.000 0.000 0.000 0.000
0.000 0.000 2.758 0.000 0.000
0.000 0.000 0.000 0.000 0.000
9.325 0.000 0.000 3.780 0.000
3.431 0.000 0.000 0.000 0.000
3.325 0.000 0.000 5.088 0.000
3.674 0.000 0.000 0.000 0.000
0.000 0.000 0.000 0.000 0.000
0.000 0.000 0.000 0.000 0.000
0.000 0.000 0.000 0.000 0.000
5.060 0.000 0.000 5.680 0.000
3.185 0.000 0.000 0.000 0.000
0.000 0.000 0.000 0.000 0.000
0.000 0.000 0.000 0.000 0.000
0.000 0.000 0.000 0.000 0.000
0.000 0.000 0.000 0.000 0.000
0.000 0.000 0.000 0.000 0.000
0.000 0.000 0.000 0.000 0.000
0.000 0.000 0.000 0.000 0.000
0.000 0.000 0.000 0.000 0.000
0.000 0.000 0.000 0.000 0.000
0.000 0.000 0.000 0.000 0.000
0.000 0.000 0.000 0.000 0.000
0.000 0.000 0.000 0.000 0.000
0.000 0.000 0.000 0.000 0.000
3.211 0.000 0.000 0.000 2.092
0.000 0.000 0.000 0.000 0.000
3.470 0.000 0.000 0.000 2.942
4.498 0.000 0.000 5.464 3.947
0.000 0.000 0.000 0.000 0.000
0.000 0.000 0.000 0.000 0.000
0.000 0.000 0.000 0.000 1.962
6.893 0.000 0.000 3.001 0.000
0.000 0.000 0.000 0.000 0.000
0.000 0.000 0.000 0.000 0.000
0.000 0.000 0.000 0.000 0.000
0.000 0.000 0.000 0.000 0.000
0.000 0.000 0.000 0.000 0.000
0.000 0.000 0.000 0.000 2.186
6.414 3.970 0.000 4.575 0.000
0.000 0.000 0.000 0.000 0.000
0.000 0.000 0.000 0.000 3.390
0.000 0.000 0.000 0.000 0.000
0.000 0.000 0.000 0.000 0.000
0.000 0.000 0.000 0.000 0.000
0.000 0.000 0.000 0.000 0.000
0.000 0.000 0.000 0.000 0.000
4.580 3.464 0.000 15.999 0.000
0.000 0.000 0.000 0.000 0.000
0.576 0.000 1.512 0.000 4.064
0.000 0.000 0.000 0.000 2.510
4.619 0.000 0.000 2.957 0.000
0.000 0.000 2.776 0.000 4.447
0.000 0.000 0.000 0.000 0.000
0.000 0.000 0.000 0.000 0.000
0.000 0.000 0.000 0.000 0.000
0.000 0.000 0.000 0.000 0.000
3.679 0.000 0.000 4.726 0.000
1.878 0.000 0.000 0.000 0.000
1.922 0.000 0.000 3.008 1.657
1.846 0.000 0.000 0.000 0.000
0.000 0.000 0.000 0.000 0.000
6.244 0.000 0.000 6.405 0.000
0.000 0.000 0.000 0.000 0.000
2.556 0.000 0.000 0.000 0.000
0.000 0.000 0.000 0.000 0.000
0.000 0.000 4.251 0.000 0.000
2.707 0.000 0.000 1.648 0.000
0.000 0.000 0.000 0.000 0.000
3.771 0.000 0.000 0.000 0.000
4.745 0.000 0.000 2.695 0.000
0.000 0.000 0.000 0.000 0.000
0.000 0.000 0.000 0.000 0.000
0.000 0.000 0.000 0.000 0.000
4.891 0.000 0.000 0.642 0.000
0.000 0.000 0.000 0.000 0.000
0.000 0.000 0.000 0.000 0.000
5.109 0.000 0.000 0.000 0.000
0.000 0.000 0.000 0.000 0.000
0.000 0.000 0.000 0.000 0.000
0.000 0.000 0.000 0.000 0.000
0.000 0.000 0.070 0.000 0.000
0.000 0.000 0.000 0.000 0.000
0.000 0.000 0.000 0.000 0.000
0.000 4.088 3.916 0.000 0.000
2.588 0.000 0.000 3.558 3.251
2.211 0.000 0.000 0.000 1.201
0.000 7.633 1.249 0.000 4.932
3.804 0.000 0.000 0.000 0.000
0.000 0.000 0.000 0.000 0.000
4.378 0.000 0.000 8.045 0.000
0.000 0.000 0.000 0.000 0.000
0.000 0.000 0.000 0.000 2.676
0.000 0.000 0.000 0.000 0.000
0.000 0.000 0.000 0.000 0.000
2.881 0.000 0.000 4.380 0.000
0.000 0.000 0.000 0.000 0.000
0.000 0.000 0.000 0.000 0.000
0.000 0.000 0.000 0.000 0.000
0.000 0.000 0.000 2.036 0.000
3.088 0.000 0.000 0.000 0.000
0.000 0.000 0.000 0.000 0.000
0.000 0.000 0.000 0.000 0.000
0.000 0.000 0.000 0.000 0.000
0.000 0.000 0.000 0.000 0.000
4.127 0.000 0.000 6.287 0.000
0.000 0.000 0.000 0.000 1.230
5.011 0.000 0.000 3.064 1.230
0.000 0.000 0.000 0.000 0.000
0.000 0.000 0.000 0.000 0.000
0.000 0.000 0.000 0.000 0.000
0.000 0.000 0.000 0.000 3.953
0.000 0.000 0.000 0.000 0.000
0.000 0.000 0.000 3.257 0.000
3.863 0.000 0.000 4.318 0.000
0.000 0.000 0.000 0.000 0.000
0.000 0.000 0.000 0.000 0.000
6.470 0.000 0.000 4.319 0.721
0.000 0.000 0.000 0.000 0.000
0.000 0.000 0.000 0.000 3.003
5.621 0.000 0.000 0.000 2.820
2.346 0.000 0.000 0.000 0.000
0.000 0.000 0.000 0.000 0.000
0.000 0.000 0.000 0.000 0.000
0.896 0.000 0.000 13.705 0.000
2.947 0.000 0.000 0.000 0.000
7.836 0.000 0.000 4.935 0.180
0.000 0.000 0.000 0.000 0.000
3.176 0.000 0.000 0.000 0.967
0.000 0.000 0.000 0.000 2.507
6.038 0.000 0.000 0.000 0.000
0.000 0.000 0.000 0.000 0.000
0.000 0.000 0.000 0.000 0.000
3.592 0.000 0.000 0.000 3.595
0.000 0.000 0.000 0.000 0.000
5.092 0.000 0.000 6.571 5.253
0.000 0.000 0.000 0.000 0.000
0.000 0.000 0.000 0.000 0.000
2.776 2.557 0.000 10.502 0.000
0.000 0.000 0.000 0.000 0.000
0.000 0.000 3.817 0.000 0.000
0.000 0.000 0.000 3.339 3.304
0.000 0.000 0.000 0.000 0.000
0.000 0.000 0.000 0.000 0.000
0.000 0.000 0.000 0.000 0.000
0.000 0.000 0.000 0.000 0.000
0.000 0.000 0.000 0.000 0.000
3.066 0.757 0.000 23.968 0.000
10.097 8.701 0.000 18.151 0.000
0.000 0.000 0.000 0.000 0.000
0.000 0.000 0.000 0.000 0.000
0.000 0.000 0.000 7.933 0.000
4.934 0.000 0.000 5.865 0.000
0.000 0.000 0.000 0.000 0.000
0.000 0.000 0.000 2.953 0.000
0.000 0.000 0.000 0.000 0.000
5.660 0.000 0.000 5.650 0.000
5.000 0.000 0.000 3.021 0.000
1.801 0.000 0.000 4.302 0.000
0.645 0.000 0.000 4.349 1.594
2.194 0.000 0.000 4.647 0.000
0.000 0.000 0.000 0.000 0.000
0.000 0.000 0.000 0.000 0.000
3.845 0.000 0.000 0.000 0.000
0.000 0.000 0.000 0.000 0.000
5.595 0.000 0.000 2.901 4.201
0.000 0.000 0.000 0.000 0.000
2.152 0.000 0.000 2.792 0.000
0.000 0.000 0.000 0.000 0.000
10.744 0.000 0.000 7.284 0.000
6.143 0.000 0.000 15.467 1.034
0.000 0.000 0.000 0.000 0.000
3.925 0.000 0.000 0.000 0.000
0.117 0.000 0.000 0.000 0.000
0.000 0.000 0.000 0.000 0.000
0.000 0.000 0.000 0.000 0.000
0.000 2.785 0.000 12.804 0.000
4.875 4.073 0.000 5.702 0.000
2.670 0.000 0.000 0.000 4.272
5.071 0.000 0.000 2.022 0.000
0.000 0.000 0.000 0.000 0.000
3.543 0.000 0.000 3.609 0.000
0.000 0.000 0.000 0.000 0.000
0.000 0.000 0.000 0.000 0.000
2.824 0.000 0.000 5.034 0.000
0.000 0.000 0.000 0.000 0.000
4.064 0.000 0.000 5.480 0.000
2.812 0.000 0.000 1.860 0.000
0.000 0.000 0.000 0.000 0.000
0.000 0.000 0.000 0.000 4.643
0.000 0.000 0.000 0.000 0.000
0.000 0.000 0.000 2.127 0.000
0.000 0.000 0.000 0.000 0.000
0.000 0.000 0.000 0.000 1.126
7.259 0.000 0.000 5.238 0.000
0.000 0.000 0.000 0.000 0.000
0.000 0.000 0.000 0.000 2.465
0.000 0.000 0.000 0.000 0.000
0.000 0.000 0.000 0.000 3.701
3.299 0.000 0.000 0.000 0.000
3.025 0.000 0.000 0.000 0.000
0.000 0.000 0.000 0.000 0.000
6.958 0.000 0.000 6.813 0.000
0.000 0.000 0.000 0.000 0.000
0.000 0.000 0.000 0.000 0.000
0.000 0.000 0.000 0.000 0.000
0.000 0.000 0.000 0.000 0.000
0.000 0.000 0.000 0.000 0.000
3.591 0.000 0.000 0.000 0.000
0.436 0.000 0.000 2.042 0.000
2.136 0.000 0.000 2.988 0.000
2.551 0.000 0.000 0.549 0.000
1.723 0.000 0.000 0.769 0.000
0.000 0.000 0.000 0.000 0.000
0.000 0.000 0.000 0.000 0.000
0.000 0.000 0.000 0.000 0.000
0.000 0.000 0.000 0.000 0.000
7.419 2.174 0.000 5.069 0.000
0.000 0.000 0.000 0.000 0.000
0.000 0.000 0.000 0.000 0.000
4.224 0.000 0.000 4.754 0.000
0.000 0.000 0.000 0.000 0.000
0.000 0.000 0.000 0.000 0.000
0.000 0.000 0.000 0.000 4.543
0.000 0.000 0.000 0.000 0.000
0.000 0.000 0.000 0.000 1.210
0.000 0.000 0.000 0.000 0.000
0.000 0.000 0.000 0.000 0.000
0.000 0.000 0.000 0.000 2.106
0.000 0.000 0.000 0.000 0.000
5.233 0.000 0.000 9.395 0.000
5.218 0.000 0.000 4.296 0.000
2.588 0.000 0.000 0.000 0.000
4.776 0.000 0.000 1.760 0.000
1.259 0.000 0.000 0.741 0.000
0.000 0.000 0.000 0.000 0.000
0.000 0.000 0.000 0.000 0.000
0.000 0.000 0.000 0.000 0.000
3.771 0.000 0.000 0.000 0.000
2.941 0.000 0.000 0.000 0.000
3.656 0.000 0.000 2.436 0.000
0.000 0.000 0.000 0.000 0.000
4.395 0.000 0.000 1.358 0.000
0.000 0.000 0.000 0.000 0.000
0.000 0.000 0.000 0.000 0.000
1.273 0.000 0.000 5.578 0.000
0.000 0.000 0.000 0.000 0.000
0.000 0.000 0.000 0.000 0.000
3.771 0.000 0.000 0.000 0.000
9.919 5.177 0.000 40.432 0.000
6.839 0.000 0.000 0.000 0.000
1.777 0.000 0.000 4.919 0.000
2.954 0.000 0.000 4.354 0.000
0.000 0.000 0.000 0.000 0.000
0.000 0.000 0.000 0.000 0.000
2.556 2.563 0.000 5.977 0.000
0.000 0.000 0.000 0.000 0.000
0.000 0.000 0.000 0.000 0.000
4.802 0.000 0.000 2.684 0.000
3.253 0.000 0.000 0.000 0.000
3.899 0.000 0.000 6.020 0.805
0.000 0.000 0.000 0.000 4.064
0.000 0.418 0.000 0.000 0.000
0.000 0.000 0.000 0.000 0.000
0.000 0.000 0.000 0.000 0.000
4.155 0.000 0.000 0.000 0.000
1.448 3.247 0.000 14.136 0.000
0.000 0.000 0.000 0.000 0.000
0.000 0.000 0.000 0.000 0.678
3.078 0.000 0.000 5.722 0.000
0.000 0.000 0.000 0.000 4.317
0.000 0.000 0.000 0.000 0.000
0.000 0.000 0.000 0.000 0.000
7.027 3.392 0.000 13.641 0.000
0.000 0.000 0.000 0.000 0.000
0.000 0.000 0.000 0.000 0.000
0.000 0.000 0.000 0.000 0.000
1.949 0.000 0.000 0.000 0.000
0.000 0.000 0.000 0.000 0.000
0.000 0.000 0.000 0.000 0.000
0.000 0.000 0.000 0.000 4.417
0.000 0.000 0.000 0.000 0.000
0.000 0.000 0.000 0.000 0.000
0.000 0.000 0.000 0.000 0.000
0.000 0.000 0.000 0.000 0.000
0.000 0.000 0.000 0.000 0.000
0.000 0.000 0.000 0.000 0.000
4.004 0.000 0.000 5.031 1.406
1.640 0.000 0.000 8.320 0.000
0.000 0.000 0.000 0.000 0.000
0.000 0.000 0.000 0.000 0.000
0.000 0.000 0.000 0.000 4.235
5.931 0.000 0.000 3.726 0.000
4.757 0.000 0.000 0.000 0.000
3.893 0.000 0.000 3.643 0.000
5.663 0.000 0.000 6.433 0.000
8.353 0.000 0.000 1.216 0.000
4.352 0.000 0.000 5.445 0.000
5.229 0.000 0.000 0.000 0.000
0.000 0.000 0.000 0.000 0.000
0.000 0.000 0.000 0.000 0.000
0.000 0.000 0.000 0.000 0.000
0.000 0.000 0.000 0.000 0.000
3.274 1.473 0.000 7.185 0.000
0.000 0.000 0.000 0.000 0.000
0.000 0.458 2.216 0.000 0.000
0.000 0.000 0.000 0.000 0.000
0.000 0.000 0.000 0.000 0.000
0.000 0.000 0.000 0.000 0.000
2.144 0.000 0.000 0.000 0.000
0.000 0.000 0.000 0.000 0.000
7.935 0.000 0.000 7.817 0.000
0.000 0.000 0.000 0.000 3.485
0.000 0.000 0.000 0.000 0.000
2.259 0.000 0.000 1.668 0.000
0.000 0.000 0.000 0.000 3.447
2.667 0.000 0.000 0.000 0.000
3.175 0.000 0.000 0.000 0.000
0.000 0.000 0.000 0.000 0.000
0.000 0.000 0.000 0.000 0.000
0.227 0.000 0.000 0.427 3.506
2.300 0.000 0.000 0.000 0.000
0.000 0.000 0.000 0.000 0.000
0.000 0.000 0.000 0.000 0.000
0.000 0.000 0.000 0.000 2.031
0.000 0.000 0.000 0.000 0.000
0.000 0.000 0.000 0.000 0.000
0.000 0.000 0.000 0.000 0.000
0.000 0.000 0.000 0.000 0.000
0.000 0.000 0.000 0.000 2.494
0.000 0.000 0.000 4.349 0.000
0.000 0.000 0.000 0.000 0.000
4.008 0.745 0.000 9.645 0.000
3.738 0.000 0.000 0.000 0.000
0.000 0.000 0.000 0.000 0.000
0.000 0.000 0.000 0.000 0.000
5.435 4.141 0.000 2.980 2.904
0.000 0.000 0.000 2.231 0.000
3.340 0.000 0.000 4.252 0.000
4.879 0.441 0.000 3.883 0.000
0.000 0.000 0.000 0.000 0.000
7.996 0.000 0.000 0.000 2.610
0.000 0.000 0.000 0.000 0.000
0.000 0.000 0.000 2.568 0.000
0.000 0.000 0.000 0.000 0.000
4.719 0.000 0.000 2.953 0.000
1.034 0.000 0.000 3.384 0.000
0.000 0.000 0.000 0.000 0.000
0.000 0.000 0.000 0.000 0.000
0.000 0.000 0.000 0.000 0.000
0.000 0.000 0.000 0.000 0.000
3.253 0.000 0.000 0.000 0.000
4.137 0.000 0.000 9.876 0.000
2.960 0.000 0.000 2.093 0.000
0.000 0.000 0.000 0.000 0.000
5.865 0.000 0.000 7.073 0.000
0.000 0.000 0.000 0.000 0.000
0.000 0.000 0.000 0.000 0.000
0.000 0.000 0.000 0.000 0.000
0.000 0.000 0.000 0.000 3.657
0.000 0.000 0.000 0.000 0.000
0.000 0.000 0.000 0.000 0.000
3.193 2.090 0.000 0.000 0.000
0.000 0.000 0.000 0.000 0.000
0.000 0.000 0.000 0.000 0.000
1.814 3.818 0.000 2.337 0.685
0.000 0.000 0.000 0.000 0.000
0.000 0.000 0.000 0.000 0.000
0.000 0.000 0.000 0.000 0.000
0.000 0.000 0.000 3.462 3.165
0.000 0.000 0.000 0.000 0.000
1.334 0.000 0.000 4.435 0.000
0.000 0.000 0.000 0.000 2.532
1.012 3.497 0.000 0.000 3.454
0.000 0.000 0.000 2.280 2.580
7.046 0.000 0.000 7.728 0.000
0.000 0.000 0.000 0.000 0.000
0.000 0.000 0.000 0.578 3.365
0.000 0.000 0.000 0.000 0.000
4.766 0.000 0.000 5.949 0.000
0.000 0.000 0.000 0.000 0.000
0.000 0.000 0.000 0.000 0.000
0.000 0.000 0.000 0.000 0.000
0.000 0.000 0.000 0.000 0.000
6.725 0.000 0.000 0.000 0.000
4.213 0.000 0.000 3.402 3.091
1.539 0.000 0.000 3.656 0.000
0.959 0.000 0.000 0.000 0.000
1.633 3.278 0.000 7.850 0.000
2.154 0.000 0.000 4.992 4.064
0.000 0.000 0.000 0.000 0.000
3.689 0.000 0.000 8.754 0.000
0.000 0.000 0.000 0.000 0.000
0.000 0.000 0.000 0.000 0.000
2.783 4.393 0.000 10.017 0.000
0.000 0.000 0.000 0.000 0.000
3.064 0.000 0.000 4.146 0.000
3.599 0.000 0.000 0.000 0.000
0.000 0.000 0.000 0.000 0.000
0.000 0.000 0.000 0.000 0.000
0.000 0.000 0.000 0.000 0.000
1.809 0.000 0.000 4.409 0.000
0.000 0.000 0.000 0.000 0.000
0.000 0.000 0.000 0.000 4.074
0.000 0.000 0.000 0.000 0.000
0.000 0.000 0.000 0.000 0.000
0.000 0.000 0.000 5.360 2.818
2.160 0.000 0.000 6.652 0.000
0.000 0.000 0.000 0.000 0.000
0.000 0.000 0.000 3.568 1.842
3.253 0.000 0.000 0.000 0.000
0.000 0.000 0.000 0.000 0.000
3.578 0.000 0.000 3.420 0.000
0.000 0.000 0.000 0.000 0.000
0.000 0.000 0.000 0.000 0.000
0.000 0.000 0.000 0.000 0.000
0.000 0.000 0.000 0.000 0.000
0.000 0.000 0.000 0.000 0.000
0.000 0.000 0.000 0.000 0.000
0.000 0.000 0.000 0.000 0.000
0.000 0.000 0.000 0.000 0.111
0.000 0.000 0.000 0.000 0.000
0.000 0.000 0.000 0.000 0.000
7.100 0.000 0.000 0.000 0.000
0.000 0.000 0.000 0.000 0.000
0.000 0.000 0.000 0.000 0.000
0.000 0.000 0.000 0.000 2.333
2.511 0.000 0.000 1.945 0.000
7.837 0.000 0.000 4.417 0.000
0.000 0.000 0.000 0.000 0.000
4.174 0.000 0.000 5.732 0.000
0.000 0.000 0.000 0.000 0.000
0.000 0.000 0.000 0.000 0.000
0.000 0.000 0.000 0.000 0.000
0.000 0.000 0.000 0.000 0.000
0.000 0.000 0.000 0.000 0.000
0.000 0.000 0.000 0.000 0.000
0.000 0.000 0.000 0.000 0.000
0.000 0.000 0.000 0.000 0.000
3.732 0.000 0.000 2.128 0.000
3.272 0.000 0.000 4.967 0.000
0.000 0.000 0.000 0.000 0.000
0.000 0.000 0.000 0.000 0.000
0.000 0.000 0.000 1.008 4.359
0.000 0.000 0.000 0.000 0.000
1.754 0.000 0.000 0.000 0.000
0.000 0.000 0.000 0.000 0.000
0.000 0.000 0.000 0.000 0.000
0.000 0.000 0.000 0.000 0.000
1.586 0.000 0.000 0.000 0.000
0.000 0.000 0.000 0.000 0.000
0.000 0.000 0.000 0.000 0.000
0.000 0.000 0.000 0.000 0.000
0.000 0.000 0.000 0.000 0.000
0.000 0.000 0.000 0.000 0.000
0.000 0.000 0.000 0.000 0.000
3.107 0.000 0.000 5.782 0.000
0.000 0.000 0.000 0.000 0.000
0.000 0.000 0.000 0.000 0.000
0.000 0.000 0.000 3.533 0.000
0.000 0.000 0.000 0.000 2.820
5.395 0.000 0.000 7.277 0.000
0.000 0.000 0.000 0.000 3.115
0.750 0.000 0.000 4.055 0.000
0.000 0.000 0.000 0.000 0.000
3.710 0.000 0.000 6.435 0.000
0.000 0.000 0.000 0.000 0.000
0.000 0.000 0.000 0.000 0.000
0.000 0.000 0.000 0.000 0.000
0.000 0.000 0.000 0.000 0.000
2.667 0.000 0.000 2.349 0.000
0.000 0.000 0.000 0.000 0.000
0.000 0.000 0.000 3.036 0.000
0.000 0.000 0.000 0.000 0.000
0.000 0.000 0.000 0.000 0.000
2.295 0.000 0.000 2.140 1.029
5.542 0.000 0.000 12.198 0.000
8.510 0.000 0.000 8.270 0.000
0.000 0.000 0.000 0.000 0.000
0.000 0.000 0.000 0.000 5.605
4.262 0.000 0.000 0.000 0.000
0.000 0.000 0.000 0.000 0.000
3.892 0.000 0.000 0.000 0.000
5.583 0.000 0.000 3.952 1.640
2.046 0.000 0.000 3.018 0.000
2.615 0.000 0.000 0.000 2.637
0.000 0.000 0.000 0.000 5.656
0.000 3.681 2.484 0.000 0.000
0.000 0.000 0.000 0.000 0.000
0.000 0.000 0.000 0.000 0.000
0.913 0.000 0.000 0.000 0.000
3.930 0.000 0.000 4.554 0.000
0.000 0.000 0.000 0.000 0.000
0.000 0.000 0.000 0.000 0.000
9.728 2.918 0.000 14.244 0.000
0.000 0.000 0.000 0.000 0.000
0.000 0.000 0.000 0.000 0.000
3.961 0.000 0.000 0.000 0.000
0.000 0.000 0.000 0.000 0.000
0.000 1.304 0.000 7.474 0.000
3.675 0.000 0.000 0.000 0.000
0.000 0.000 0.000 0.000 0.000
0.000 0.000 0.000 0.000 0.000
0.000 0.000 0.000 0.000 0.000
0.000 0.000 0.000 0.000 0.000
0.000 0.000 0.000 0.000 0.000
5.849 5.762 0.000 7.851 0.000
5.537 0.000 0.000 0.000 3.393
1.702 0.000 0.000 11.614 0.000
2.932 0.000 0.000 7.668 0.000
0.000 0.000 0.000 0.000 0.000
0.000 1.360 0.000 0.000 0.000
0.000 0.000 0.000 0.000 0.000
0.000 0.000 0.000 0.000 3.716
0.000 0.000 0.000 0.000 0.000
0.000 0.000 0.000 0.000 0.000
0.000 0.000 0.000 0.000 0.000
4.307 0.000 0.000 5.973 0.000
0.000 0.000 0.000 0.000 3.953
0.000 0.000 0.000 7.933 0.000
0.000 0.000 0.000 0.000 0.000
2.795 0.000 0.000 2.548 0.000
0.000 0.000 0.000 0.000 0.000
6.919 0.000 0.000 4.595 0.000
0.000 0.000 0.000 0.000 0.000
3.532 0.000 0.000 0.000 3.447
0.000 0.000 0.000 0.000 0.000
3.296 8.920 0.000 9.585 0.000
0.000 0.000 0.000 1.419 0.000
0.000 0.000 0.000 0.000 0.000
5.279 0.000 0.000 0.000 0.000
4.364 0.000 0.000 3.382 0.000
0.000 0.000 0.000 0.000 0.000
0.000 0.000 0.000 1.917 0.000
0.000 0.000 0.000 0.000 0.000
0.000 0.000 0.000 0.000 0.000
0.000 0.000 0.000 0.000 0.000
0.000 0.000 0.000 0.000 0.000
2.386 0.000 0.000 0.000 0.000
6.971 0.000 0.000 9.936 0.000
0.000 0.000 0.000 0.000 0.000
2.024 0.000 0.000 0.000 0.000
0.000 0.000 0.000 0.000 3.097
5.133 0.000 0.000 0.000 0.000
1.273 0.000 0.000 0.000 0.000
0.000 0.000 0.000 0.000 0.000
0.000 0.000 0.000 0.000 0.000
0.000 0.000 0.000 0.000 0.000
0.000 0.000 0.000 0.000 0.000
0.000 0.000 0.000 0.000 0.000
3.225 0.000 0.000 12.385 0.000
0.000 0.000 0.000 0.000 0.000
0.000 0.000 0.000 0.000 4.941
4.773 0.000 0.000 5.633 4.810
0.000 0.000 0.000 0.000 0.000
3.450 0.000 0.000 0.000 3.925
0.000 0.000 0.000 0.000 0.000
3.119 0.000 0.000 0.000 0.000
0.000 0.000 0.000 0.000 0.000
6.134 3.225 0.000 8.679 0.000
0.000 0.000 0.000 0.000 0.000
2.668 0.000 0.000 0.000 0.000
2.364 0.000 0.000 3.884 0.000
0.000 0.000 0.000 0.000 0.000
4.483 0.902 0.000 15.937 0.000
0.000 2.412 1.860 0.000 0.000
0.000 0.000 0.000 0.000 1.550
5.785 0.000 0.000 0.000 0.000
0.000 0.000 0.000 0.000 0.000
10.121 0.000 0.000 8.720 0.000
3.566 0.000 0.000 0.000 0.000
1.108 1.501 0.000 6.197 0.000
1.692 0.000 0.000 3.604 0.000
4.626 0.000 0.000 3.239 0.000
0.000 0.000 0.000 2.605 0.000
4.753 0.000 0.000 7.563 0.000
0.000 0.000 0.000 0.000 0.000
0.000 0.000 0.000 0.000 0.000
0.000 0.000 0.000 0.000 0.000
0.000 0.000 0.000 0.000 0.000
0.000 0.000 0.000 0.000 0.000
4.720 0.000 0.000 0.000 0.000
0.000 0.000 0.000 0.000 0.000
0.000 0.000 0.000 2.695 0.000
0.000 3.733 3.205 0.000 6.022
0.000 0.000 0.000 0.000 1.282
0.000 0.000 0.000 0.000 0.000
0.000 0.000 0.000 0.000 0.000
4.788 0.000 0.000 4.149 0.000
6.467 2.933 0.000 4.958 0.000
0.000 0.000 0.000 0.000 0.000
0.000 0.000 0.000 0.000 0.000
0.000 0.000 0.000 1.971 5.281
0.000 0.000 0.000 0.000 0.000
0.000 0.000 0.000 0.000 1.785
0.000 0.000 0.000 0.000 0.000
0.000 0.000 0.000 0.000 0.000
0.000 0.000 0.000 0.000 0.000
0.000 0.000 0.000 0.000 1.726
4.232 0.000 0.000 15.596 0.000
0.000 0.000 0.000 0.000 0.000
0.667 0.000 0.000 3.696 0.000
4.536 0.000 0.000 0.000 0.000
3.187 0.000 0.000 0.000 0.000
6.239 0.000 0.000 9.513 0.000
0.000 0.000 0.000 0.000 0.000
5.791 0.000 0.000 11.800 0.000
0.000 0.000 0.000 0.000 0.000
6.151 0.000 0.000 3.217 0.000
0.000 0.000 0.000 0.000 0.000
0.000 0.000 3.138 0.000 0.000
0.000 0.000 0.000 0.000 0.000
5.461 0.000 0.000 0.000 1.771
0.000 0.000 0.000 2.664 0.000
2.094 2.399 0.000 20.241 0.000
0.000 0.000 0.000 0.000 2.295
0.000 0.000 0.000 0.000 0.000
0.000 0.000 0.000 0.000 0.000
0.000 0.000 0.000 0.000 0.000
0.000 0.000 0.000 1.850 0.000
0.000 0.000 0.000 0.000 0.000
4.729 0.000 0.000 0.000 0.000
6.556 0.000 0.000 0.000 0.000
0.000 0.000 0.000 0.000 4.447
0.000 0.000 0.000 0.000 0.000
3.004 0.000 0.000 0.000 0.000
2.807 0.000 0.000 0.000 0.000
2.920 0.000 0.000 0.000 0.000
5.297 0.000 0.000 7.669 0.000
0.000 0.000 0.000 0.000 0.000
0.000 0.000 0.000 0.000 0.000
0.000 0.000 0.000 0.000 0.000
6.259 0.000 0.000 6.620 0.000
0.000 0.000 0.000 0.000 0.000
0.000 0.000 0.000 0.000 0.000
0.000 0.000 0.000 0.000 0.000
0.000 0.000 0.000 0.000 0.000
0.000 0.000 3.880 0.000 0.000
5.737 0.000 0.000 5.450 3.489
2.894 0.000 0.000 0.000 4.757
0.000 0.000 0.000 0.000 3.308
0.000 0.000 0.000 0.000 0.000
4.858 0.000 0.000 10.353 0.000
0.000 0.000 0.000 0.000 0.000
0.000 0.000 0.000 0.000 0.000
2.122 0.000 0.000 0.351 0.000
5.582 1.808 0.000 12.045 0.000
0.000 0.000 0.000 0.000 0.000
2.428 5.126 0.000 4.791 0.000
3.567 0.000 0.000 3.339 0.000
0.000 0.000 0.550 0.000 0.000
0.000 0.000 0.000 0.000 0.000
0.000 0.000 0.000 0.000 0.000
7.078 0.000 0.000 0.000 0.000
0.000 2.760 0.000 0.000 0.000
0.000 0.000 0.000 4.349 3.264
0.000 0.000 0.000 0.000 0.000
4.533 0.000 0.000 4.187 0.000
5.932 0.000 0.000 4.946 0.000
4.324 0.000 0.000 0.000 0.000
3.903 0.000 0.000 0.000 0.000
0.000 0.000 0.000 0.000 0.000
3.749 1.449 0.000 8.694 0.000
0.000 2.324 0.000 0.000 0.965
0.000 0.000 0.000 0.000 0.000
5.199 0.000 0.000 15.657 0.000
0.000 0.000 0.000 0.000 0.000
0.000 0.000 0.000 0.000 0.000
0.000 0.000 0.000 0.000 0.000
0.000 0.000 0.000 0.000 0.000
0.000 0.000 0.000 0.000 0.000
0.000 0.000 0.000 0.000 0.000
3.887 0.000 0.000 12.480 0.000
0.000 0.000 0.000 0.000 0.000
4.573 0.000 0.000 10.863 0.000
0.000 0.000 0.000 0.000 5.929
0.000 0.000 0.000 0.000 0.000
1.993 0.000 0.000 2.957 0.000
7.076 3.829 0.000 1.570 0.000
0.000 0.000 0.000 0.000 0.000
0.000 0.000 0.000 0.000 0.000
3.155 0.000 0.000 4.416 0.000
2.277 0.000 0.000 0.000 0.000
0.000 0.000 0.000 0.000 0.000
0.000 0.000 6.099 0.000 0.000
0.000 0.000 0.000 0.000 0.000
0.000 0.000 0.000 0.000 0.000
0.000 0.000 0.000 0.000 2.820
0.000 0.000 0.000 0.000 0.000
4.557 0.000 0.000 3.192 0.000
2.332 0.000 0.000 0.960 0.000
0.000 0.000 0.000 0.000 0.000
0.000 0.000 0.000 0.000 0.000
0.000 0.000 0.000 0.000 0.000
0.000 0.000 0.000 0.000 1.832
0.000 0.000 0.000 0.000 0.000
0.000 0.000 0.000 0.000 0.000
2.588 0.000 0.000 0.000 0.000
0.000 0.000 0.000 0.000 0.000
4.646 2.999 0.000 11.319 0.000
0.000 0.000 0.000 3.576 0.000
0.000 0.000 0.000 0.000 1.181
0.000 0.000 0.000 0.000 0.000
0.000 0.000 0.000 0.000 0.000
5.495 0.000 0.000 5.823 0.847
0.000 0.000 0.000 0.000 0.000
0.000 0.000 0.000 0.000 0.000
4.161 0.000 0.000 0.000 0.000
1.979 0.000 0.000 0.000 0.000
2.588 0.000 0.000 7.250 0.000
0.000 0.000 0.000 0.000 0.000
0.000 0.000 0.000 0.000 0.000
1.016 0.000 0.000 6.871 0.000
0.000 0.000 0.000 0.000 0.000
11.087 2.440 0.000 0.000 0.000
0.000 0.000 0.000 0.000 0.000
0.000 0.000 0.000 0.000 0.000
0.000 4.048 0.000 6.009 0.000
0.000 0.000 0.000 0.000 0.000
0.000 0.000 0.000 0.000 0.000
2.939 0.000 0.000 2.308 0.000
0.000 0.000 0.000 0.000 0.000
7.984 0.000 0.000 6.514 0.000
1.162 0.000 0.000 0.000 0.000
2.122 0.000 0.000 3.175 0.000
7.528 0.000 0.000 3.171 0.000
3.035 0.000 0.000 3.809 0.000
0.000 0.000 0.000 0.000 0.000
0.000 0.000 0.000 0.000 0.000
0.000 0.000 0.000 0.000 0.000
4.148 0.000 0.000 0.000 0.000
0.000 0.000 0.000 0.000 0.000
0.000 0.000 0.000 0.000 0.000
0.000 0.000 0.000 0.000 0.000
0.000 0.000 0.000 0.000 0.000
4.122 0.000 0.000 3.544 2.152
0.000 0.000 0.000 0.000 0.000
4.360 7.066 0.000 11.691 0.000
0.000 0.000 0.000 0.000 0.000
3.259 0.000 0.000 5.085 0.000
7.609 0.000 0.000 3.537 0.000
7.900 3.715 0.000 7.125 0.000
3.091 0.000 0.000 8.586 0.000
1.422 0.000 0.000 12.245 0.000
0.000 0.000 0.000 0.000 3.459
0.000 0.000 0.000 0.000 0.000
1.115 0.000 0.000 2.313 4.244
0.000 0.000 0.000 0.000 0.000
2.360 0.000 0.000 6.753 0.000
0.000 0.000 0.000 0.000 0.000
0.000 0.000 2.457 0.000 0.000
0.000 0.000 0.000 0.000 3.571
1.021 0.000 0.000 0.000 1.495
5.982 0.000 0.000 2.295 0.000
1.152 0.000 0.000 0.000 5.105
6.055 0.000 0.000 5.547 0.000
0.000 0.000 0.000 0.000 0.000
0.000 0.000 0.000 0.000 0.000
1.163 0.000 0.000 0.105 0.000
0.000 0.000 0.000 0.000 3.783
0.000 0.000 0.000 0.000 0.000
0.000 0.000 0.000 0.000 0.000
0.000 0.000 0.000 0.000 1.885
0.000 0.000 0.000 0.000 0.000
0.805 0.000 0.000 0.000 0.000
0.000 9.137 0.000 27.138 0.000
0.000 0.000 0.000 0.000 0.000
0.000 0.000 0.000 0.000 1.541
0.000 0.000 0.000 0.000 0.000
0.000 0.000 0.000 0.000 0.000
0.000 0.000 0.000 0.000 0.000
0.000 0.000 0.000 0.000 0.000
0.000 0.000 3.385 0.000 0.000
0.000 0.000 0.000 0.000 0.000
0.000 4.132 0.000 0.000 0.000
0.000 0.000 0.000 0.000 0.000
4.164 0.000 0.000 0.000 2.799
0.226 0.000 0.000 1.105 0.000
0.000 0.000 0.000 0.000 0.000
2.933 0.000 0.000 0.000 0.000
0.000 0.000 0.000 0.000 0.000
0.000 0.000 0.000 0.000 0.000
0.000 0.000 0.000 0.000 0.000
0.000 0.000 0.000 0.000 0.000
0.000 0.000 0.000 0.000 0.000
0.000 0.000 0.000 0.000 0.000
0.000 0.000 0.000 0.000 0.000
0.000 0.000 0.000 0.000 0.000
0.000 0.000 0.000 0.000 0.000
0.000 0.000 0.000 0.000 0.000
0.000 0.000 0.000 0.000 4.081
0.000 0.000 0.000 0.000 0.000
12.109 0.000 0.000 0.000 2.308
0.000 0.000 0.000 0.000 0.000
0.000 0.000 0.000 0.000 0.000
0.000 0.000 0.000 0.000 0.000
5.876 0.000 0.000 3.992 0.000
0.000 0.000 0.000 0.000 0.000
0.000 0.000 0.000 0.000 0.000
3.634 1.066 0.000 0.000 5.538
0.000 0.000 0.000 0.000 0.000
0.000 0.000 0.000 0.000 3.664
0.000 0.000 0.000 0.000 0.000
0.000 0.000 0.000 0.000 0.000
0.000 0.000 0.000 0.000 0.000
0.636 0.000 0.000 3.001 0.000
0.000 0.000 0.000 0.000 0.092
6.933 0.000 0.000 7.420 0.000
4.704 0.000 0.000 4.820 0.000
0.000 0.000 0.000 0.000 0.000
0.000 0.000 0.000 0.000 0.000
0.000 0.000 0.000 0.000 0.000
0.000 0.000 0.000 0.000 0.000
0.000 0.000 0.000 0.000 0.000
0.000 0.000 0.000 0.000 0.000
4.600 0.000 0.000 3.132 0.000
0.000 0.000 0.000 0.000 0.000
0.000 0.000 0.000 0.000 0.000
0.000 0.000 0.000 0.000 4.101
0.000 0.000 0.000 0.000 0.000
4.808 0.000 0.000 9.277 0.000
1.103 2.536 0.000 24.337 0.000
6.381 0.000 0.000 3.189 0.000
0.000 0.000 0.000 6.632 3.312
0.000 0.000 0.000 0.000 0.000
0.000 0.000 0.000 0.000 0.000
0.000 0.000 0.000 0.000 0.000
2.704 2.541 0.000 6.174 0.138
0.000 0.000 0.000 0.000 0.000
3.512 0.587 0.000 0.000 2.821
0.000 0.000 0.000 0.000 0.000
9.957 2.547 0.000 5.591 0.000
0.000 0.000 0.000 0.000 0.000
0.000 0.000 0.000 0.000 0.000
3.539 0.000 0.000 0.000 0.000
9.750 4.132 0.000 7.254 0.000
0.000 0.000 0.000 0.000 0.000
0.000 0.000 0.000 0.000 0.000
0.000 0.000 0.000 0.000 4.279
0.000 0.000 0.000 0.000 0.000
0.000 2.365 2.092 0.000 4.396
6.199 0.000 0.000 1.914 0.000
0.000 0.000 0.000 0.000 2.707
0.000 0.000 0.000 0.000 0.000
0.000 0.000 0.000 0.000 0.000
0.000 0.000 0.000 0.000 3.295
0.000 0.000 0.000 0.000 0.000
0.000 0.000 0.000 0.000 3.492
0.000 0.000 0.000 0.000 0.000
0.000 0.000 0.000 0.000 0.000
0.000 0.000 0.000 0.000 0.000
0.000 0.000 0.000 0.000 0.000
0.000 0.000 0.000 0.000 0.000
0.000 0.000 0.000 0.000 4.096
0.000 0.000 0.000 0.000 0.307
2.193 0.000 0.000 2.647 0.000
0.000 0.000 0.000 0.000 0.000
0.621 0.000 0.000 0.000 0.000
0.000 0.000 0.000 0.000 0.000
5.921 3.152 0.000 4.607 0.000
3.256 0.000 0.000 4.132 0.000
2.306 4.081 0.000 5.767 0.000
0.000 0.000 0.000 0.000 0.000
0.000 0.000 0.000 0.000 0.000
0.000 0.000 0.000 0.000 0.000
0.000 0.000 0.000 0.000 0.000
1.522 0.000 0.000 1.830 0.000
0.000 0.000 0.000 0.000 0.000
0.000 0.000 0.000 0.000 0.000
6.135 0.000 0.000 15.134 0.000
0.000 0.000 0.000 0.000 0.000
0.000 0.000 0.000 0.000 0.000
3.074 0.000 0.000 0.000 0.000
0.000 0.000 0.000 0.000 0.000
3.388 3.500 0.000 6.802 0.000
0.000 0.000 0.000 0.000 0.000
0.000 0.000 0.000 0.000 0.000
0.000 0.000 0.000 0.000 0.000
0.000 0.000 0.000 0.000 0.000
0.000 0.000 0.000 0.000 0.000
0.000 0.000 0.000 0.000 0.000
0.000 0.000 0.000 0.000 0.000
0.000 0.000 0.000 0.000 0.000
5.940 0.000 0.000 4.790 0.000
0.000 0.000 0.000 0.000 0.000
3.134 0.000 0.000 9.511 0.000
0.000 0.000 0.000 0.000 0.000
0.000 0.000 0.000 0.000 0.000
8.003 0.000 0.000 3.036 0.000
0.000 0.000 0.000 0.000 0.000
5.256 0.000 0.000 4.183 0.000
0.000 0.000 0.000 0.000 0.000
0.000 0.000 0.000 0.000 2.150
1.768 0.000 0.000 0.000 0.000
5.227 0.000 0.000 3.501 4.237
0.000 0.000 0.000 0.000 0.000
4.492 0.000 0.000 3.395 5.684
0.000 0.000 0.000 0.000 0.000
0.000 0.000 0.000 0.000 0.000
0.000 0.000 0.000 3.286 0.769
0.000 0.000 0.000 0.000 0.000
0.000 0.000 0.000 0.000 0.000
0.000 0.000 0.000 0.000 0.000
0.000 0.000 0.000 3.148 0.000
6.015 0.000 0.000 0.000 0.000
3.929 0.000 0.000 0.000 2.971
4.450 0.000 0.000 0.619 0.000
3.814 0.000 0.000 0.000 0.000
0.000 0.000 0.000 0.000 0.000
0.000 0.000 0.000 0.000 0.000
0.000 0.498 0.000 3.760 0.000
0.000 0.000 0.000 0.000 0.000
6.948 0.000 0.000 0.000 1.632
0.000 0.000 0.000 3.090 0.000
0.000 0.000 0.000 0.000 0.000
0.000 0.000 0.000 0.000 0.000
0.000 0.000 0.000 0.000 0.000
0.000 0.000 0.000 0.000 4.123
0.000 0.000 0.000 0.000 4.323
3.414 0.000 0.000 0.000 0.000
0.000 0.000 0.000 0.000 3.831
0.000 0.000 0.000 0.000 0.000
0.000 0.000 0.000 0.000 0.000
0.000 0.000 0.000 0.000 0.000
0.000 0.000 0.000 0.000 0.000
0.000 0.000 0.000 0.000 0.000
0.000 0.000 0.000 0.000 0.000
0.000 0.000 1.100 0.000 0.000
3.317 0.000 0.000 0.000 0.000
0.000 0.000 0.000 0.000 0.000
0.000 0.000 0.000 0.000 0.000
0.000 0.000 0.000 0.000 4.170
7.852 0.000 0.000 3.430 0.000
5.842 0.000 0.000 10.418 0.000
0.000 0.000 0.000 0.000 0.000
0.000 0.000 0.000 0.000 0.000
6.500 1.700 0.000 12.515 0.000
5.278 2.392 0.000 13.400 0.000
0.000 0.000 0.000 0.000 0.000
0.000 0.000 0.000 0.000 0.000
0.000 0.000 0.000 6.330 0.000
2.998 0.000 0.000 7.776 0.000
0.000 0.000 0.000 0.000 0.000
0.000 0.000 0.000 0.000 3.223
0.000 0.000 0.000 0.000 0.000
0.000 1.945 0.000 0.000 4.771
6.352 0.000 0.000 5.145 0.000
11.387 0.852 0.000 8.594 0.000
0.000 0.000 0.000 0.000 6.536
6.410 0.000 0.000 3.508 0.000
0.000 0.000 0.000 0.000 0.000
0.000 0.000 0.000 0.000 0.000
1.840 0.000 0.000 3.499 0.000
0.000 0.000 0.000 0.000 0.000
0.000 0.000 0.000 0.000 0.000
0.000 0.000 0.000 0.000 0.000
0.000 0.000 0.000 0.000 5.929
0.000 0.000 0.000 0.000 0.000
0.000 0.000 0.000 0.000 0.000
7.994 5.790 0.000 7.230 0.000
0.000 0.000 0.000 0.000 0.000
4.348 2.162 0.000 5.355 0.000
4.185 2.961 0.000 14.900 0.000
2.037 0.000 0.000 0.000 3.493
2.327 0.000 0.000 3.462 0.000
4.097 0.000 0.000 0.000 0.000
0.000 0.000 0.000 0.000 2.451
0.000 0.000 0.000 0.000 0.000
1.989 2.785 0.000 0.000 0.000
0.000 0.000 0.000 0.000 0.000
0.000 0.000 0.000 0.000 0.000
0.000 0.000 0.000 0.000 2.139
1.777 0.000 0.000 5.860 0.400
5.483 0.000 0.000 3.211 0.000
0.000 0.000 0.000 0.000 0.000
0.000 0.000 0.000 0.000 1.481
4.247 0.000 0.000 0.000 0.000
0.000 0.000 0.000 0.000 0.000
3.206 0.000 0.000 0.000 4.528
1.799 0.000 0.000 0.000 0.000
5.225 0.000 0.000 5.749 0.000
0.000 0.000 0.000 0.000 0.000
5.279 0.000 0.000 0.000 2.555
0.000 0.000 0.000 3.558 0.000
3.398 0.000 0.000 7.473 0.000
0.000 0.000 0.000 0.000 0.000
0.000 0.000 0.000 0.000 0.000
0.000 0.000 0.000 0.000 0.000
0.000 0.000 0.000 0.000 0.000
0.000 0.000 0.000 0.000 0.000
3.888 0.000 0.000 0.000 0.000
4.625 4.141 0.000 7.270 0.000
0.000 0.000 0.000 0.000 2.710
0.000 0.000 0.000 0.000 0.000
4.275 0.000 0.000 3.268 0.000
1.525 0.000 0.000 0.661 0.000
0.000 0.000 0.000 0.000 0.000
3.188 0.000 0.000 0.104 0.000
0.000 0.000 0.000 0.000 0.000
0.000 0.000 0.000 0.000 0.000
0.000 0.000 0.000 0.000 0.000
4.719 0.000 0.000 3.612 0.000
0.000 0.000 0.000 0.000 0.000
0.000 0.000 0.000 0.000 0.000
0.000 0.000 0.000 0.000 0.000
0.000 0.000 0.000 0.000 0.000
0.000 0.000 0.000 0.000 0.000
0.000 0.000 0.000 0.000 0.000
4.362 0.000 0.000 0.000 0.000
0.000 0.000 0.000 0.000 0.000
0.000 1.913 0.000 0.000 3.282
0.000 0.000 0.112 0.000 0.000
1.364 0.000 0.000 0.000 0.000
6.540 0.000 0.000 0.000 0.000
1.335 0.000 0.000 0.000 0.000
0.000 0.000 0.000 0.000 0.000
0.000 0.000 0.000 0.000 0.000
3.892 0.000 0.000 0.000 2.173
0.000 0.000 0.000 0.000 0.000
0.000 0.000 0.000 0.000 0.000
0.000 0.000 0.897 0.000 2.395
3.253 4.285 0.000 8.345 0.000
1.981 0.000 0.000 0.000 0.000
0.000 0.000 0.000 0.000 3.251
0.000 0.000 0.000 0.000 0.000
1.115 0.000 0.000 1.179 0.000
7.716 0.000 0.000 4.074 0.000
0.000 0.774 0.000 0.000 0.465
0.000 0.000 0.000 0.000 0.000
0.000 0.000 0.000 0.000 0.000
0.000 0.000 0.000 0.000 0.000
2.852 3.298 0.000 8.424 0.000
0.000 2.731 1.514 0.000 2.315
2.826 3.371 0.000 6.549 0.000
7.606 0.000 0.000 3.629 0.000
0.000 0.000 0.000 0.000 0.000
2.767 1.919 0.000 17.019 0.000
0.000 0.000 0.000 0.000 0.000
3.035 0.000 0.000 0.000 0.000
0.000 0.000 0.000 0.000 0.000
0.000 0.000 0.000 0.000 0.000
0.000 0.000 0.000 0.000 0.000
4.316 0.000 0.000 0.962 0.000
0.000 0.000 0.000 0.000 0.000
0.000 0.000 0.000 0.000 0.000
0.000 0.000 0.000 2.453 1.661
0.000 0.000 0.000 0.000 3.402
6.397 2.691 0.000 6.891 0.000
4.569 0.000 0.000 6.034 5.767
0.000 0.000 0.000 0.000 0.000
0.000 0.000 0.000 0.000 0.000
6.006 0.000 0.000 0.491 0.000
0.000 0.000 0.000 0.000 0.000
0.000 0.000 0.000 3.380 0.000
3.207 0.000 0.000 3.158 0.000
0.000 0.000 2.895 0.000 0.000
0.000 0.000 0.000 0.000 0.000
0.000 0.000 0.000 0.000 0.000
3.736 0.000 0.000 7.915 0.000
0.000 0.000 0.000 0.000 0.000
0.000 0.000 0.000 0.000 0.000
0.000 0.000 0.000 0.000 3.551
0.000 0.000 0.000 0.000 0.000
0.000 0.000 0.000 0.000 0.000
0.000 0.000 0.000 0.000 3.868
0.000 0.000 0.000 0.855 0.000
0.000 0.000 0.000 0.000 0.000
0.000 0.000 0.000 0.000 2.805
0.000 0.000 0.000 0.000 0.000
1.154 0.000 0.000 1.758 0.000
6.045 0.000 0.000 7.498 0.000
0.000 0.000 0.000 4.016 0.000
0.073 0.000 0.000 0.000 0.000
0.000 0.000 0.000 0.000 0.000
0.000 0.000 0.000 0.000 0.000
3.163 0.000 0.000 0.000 0.000
0.000 0.000 0.000 0.000 0.000
0.000 0.000 0.000 0.000 0.000
0.000 0.000 0.000 0.000 0.000
0.000 0.000 0.000 4.212 0.000
0.000 0.000 0.000 0.000 0.000
0.000 0.000 0.000 0.000 0.000
0.000 0.000 0.000 1.779 0.000
0.000 0.000 0.000 0.000 0.000
0.580 0.000 0.000 0.000 0.000
0.000 0.000 0.000 3.342 0.000
0.000 0.000 0.000 0.000 4.636
4.013 0.000 0.000 0.000 0.000
0.000 0.000 0.000 0.000 0.000
0.000 0.000 0.000 0.000 3.459
0.000 0.000 0.000 0.000 0.000
0.000 0.000 0.000 0.000 0.000
0.000 0.000 0.000 0.000 2.143
0.000 0.000 0.000 0.000 0.000
1.744 5.327 0.000 11.573 0.000
0.615 0.000 0.000 0.000 0.000
0.000 0.000 0.000 0.000 0.000
0.000 0.000 0.000 0.000 0.000
9.351 0.000 0.000 3.864 0.000
0.000 0.000 0.000 0.000 0.000
0.494 0.000 0.000 0.000 0.000
0.000 0.000 0.000 0.000 0.000
0.000 0.000 0.000 0.000 0.000
2.376 0.000 0.000 4.540 0.000
2.362 0.000 0.000 2.692 0.000
0.000 0.000 0.000 0.000 2.459
0.000 0.000 0.000 0.000 0.000
0.000 0.000 0.000 1.081 0.000
0.000 0.000 0.000 0.000 0.000
0.000 0.000 0.000 3.731 0.000
0.000 0.000 0.000 0.000 0.000
8.368 0.000 0.000 1.202 0.000
0.000 0.000 0.000 0.000 0.000
3.579 0.000 0.000 0.000 0.000
1.435 0.000 0.000 0.000 0.000
0.000 0.000 0.000 0.000 0.000
0.000 0.000 0.000 3.339 0.000
0.000 0.000 0.000 0.000 0.000
0.000 0.000 0.000 0.000 0.000
0.000 0.000 3.618 0.000 0.000
0.000 0.000 0.000 0.000 0.000
0.000 0.000 0.000 0.000 0.000
0.000 0.000 0.000 0.000 0.000
1.197 0.000 0.000 0.000 0.000
5.185 0.000 0.000 17.398 0.000
0.000 0.000 0.000 0.000 0.000
0.775 0.000 0.000 1.298 0.000
0.000 0.000 0.000 0.000 0.000
0.000 0.000 0.000 0.000 0.000
0.000 0.000 0.000 0.000 0.000
4.308 0.000 0.000 0.000 0.000
0.000 0.000 0.000 0.000 0.000
0.000 0.000 0.000 0.000 0.000
3.615 0.000 0.000 3.741 0.000
0.000 0.000 0.000 0.000 0.000
0.000 0.000 0.000 0.000 0.000
0.000 0.000 0.000 0.000 0.000
0.000 2.790 0.000 0.000 2.854
0.000 0.000 0.000 0.000 0.000
0.000 0.000 0.000 0.000 1.941
0.000 0.000 0.000 0.000 0.000
0.000 0.000 0.000 0.000 0.000
0.000 0.000 0.000 0.000 4.425
0.000 0.000 4.363 0.000 0.000
6.270 0.000 0.000 2.917 0.000
0.000 0.000 0.000 0.000 0.000
0.000 0.000 0.000 0.000 0.000
0.000 0.000 0.000 0.000 0.000
0.000 0.000 0.000 0.000 0.000
0.000 0.000 0.000 0.000 0.000
0.000 0.000 0.000 0.000 0.000
2.588 0.000 0.000 0.000 3.657
0.000 0.000 0.000 0.000 0.000
3.153 0.000 0.000 2.275 0.000
0.000 0.000 0.000 4.084 0.000
0.000 0.000 0.000 3.661 4.114
0.000 0.000 0.000 0.000 0.000
0.000 0.000 0.000 0.000 3.739
0.000 0.000 0.000 0.000 3.459
0.000 0.000 0.000 0.000 7.905
0.000 0.000 0.000 0.000 0.808
0.000 0.000 0.000 0.000 0.000
3.800 0.000 0.000 0.000 0.000
3.892 0.000 0.000 0.000 0.000
2.936 0.000 0.000 7.001 0.000
0.000 0.000 0.000 0.000 0.000
3.690 0.000 0.000 0.000 0.000
0.000 0.000 0.000 0.000 0.000
0.000 0.000 0.000 0.000 0.000
4.596 2.740 0.000 10.288 0.000
0.000 0.000 0.000 4.601 0.000
0.000 0.000 0.000 0.000 0.000
0.000 0.000 0.000 0.000 0.000
0.000 0.000 0.000 0.000 0.000
6.572 0.000 0.000 0.000 0.000
0.000 0.000 0.000 0.000 0.000
8.498 0.000 0.000 17.041 0.000
0.000 0.000 0.000 0.000 0.000
0.000 0.000 0.000 5.828 0.000
0.000 0.000 0.000 0.000 0.000
0.000 0.000 0.000 0.000 0.000
0.000 0.000 0.000 0.000 0.000
0.000 0.000 0.000 0.000 0.000
0.000 0.000 0.000 0.000 0.000
5.284 0.000 0.000 4.650 3.294
1.969 0.000 0.000 0.000 0.000
6.038 0.000 0.000 5.464 0.000
5.656 0.000 0.000 11.497 0.000
4.600 0.000 0.000 4.857 0.000
0.000 0.000 0.000 0.000 0.000
2.174 0.000 0.000 1.626 3.455
2.071 1.379 0.000 25.687 0.000
0.000 0.000 0.000 0.000 0.000
0.000 0.000 0.000 0.000 5.283
1.626 0.000 0.000 0.000 0.000
0.000 0.000 0.000 0.000 1.475
0.000 0.000 0.000 0.000 0.000
4.875 0.000 0.000 2.716 0.000
0.312 0.000 0.000 0.000 0.000
0.000 0.000 0.000 0.000 0.000
3.335 0.000 0.000 3.290 0.000
2.385 0.000 0.000 0.000 0.092
0.000 0.000 0.000 0.000 0.000
4.816 3.122 0.000 33.295 0.000
0.000 0.000 0.000 0.000 0.000
0.000 0.000 0.000 0.000 0.000
0.000 0.000 0.000 0.000 2.471
0.000 0.000 0.000 0.000 0.000
5.321 0.000 0.000 5.655 0.000
4.786 0.000 0.000 2.628 0.000
0.000 0.000 0.000 0.000 0.000
0.000 0.000 0.000 0.000 0.000
0.000 0.000 0.000 0.000 0.000
5.113 0.000 0.000 0.000 0.000
0.000 0.000 0.000 0.000 0.000
5.969 0.000 0.000 0.000 0.000
0.000 0.000 0.000 1.896 0.711
0.000 0.000 0.000 0.000 0.000
0.000 0.000 0.000 0.000 0.000
0.000 4.227 0.000 2.464 0.000
0.000 0.000 0.000 2.242 0.000
0.000 0.000 0.000 0.000 0.000
0.000 0.000 0.000 0.000 0.000
0.000 0.000 0.000 0.000 0.000
0.000 0.000 0.000 3.262 0.378
1.938 0.000 0.000 2.937 0.000
0.000 0.000 0.000 0.000 0.000
0.000 0.000 0.000 0.000 0.000
7.357 7.419 0.000 9.614 0.000
3.450 0.000 0.000 0.000 0.000
0.000 0.000 0.000 0.000 0.555
0.000 0.000 0.000 0.160 0.000
0.000 0.000 0.000 0.000 0.000
0.000 0.000 0.000 0.000 0.000
0.000 0.000 0.000 0.000 0.000
0.000 0.000 2.407 0.000 0.000
5.526 0.000 0.000 0.000 0.000
0.000 0.000 0.000 0.000 0.000
0.000 0.000 0.000 0.000 0.000
0.000 0.000 0.000 0.000 0.000
0.000 0.000 0.000 0.000 0.000
0.000 0.000 0.000 0.000 0.000
3.009 0.000 0.000 3.585 0.000
1.347 0.000 0.000 3.390 0.000
0.000 0.000 0.000 0.000 0.000
0.000 0.000 0.000 0.000 0.000
0.000 0.000 0.000 0.000 0.000
0.000 0.000 0.000 0.000 0.000
0.000 0.000 0.000 0.000 0.000
0.000 0.000 0.000 0.000 0.000
3.696 0.000 0.000 0.000 0.000
0.000 0.000 0.000 0.000 0.000
11.210 0.000 0.000 0.000 0.000
2.875 0.000 0.000 0.000 0.000
0.000 0.000 0.000 0.000 0.000
5.471 3.681 0.000 10.651 0.000
3.394 0.000 0.000 0.000 3.760
0.000 0.000 0.000 0.000 0.000
3.482 0.000 0.000 13.079 0.000
3.660 0.000 0.000 0.000 2.981
4.073 0.000 0.000 1.324 0.000
0.000 0.000 0.000 0.000 0.000
4.601 0.000 0.000 0.000 0.000
0.000 0.000 0.000 0.000 0.000
0.000 0.000 0.000 0.000 0.000
0.000 0.000 0.000 0.000 1.526
0.000 0.000 0.000 0.000 0.000
0.000 0.000 0.000 0.000 0.000
0.000 0.000 0.000 0.000 2.729
9.167 0.000 0.000 8.243 0.000
0.000 0.000 0.000 0.000 0.000
0.000 0.000 0.000 3.339 0.000
0.000 3.503 0.000 0.000 0.000
0.000 0.000 0.000 0.000 0.000
0.000 0.000 0.000 1.310 3.128
0.000 0.000 0.000 0.000 0.000
0.000 0.000 0.000 0.000 0.000
1.359 0.000 0.000 6.086 0.000
0.000 0.000 0.000 0.000 0.000
1.866 0.000 0.000 0.000 0.000
3.298 0.000 0.000 1.872 0.000
0.000 0.000 0.000 0.000 0.000
0.000 0.000 0.000 0.000 0.000
0.000 0.000 0.000 0.000 0.000
0.000 0.000 0.000 0.000 0.000
0.000 0.000 0.230 0.000 1.157
3.520 0.000 0.000 0.000 0.000
0.000 0.000 0.000 0.000 0.000
0.878 0.000 0.000 5.581 2.874
2.729 0.000 0.000 2.692 0.000
0.000 0.000 0.000 0.000 0.000
4.804 0.000 0.000 3.090 0.000
5.656 0.000 0.000 0.000 0.000
3.220 0.000 0.000 0.000 0.052
0.000 0.000 0.000 0.000 0.000
0.000 0.000 0.000 0.000 0.000
0.000 0.000 0.000 0.000 0.000
0.000 0.000 0.000 0.000 0.000
0.000 0.000 0.000 0.000 3.459
5.254 0.000 0.000 3.036 0.000
0.000 0.000 0.000 0.000 3.778
0.000 0.000 0.000 0.000 0.000
0.000 0.000 0.000 0.000 0.000
0.923 0.000 0.000 6.101 0.000
1.778 0.000 0.000 6.301 0.000
0.000 0.000 0.000 0.000 0.000
0.000 0.000 0.000 0.000 0.000
0.000 0.000 0.000 0.000 0.000
0.000 0.000 0.000 0.000 3.224
5.168 0.000 0.000 4.104 0.000
0.000 0.000 0.000 0.000 0.054
0.541 0.000 0.000 0.000 0.000
0.000 0.000 0.000 0.000 0.000
3.967 5.057 0.000 16.000 0.000
4.577 0.000 0.000 0.000 4.081
0.000 0.000 0.000 3.558 0.000
0.000 0.000 0.000 0.000 0.000
0.000 0.000 0.000 0.000 0.000
0.000 3.464 0.000 0.000 0.000
0.972 0.000 0.000 0.000 0.000
0.000 0.000 0.000 0.000 0.000
4.218 0.000 0.000 0.000 0.000
0.000 0.000 0.000 1.019 0.000
0.000 0.000 0.000 0.000 0.000
0.000 0.000 0.000 0.000 0.000
0.000 0.000 0.000 0.000 0.000
0.000 0.000 0.000 0.000 0.000
2.454 0.000 0.000 2.722 0.000
0.000 0.000 0.000 0.000 0.000
3.418 2.964 0.000 4.778 0.000
0.000 0.000 0.000 0.000 0.000
0.000 0.000 0.000 0.000 0.000
0.000 0.000 0.000 0.000 0.000
0.000 0.000 0.000 0.000 0.000
0.000 0.000 0.000 0.000 0.000
0.000 0.000 0.000 0.000 0.000
0.000 0.000 0.000 0.000 5.979
0.000 0.000 0.000 0.000 0.000
3.738 0.000 0.000 0.000 0.000
0.000 0.000 0.000 0.000 0.000
0.793 0.000 0.000 0.000 0.000
4.521 0.000 0.000 4.196 0.000
0.000 0.000 0.000 0.000 3.609
0.000 0.000 0.000 0.000 3.157
0.000 0.000 0.000 0.000 0.000
0.000 0.000 0.000 0.000 0.000
0.000 0.000 0.000 0.000 0.000
6.548 3.375 0.000 5.922 0.000
0.000 0.000 0.000 0.000 0.000
4.264 0.000 0.000 1.327 0.000
0.000 0.000 0.000 0.000 0.000
0.000 0.000 0.000 1.454 4.291
0.000 0.000 0.000 0.000 2.655
0.000 0.000 0.000 0.000 0.000
3.709 0.000 0.000 0.000 3.676
0.000 0.000 0.000 0.000 3.394
3.373 0.000 0.000 11.015 0.000
7.386 0.000 0.000 4.030 0.000
2.165 0.000 0.000 0.000 0.000
0.000 0.000 0.000 0.000 0.000
0.000 0.000 0.000 0.000 4.374
0.000 0.000 0.000 0.000 1.592
3.460 0.000 0.000 9.894 0.000
0.000 0.000 0.000 0.000 0.000
0.000 0.000 0.000 0.000 0.000
0.000 0.000 0.000 0.000 0.000
0.000 0.000 0.000 0.000 0.000
0.000 0.000 0.000 0.000 0.000
0.000 0.000 0.000 0.000 0.000
5.727 0.000 0.000 7.208 3.663
2.948 0.000 0.000 5.137 0.000
0.000 0.000 0.000 0.000 4.684
0.000 0.000 0.000 0.000 0.000
0.000 0.000 0.000 0.000 0.000
0.000 0.000 0.000 0.000 0.000
0.000 0.000 0.000 0.000 0.000
0.000 0.000 0.000 0.000 0.000
0.000 0.000 0.000 0.000 2.484
0.000 0.000 0.000 4.490 0.000
0.000 0.000 0.000 0.000 0.000
0.000 0.000 0.000 0.000 0.000
0.000 0.000 0.000 0.000 0.000
5.481 0.000 0.000 0.000 2.714
0.000 0.000 0.000 0.000 0.000
0.000 0.000 0.000 0.000 0.000
1.818 0.000 0.000 0.000 0.000
0.000 0.000 0.000 0.000 0.000
2.373 3.375 0.000 3.163 0.000
0.000 0.000 0.000 0.000 0.000
0.000 0.000 0.000 3.885 0.000
0.000 0.000 0.000 0.000 0.000
6.331 0.000 0.000 2.559 0.000
0.000 0.000 0.000 0.000 0.000
0.000 0.000 0.000 0.000 0.000
2.750 0.000 0.000 0.000 0.000
0.000 0.000 0.000 0.000 0.000
0.000 0.000 0.000 0.000 0.000
0.000 0.000 0.000 0.000 0.000
2.588 0.000 0.000 0.000 0.000
0.000 0.000 0.000 0.000 0.000
0.000 0.000 0.000 0.000 0.000
0.000 0.000 0.000 0.000 0.000
3.718 0.000 0.000 7.600 0.000
0.000 0.000 0.000 0.000 0.000
3.771 6.928 0.000 7.517 0.000
0.000 0.000 0.000 0.000 0.000
4.197 0.000 0.000 6.355 3.953
3.724 0.000 0.000 0.000 0.000
2.389 1.064 0.000 0.000 0.000
0.000 0.000 0.000 0.000 0.000
0.000 0.000 0.000 0.000 0.000
0.000 0.000 0.000 0.000 0.000
0.000 0.000 0.000 0.000 0.000
0.000 0.000 0.000 0.000 3.340
3.632 0.000 0.000 8.839 0.000
0.000 0.000 0.000 0.000 3.100
3.460 0.257 0.000 3.787 1.293
0.000 0.000 0.000 0.000 0.000
3.423 0.000 0.000 1.002 0.000
4.319 0.115 0.000 5.560 0.000
0.000 0.000 0.000 0.000 0.000
0.000 0.000 0.000 5.638 0.000
0.000 0.000 0.000 0.000 2.861
0.000 0.000 0.000 0.000 0.000
4.184 0.000 0.000 3.420 0.000
0.000 0.000 0.000 0.000 0.000
0.000 0.000 0.000 0.000 0.000
0.000 0.000 0.000 0.000 0.000
4.757 0.000 0.000 9.404 0.000
0.000 0.000 0.000 0.000 0.000
0.000 0.000 0.000 0.000 0.000
3.879 0.000 0.000 0.000 3.457
0.000 0.000 0.000 0.000 1.930
0.000 0.000 0.000 0.000 0.000
0.000 0.000 0.000 0.000 0.000
0.000 0.000 0.000 0.000 0.000
0.000 0.000 0.000 0.000 2.210
0.000 0.000 0.000 0.000 0.000
0.000 0.000 0.000 0.000 0.000
4.547 3.647 0.000 16.824 0.000
3.261 0.000 0.000 3.747 3.005
0.000 0.000 0.000 0.000 2.689
4.676 0.000 0.000 5.155 0.000
0.000 0.000 0.000 0.000 0.000
0.000 0.000 0.000 0.000 0.000
0.896 0.501 0.000 3.263 0.000
0.000 0.000 0.000 0.000 0.000
0.000 0.000 0.000 0.000 3.255
0.000 0.000 0.000 0.000 0.000
0.000 0.000 0.000 0.000 4.690
0.000 0.000 0.000 0.000 0.000
7.584 0.000 0.000 2.842 0.000
4.057 0.000 0.000 0.000 0.000
0.000 0.000 0.000 0.000 0.000
0.000 0.000 0.000 0.000 0.000
0.000 0.000 0.000 0.000 0.000
0.000 3.342 0.949 0.000 0.000
0.000 0.000 0.000 0.000 0.000
0.000 0.000 0.000 0.000 0.000
0.000 0.000 0.000 0.000 0.000
0.000 0.000 0.000 0.000 3.570
0.000 0.000 0.000 0.000 0.000
2.588 2.228 0.000 0.000 0.000
0.000 0.000 0.000 0.000 0.000
0.000 0.000 0.000 0.000 0.000
0.875 0.000 0.000 1.800 0.000
0.000 0.000 0.000 0.000 2.138
0.000 0.000 0.000 0.000 0.000
4.986 0.000 0.000 1.888 0.000
3.372 0.000 0.000 3.669 0.000
3.404 0.000 0.000 9.632 0.000
0.000 0.000 0.000 0.000 0.000
0.000 0.000 0.000 0.000 2.586
1.899 0.000 0.000 0.000 0.000
0.000 0.000 0.000 0.000 0.000
0.429 0.000 0.000 0.000 0.000
3.376 0.000 0.000 3.760 0.000
0.000 0.000 0.000 0.000 0.000
0.000 0.000 0.000 0.000 0.000
0.000 0.000 0.000 0.000 0.000
7.231 0.000 0.000 0.000 0.000
0.000 0.000 0.000 0.000 2.372
0.000 0.000 0.000 0.000 0.000
0.000 0.000 0.000 0.000 0.000
1.292 0.000 0.000 3.030 0.000
3.066 0.000 0.000 0.000 0.000
0.000 0.000 0.000 0.000 0.000
0.000 1.441 2.051 0.000 0.000
0.000 0.000 0.000 0.000 0.000
6.770 0.000 0.000 0.000 0.000
0.000 0.000 0.000 0.000 0.000
0.000 0.000 0.000 2.455 0.000
3.372 0.000 0.000 7.030 0.000
0.000 0.000 0.000 0.000 0.000
0.000 0.000 0.000 0.000 0.000
0.000 0.000 0.000 0.000 0.000
0.556 0.000 0.000 8.603 0.000
0.000 0.000 0.000 0.000 0.000
1.727 0.000 0.000 2.466 0.000
0.000 0.000 0.000 0.000 0.000
0.000 0.000 0.000 0.000 0.036
0.000 0.000 0.000 0.000 0.000
1.707 4.088 0.000 4.141 0.000
2.918 0.000 0.000 1.977 0.000
2.290 0.000 0.000 0.000 0.000
0.000 0.000 0.000 0.000 0.000
4.066 0.000 0.000 6.218 0.000
2.424 0.000 0.000 5.239 0.000
1.671 0.000 0.000 0.000 0.000
0.000 0.000 2.995 0.000 0.000
0.000 0.000 0.000 0.000 3.459
0.000 0.000 0.000 0.000 0.000
0.000 0.000 0.000 0.000 0.000
0.000 0.000 0.000 0.000 0.000
0.000 0.000 0.000 0.000 0.000
0.000 0.000 0.000 0.000 0.000
0.000 0.000 0.000 0.000 0.000
2.039 4.450 0.000 7.207 0.000
0.000 0.000 0.000 0.000 0.000
1.157 0.000 0.000 0.000 0.000
0.000 0.000 0.000 0.000 0.000
0.000 0.000 0.000 0.000 0.000
3.442 0.000 0.000 0.000 0.000
4.990 0.000 0.000 1.894 0.000
0.000 0.000 0.000 0.000 0.000
0.000 0.000 0.000 0.000 0.000
2.551 1.631 0.000 4.983 3.536
4.205 0.000 0.000 0.000 0.000
0.000 0.000 0.000 0.000 0.000
5.680 4.185 0.000 4.714 0.000
0.000 0.000 0.000 0.000 0.000
6.176 1.796 0.000 4.878 3.154
0.000 0.000 0.000 0.000 0.000
0.000 0.000 0.000 0.000 0.000
0.104 0.000 0.000 0.000 0.000
0.000 0.000 0.000 0.000 0.000
0.000 0.000 0.000 0.000 0.000
2.918 0.000 0.000 0.202 0.000
1.197 0.000 0.000 0.000 0.000
0.002 0.000 0.000 0.251 0.000
0.000 0.000 0.000 0.000 0.000
0.000 0.000 0.000 0.000 0.000
3.361 0.000 0.000 0.000 0.000
5.243 0.000 0.000 1.283 0.000
2.730 0.000 0.000 3.818 0.000
0.000 0.000 0.000 0.000 0.000
0.000 0.000 0.000 0.000 0.000
0.000 0.000 0.000 0.000 0.000
0.000 0.000 0.000 0.000 0.000
1.502 0.000 0.000 1.936 0.000
0.000 0.000 0.000 0.000 0.000
0.000 0.000 0.000 0.000 0.000
3.941 0.000 0.000 1.974 0.000
0.000 0.000 0.000 0.000 0.000
0.000 0.000 0.000 0.000 0.000
0.000 0.000 0.000 0.000 0.000
0.000 0.000 0.000 0.000 0.000
0.000 0.000 0.000 0.000 0.000
0.000 0.000 0.000 0.000 0.000
0.000 0.000 0.000 0.000 0.000
0.000 0.000 0.000 0.000 3.552
8.785 0.000 0.000 7.481 0.000
0.000 0.000 0.000 0.000 0.000
0.000 0.000 0.000 0.000 0.000
6.054 0.000 0.000 0.000 0.000
3.711 3.616 0.000 0.000 0.000
6.599 0.000 0.000 6.692 0.000
2.909 1.336 0.000 4.446 0.000
3.006 0.000 0.000 2.970 3.241
7.283 0.000 0.000 4.779 0.000
0.000 0.000 0.000 0.000 0.000
0.000 0.000 0.000 0.000 0.000
0.000 0.000 0.000 0.000 3.657
0.000 0.000 0.000 0.000 0.000
2.761 0.000 0.000 0.000 0.000
0.000 0.000 2.762 0.000 0.000
0.000 0.000 0.000 0.000 2.634
1.603 0.000 0.000 0.000 0.000
0.000 0.000 0.000 0.000 0.000
2.940 6.867 0.000 13.800 0.000
0.000 5.291 2.928 0.000 0.000
2.472 0.793 0.000 7.011 0.000
3.749 0.000 0.000 8.709 0.000
0.000 0.000 0.000 5.450 0.000
6.017 0.000 0.000 6.271 0.000
0.000 0.000 0.000 0.000 0.466
2.251 1.419 0.000 5.102 0.000
0.495 0.000 0.000 3.160 1.109
0.000 0.000 0.000 0.000 0.000
4.600 0.000 0.000 0.000 0.000
0.000 0.000 0.000 0.000 0.000
0.000 0.000 0.000 0.000 0.000
2.792 0.000 0.000 2.078 0.000
7.536 0.761 0.000 1.735 0.000
0.000 0.000 0.000 0.000 4.724
6.244 0.000 0.000 8.102 0.000
0.000 0.000 0.000 0.000 2.527
0.000 0.000 0.000 0.000 0.000
0.000 0.000 0.000 0.000 0.000
0.000 0.000 0.000 0.000 0.000
9.816 0.000 0.000 14.304 0.000
3.339 0.000 0.000 7.118 0.000
4.029 0.000 0.000 3.998 0.000
1.322 1.184 0.000 6.773 0.000
1.087 0.000 0.000 2.102 0.000
0.000 0.000 0.000 3.954 0.000
3.460 0.000 0.000 0.000 0.000
0.000 0.000 0.000 0.000 3.144
0.000 0.000 0.000 0.000 0.000
2.318 0.184 0.000 5.511 0.000
0.000 0.000 0.000 0.000 1.247
7.986 0.000 0.000 5.813 0.000
0.000 0.000 0.000 0.000 0.000
0.000 0.000 0.000 0.000 0.000
7.381 0.000 0.000 0.000 0.000
0.000 0.000 0.000 0.000 0.000
0.000 0.000 0.000 0.000 1.875
0.000 0.000 0.000 0.000 0.000
4.054 0.000 0.000 0.000 0.000
0.000 0.000 0.000 0.000 0.000
0.000 0.000 0.000 0.000 0.000
0.000 0.000 0.000 0.000 0.000
5.536 0.313 0.000 12.436 0.000
0.000 0.000 0.000 0.000 0.000
0.000 0.000 0.000 0.000 2.689
4.374 0.000 0.000 2.174 0.000
3.497 0.000 0.000 0.000 0.000
0.000 0.000 0.000 0.000 0.000
6.787 0.000 0.000 4.945 0.000
1.502 0.000 0.000 0.000 0.000
12.323 0.000 0.000 6.657 1.637
0.199 0.000 0.000 8.821 0.000
5.957 0.000 0.000 3.954 0.000
2.655 0.000 0.000 3.030 0.000
2.854 0.000 0.000 0.000 1.992
0.000 0.000 0.000 0.000 0.000
0.000 3.381 0.768 0.000 2.193
0.000 0.000 0.000 1.244 0.000
4.600 0.000 0.000 8.601 0.000
0.000 0.000 0.000 0.000 0.000
0.000 0.000 0.000 0.000 0.000
0.000 0.000 0.000 0.000 4.447
8.570 0.000 0.000 9.784 0.000
0.000 0.000 0.000 0.000 0.000
3.368 0.000 0.000 0.000 0.000
0.000 0.000 0.000 0.000 0.000
0.000 0.000 0.000 0.000 6.368
0.000 0.000 0.000 0.000 4.840
7.868 0.000 0.000 5.473 0.000
7.164 0.000 0.000 0.348 0.000
7.534 0.000 0.000 0.000 0.000
0.000 0.000 0.000 3.914 0.000
0.000 0.000 0.000 3.450 0.000
0.000 0.000 0.000 0.000 3.590
0.000 0.000 0.000 0.000 0.000
3.893 0.000 0.000 0.000 0.000
5.043 0.000 0.000 1.743 4.724
0.000 0.000 0.000 0.000 0.000
11.132 0.000 0.000 5.781 0.000
2.723 0.000 0.000 7.342 0.000
0.000 0.000 0.000 2.550 0.726
0.000 0.000 0.000 0.000 0.000
0.000 0.000 0.000 0.000 0.000
0.000 0.000 0.000 0.000 0.000
7.026 0.000 0.000 0.000 0.334
5.358 0.000 0.000 4.980 0.000
4.600 0.000 0.000 5.480 0.000
4.634 0.000 0.000 5.489 0.000
0.000 0.000 0.033 0.000 0.000
3.906 0.000 0.000 2.119 0.000
4.367 0.000 0.000 3.445 0.000
0.000 0.000 0.000 0.000 4.260
0.000 0.000 0.000 3.119 0.000
3.277 0.000 0.000 4.865 0.000
0.000 0.000 0.000 0.000 0.000
0.000 0.000 0.155 0.000 0.000
0.000 0.000 0.000 0.000 0.000
0.000 0.000 0.000 0.000 3.760
2.529 2.840 0.000 4.696 0.000
4.572 0.000 0.000 2.223 2.763
2.827 2.390 0.000 11.379 0.000
1.527 3.639 0.000 15.098 0.000
7.930 0.000 0.000 0.000 0.000
5.793 0.000 0.000 0.000 0.000
0.000 0.000 0.000 0.000 0.000
0.000 0.000 0.000 0.000 0.000
0.000 0.000 0.000 0.000 2.370
3.224 0.000 0.000 0.000 0.000
0.000 0.000 0.000 0.000 1.799
0.000 0.000 0.000 0.000 0.000
3.506 0.000 0.000 0.000 0.000
0.000 0.000 0.591 0.000 0.000
0.000 0.000 0.000 0.000 0.000
0.000 0.000 0.000 0.000 0.000
0.000 0.000 0.000 0.000 0.000
0.000 0.000 0.000 0.000 0.000
6.037 0.000 0.000 0.000 0.000
4.285 0.000 0.000 0.000 0.000
0.000 0.000 0.000 0.000 0.000
5.663 0.000 0.000 0.000 0.000
0.000 0.000 0.000 0.000 0.000
0.000 0.000 0.000 0.000 0.000
6.242 0.000 0.000 19.382 1.458
2.021 0.000 0.000 0.000 0.000
0.000 0.000 0.000 0.000 0.000
0.000 0.000 0.000 0.000 0.000
0.000 0.000 0.000 0.000 0.000
5.430 0.000 0.000 10.882 0.000
0.000 0.000 0.000 0.000 0.000
0.000 0.000 0.000 0.000 0.000
5.047 0.256 0.000 9.636 0.000
3.903 0.000 0.000 0.000 0.000
0.000 0.000 0.000 0.000 0.000
0.000 0.000 0.000 0.000 0.000
2.631 0.000 0.000 11.246 0.000
1.313 0.000 0.000 0.000 0.000
0.000 0.000 0.000 0.000 0.000
5.785 0.000 0.000 0.000 0.000
0.000 0.000 0.000 0.000 0.000
0.000 0.000 0.000 0.000 0.000
0.000 0.000 0.000 0.000 3.222
0.000 0.000 0.000 0.000 1.711
0.000 0.000 0.000 0.000 0.000
0.000 0.000 0.000 0.000 0.000
0.000 0.000 0.000 0.000 0.000
1.851 0.000 0.000 0.000 0.000
2.119 0.000 0.000 7.113 0.000
3.799 0.000 0.000 0.000 0.000
0.000 0.000 0.000 0.000 0.000
3.454 0.000 0.000 5.411 0.000
0.000 0.000 0.000 0.000 0.000
0.000 0.000 2.538 0.000 0.000
0.000 0.000 0.000 0.000 0.000
0.000 0.000 0.000 0.000 0.000
5.385 0.000 0.000 4.775 0.000
0.000 0.000 0.000 0.000 0.000
7.296 0.000 0.000 4.059 0.000
0.000 0.000 0.000 0.000 0.000
0.000 0.000 0.000 0.000 1.879
10.566 0.000 0.000 9.902 0.000
0.000 0.000 0.000 0.000 0.000
0.000 0.000 0.000 0.000 0.000
0.000 0.000 0.000 0.000 0.000
0.000 0.000 0.000 0.000 0.000
9.569 4.158 0.000 11.190 0.000
0.000 0.000 0.000 0.000 0.000
0.000 0.000 0.000 3.036 0.000
4.866 0.000 0.000 4.696 0.646
0.000 0.000 0.000 0.000 0.000
0.000 0.000 0.000 0.000 0.323
2.908 0.000 0.000 0.000 0.000
0.000 0.000 0.000 0.000 3.347
0.000 0.000 0.000 0.000 0.000
0.000 0.000 0.000 0.000 0.000
6.264 0.000 0.000 0.218 0.000
3.676 0.000 0.000 0.000 0.000
0.000 0.000 0.000 0.000 0.000
2.254 0.000 0.000 0.000 0.000
0.000 3.342 0.000 4.962 0.000
3.679 0.000 0.000 3.155 2.470
5.234 2.540 0.000 11.770 0.000
0.000 0.000 0.000 0.000 0.000
0.251 0.000 0.000 0.000 0.000
1.524 1.835 0.000 8.922 0.000
0.000 0.000 0.000 0.000 0.000
0.000 0.000 0.000 5.862 0.000
9.997 1.837 0.000 6.757 0.000
0.000 0.000 0.000 6.580 0.000
0.000 0.000 0.000 0.000 0.000
0.000 0.000 0.000 0.000 0.000
4.399 3.485 0.000 48.630 0.000
2.238 0.000 0.000 2.833 0.000
7.458 0.000 0.000 3.670 0.000
0.000 0.000 0.000 0.000 0.000
5.846 0.200 0.000 4.827 4.061
0.000 0.000 0.000 0.000 0.000
0.000 0.000 0.000 0.000 0.000
5.577 0.000 0.000 5.126 0.000
0.000 0.000 0.000 0.000 1.333
0.000 0.000 0.000 0.000 0.000
0.000 0.000 0.000 0.000 3.761
0.000 0.000 0.000 0.000 0.000
4.730 2.898 0.000 3.643 0.000
2.119 0.000 0.000 7.638 0.000
0.000 0.000 0.000 0.000 0.000
0.000 0.000 0.000 0.000 0.000
6.201 0.000 0.000 1.564 0.000
0.000 0.000 0.000 3.279 0.000
6.630 0.000 0.000 0.000 0.000
0.000 0.000 0.000 0.000 0.000
0.000 0.000 0.000 0.000 0.000
5.798 2.976 0.000 19.493 0.000
0.000 0.000 0.000 0.000 5.357
0.000 0.000 0.000 0.000 0.000
0.000 0.000 0.000 0.000 0.000
0.000 0.000 0.000 0.000 0.000
0.000 0.000 0.000 0.000 0.000
0.000 3.680 0.000 8.133 0.000
7.722 0.000 0.000 4.342 3.114
0.000 0.000 0.000 0.000 0.000
2.807 0.000 0.000 3.386 0.000
1.255 0.000 0.000 0.000 0.000
0.000 0.000 0.000 0.000 0.000
3.587 0.000 0.000 6.051 3.657
7.180 1.325 0.000 6.059 0.000
3.450 0.000 0.000 4.016 0.000
0.000 5.363 0.000 18.512 0.000
0.000 0.000 0.000 0.000 0.000
3.211 0.000 0.000 3.155 0.000
0.000 0.000 0.000 0.000 0.000
0.000 0.000 0.000 0.000 0.000
0.000 0.000 0.000 0.000 0.000
0.000 0.000 0.000 0.000 0.000
0.000 0.000 0.000 0.000 0.000
3.489 0.000 0.000 3.305 0.000
5.265 0.000 0.000 0.000 0.000
0.000 0.000 3.817 0.000 0.000
0.000 0.000 0.000 0.000 0.000
6.324 0.000 0.000 0.000 0.000
7.218 0.000 0.000 2.790 0.000
0.000 0.000 0.000 0.000 0.000
0.000 0.000 0.000 0.000 0.000
0.000 0.000 0.000 0.000 0.000
0.000 0.000 0.000 0.000 1.258
0.000 0.000 0.000 0.000 0.000
6.138 3.480 0.000 4.938 0.000
0.000 0.000 0.000 0.000 0.000
0.000 0.000 0.000 0.000 0.000
0.000 0.000 0.000 5.013 0.000
3.892 0.000 0.000 0.000 0.000
0.000 2.143 0.000 8.738 0.000
0.000 0.000 0.000 0.000 0.000
0.000 0.000 0.000 0.000 0.000
0.000 0.000 0.000 0.000 1.468
0.000 0.000 0.258 0.000 0.000
0.000 0.000 0.000 0.000 0.000
0.000 0.000 0.000 0.000 1.746
2.283 0.000 0.000 5.066 0.000
0.000 0.000 0.000 4.590 0.000
0.000 0.000 0.000 0.000 0.000
0.000 0.000 0.000 8.884 0.000
0.000 0.000 0.000 0.000 0.000
0.000 0.000 0.000 0.000 0.000
0.989 0.000 0.000 4.465 0.000
8.987 0.000 0.000 0.000 0.000
0.000 0.000 0.000 0.000 0.000
3.080 0.000 0.000 0.000 0.000
0.000 0.000 0.000 0.000 0.000
2.875 0.000 0.000 0.000 4.220
0.000 0.000 0.000 0.000 0.000
10.141 3.317 0.000 6.886 0.000
0.000 0.000 0.000 0.000 0.000
0.000 0.000 0.000 0.000 0.000
0.000 0.000 0.000 0.000 0.000
0.000 0.000 0.000 0.000 0.000
0.000 2.711 0.000 0.000 0.000
4.897 0.000 0.000 2.880 0.000
0.000 0.000 0.000 0.000 0.000
0.000 0.000 3.127 0.000 0.000
1.666 0.000 0.000 0.000 1.946
7.312 0.117 0.000 6.075 0.000
0.000 0.000 0.000 0.000 0.000
0.000 0.000 0.000 0.000 0.000
0.000 0.000 0.000 0.000 0.000
0.000 0.000 0.000 0.000 0.000
0.000 0.000 0.000 0.000 0.000
0.000 0.000 0.000 0.000 0.000
0.000 0.000 0.000 0.000 3.505
1.638 0.000 0.000 0.000 0.000
0.000 0.000 0.000 0.000 5.473
4.710 0.000 0.000 0.000 1.862
6.531 0.000 0.000 4.363 3.759
0.000 0.000 0.000 0.000 0.000
0.000 0.000 0.000 0.000 0.000
0.000 9.591 1.267 0.000 4.941
0.000 0.000 0.000 0.000 0.000
2.841 0.000 0.000 4.323 0.000
5.622 0.000 0.000 6.192 0.000
4.943 0.000 0.000 2.312 0.000
8.084 0.000 0.000 0.000 0.000
1.919 0.000 0.000 3.545 0.000
0.000 0.000 0.156 0.000 0.000
0.000 0.000 0.000 0.000 0.000
0.783 0.000 0.000 3.384 0.000
0.000 0.000 0.000 0.000 0.000
4.266 0.838 0.000 6.063 0.000
0.000 2.849 0.000 0.000 3.861
3.425 0.000 0.000 1.210 0.000
0.000 0.000 0.000 0.000 0.000
0.000 0.000 0.000 0.000 0.000
3.931 0.000 0.000 0.000 0.000
0.000 0.000 0.000 0.000 0.000
4.948 0.000 0.000 6.217 0.000
2.638 0.000 0.000 8.883 0.000
0.000 0.000 0.000 0.000 0.000
0.000 0.000 0.000 1.236 0.000
0.000 0.000 0.000 0.000 0.000
0.000 0.000 0.000 0.000 0.000
0.000 0.000 0.000 0.000 0.000
0.000 0.000 0.000 0.000 0.899
0.000 0.000 0.000 8.032 1.851
0.000 0.000 0.000 0.000 0.000
0.101 0.000 0.000 2.412 0.000
9.292 4.297 0.000 9.060 0.000
0.000 0.000 0.000 3.342 0.000
5.231 0.000 0.000 4.486 0.000
5.375 0.000 0.000 8.685 0.000
0.000 0.000 0.000 0.000 0.000
3.900 0.000 0.000 4.542 2.405
7.510 0.000 0.000 4.849 0.000
0.000 0.000 0.000 0.000 0.000
1.873 0.000 0.000 0.000 0.000
0.000 0.000 0.000 0.000 0.000
2.575 0.000 0.000 0.000 2.003
0.000 0.000 0.000 0.000 0.000
0.000 0.000 0.000 0.000 0.000
3.172 0.000 0.000 6.757 0.000
3.448 0.000 0.000 0.000 0.000
0.000 0.000 0.000 0.000 0.000
0.000 0.000 0.000 2.666 2.670
2.752 0.000 0.000 0.000 0.000
0.000 0.000 0.000 0.000 0.000
0.320 0.000 0.000 0.000 0.000
3.639 0.000 0.000 8.867 0.000
0.000 0.000 0.000 0.000 1.159
0.000 0.000 0.000 0.000 0.000
0.000 0.000 0.000 0.000 0.000
0.000 0.000 0.000 0.000 0.000
10.136 0.000 0.000 3.701 0.000
0.000 0.000 0.000 0.000 0.000
0.000 0.000 0.000 0.000 0.000
0.000 0.000 0.000 0.000 0.000
0.000 0.000 0.000 0.000 0.000
0.000 0.000 0.000 0.000 0.000
0.000 0.000 0.000 3.760 3.610
0.000 0.000 0.000 0.000 0.000
0.000 0.000 0.000 0.000 0.000
3.252 0.000 0.000 0.000 0.000
0.000 0.000 0.000 0.000 0.000
3.029 0.000 0.000 2.552 0.569
0.000 0.000 0.000 0.000 0.000
6.299 0.000 0.000 2.883 4.159
0.000 0.000 0.000 0.000 0.000
4.679 0.000 0.000 3.629 3.423
0.000 0.000 0.000 0.000 0.000
0.000 0.000 0.043 0.000 0.000
5.567 3.319 0.000 15.741 0.000
2.616 0.000 0.000 0.000 0.000
0.000 0.000 0.000 0.000 0.000
0.000 0.000 0.000 0.000 0.000
0.000 0.000 0.000 0.000 0.000
2.428 0.000 0.000 3.339 0.000
0.000 0.000 0.000 0.000 0.000
0.000 0.000 0.000 0.000 0.752
5.377 0.000 0.000 13.263 0.000
0.000 0.000 0.000 0.000 0.000
5.949 0.000 0.000 0.000 0.000
5.172 2.090 0.000 7.511 0.000
9.071 1.237 0.000 7.137 0.000
0.000 0.000 0.000 0.000 0.000
0.000 0.000 0.000 0.000 0.000
0.000 0.000 0.000 0.000 0.000
0.000 0.000 0.000 0.000 0.000
4.476 3.925 0.000 2.662 0.000
5.164 0.000 0.000 7.782 0.000
0.000 0.000 0.000 0.000 0.000
0.000 0.000 0.000 3.696 0.000
0.000 0.000 0.000 0.000 0.000
2.937 1.580 0.000 6.045 0.000
0.000 0.000 0.000 0.000 0.000
6.636 0.000 0.000 0.000 0.000
0.000 0.000 0.000 0.000 0.000
0.000 0.000 0.000 0.000 3.123
0.000 0.000 0.000 0.000 0.000
0.000 0.000 0.000 0.000 0.000
0.000 0.000 0.000 0.000 0.000
3.846 0.000 0.000 4.200 0.000
0.000 0.000 0.000 0.000 0.000
0.000 0.000 0.000 0.000 0.000
3.376 0.000 0.000 3.110 2.912
0.000 0.000 0.000 2.921 0.000
0.000 0.000 0.000 0.000 0.000
3.437 0.000 0.000 0.000 0.000
2.274 0.000 0.000 4.177 3.075
0.000 0.000 0.000 0.000 0.000
0.000 0.000 0.000 0.000 0.000
6.342 0.000 0.000 9.089 1.594
0.000 0.000 0.000 0.000 0.000
0.000 0.000 0.000 0.000 2.592
0.000 0.000 0.000 0.000 0.000
0.000 0.000 0.000 0.000 0.000
0.000 3.613 0.000 0.000 0.000
0.000 0.000 0.000 0.000 0.000
0.000 0.000 0.000 0.000 0.000
0.000 0.000 0.000 0.000 0.000
0.000 0.000 0.000 0.000 0.000
0.000 0.000 0.000 0.000 0.000
3.564 0.000 0.000 4.278 0.000
0.000 0.000 0.000 0.000 0.000
2.760 0.000 0.000 3.174 0.000
0.000 0.000 0.000 0.000 0.000
0.000 0.000 0.000 0.000 0.000
3.908 2.785 0.000 0.000 0.000
0.000 0.000 0.000 0.000 0.000
3.892 0.000 0.000 4.261 0.000
4.324 0.000 0.000 5.818 2.878
4.736 4.905 0.000 7.311 0.000
9.830 1.938 0.000 6.511 0.000
0.529 0.000 0.000 0.000 0.000
0.000 0.000 0.000 0.000 0.000
0.000 0.000 0.000 0.000 0.000
0.000 0.000 0.000 0.000 0.000
0.526 0.000 0.000 0.000 0.000
0.000 0.000 0.000 0.000 0.000
0.000 0.000 0.000 0.000 0.000
1.733 0.000 0.000 5.730 0.000
0.000 0.000 0.000 0.000 0.000
6.910 0.000 0.000 3.922 0.000
0.000 0.000 0.000 0.000 0.000
0.000 0.000 0.000 0.000 0.000
8.211 0.000 0.000 22.008 0.000
1.273 0.000 0.000 4.285 0.000
0.000 0.000 0.000 0.000 0.000
3.694 0.000 0.000 0.000 0.000
3.470 0.000 0.000 3.473 0.000
0.000 0.000 0.000 0.000 0.000
3.393 0.000 0.000 1.323 0.000
0.000 0.000 0.000 2.059 3.947
0.000 0.000 0.000 0.000 0.000
0.000 0.000 0.000 0.000 0.000
0.000 0.000 0.000 0.000 0.000
0.000 0.000 0.000 0.000 0.000
0.000 0.000 0.000 0.000 0.000
0.000 0.000 0.000 0.000 0.000
0.000 0.000 0.000 0.000 1.742
4.137 0.000 0.000 2.660 0.000
5.355 0.000 0.000 0.000 6.353
8.088 0.000 0.000 0.000 0.000
0.000 0.000 0.000 0.000 0.000
0.000 0.000 0.000 0.000 0.000
3.189 5.377 0.000 4.447 0.000
4.313 0.000 0.000 0.000 0.000
4.276 0.000 0.000 0.000 1.675
0.000 0.000 0.000 0.000 0.000
0.000 0.000 0.000 0.000 0.000
1.623 0.000 0.000 4.590 0.000
0.000 0.000 0.000 0.000 1.753
0.000 0.000 0.000 0.000 0.000
1.900 0.000 0.000 0.000 0.000
0.000 0.000 0.000 0.000 0.000
5.758 1.190 0.000 3.339 0.000
0.000 0.000 0.000 0.000 1.893
4.378 0.000 0.000 1.597 0.000
4.097 0.000 0.000 0.000 0.000
5.487 8.310 0.000 10.978 0.000
3.496 0.000 0.000 6.893 0.000
9.202 6.350 0.000 16.562 0.000
0.000 0.000 0.000 0.000 0.000
0.000 0.000 0.000 0.000 0.000
0.000 0.000 0.000 0.000 0.000
0.008 0.000 0.000 0.000 2.930
0.000 0.000 0.000 0.000 0.000
1.072 0.000 0.000 5.354 0.000
4.601 0.000 0.000 0.000 0.696
0.000 0.000 0.000 0.000 0.000
2.866 0.000 0.000 0.000 0.000
5.026 0.000 0.000 4.126 0.000
0.598 0.000 0.000 0.599 0.000
0.000 0.000 0.000 0.000 0.000
2.240 2.365 0.000 1.991 0.000
3.397 0.000 0.000 4.667 0.000
0.000 0.000 3.254 0.000 0.000
0.000 0.000 0.000 0.000 0.000
5.656 0.163 0.000 17.031 0.000
0.000 0.000 0.000 0.000 0.000
4.623 0.000 0.000 3.339 0.000
0.000 0.000 0.000 0.000 0.000
0.000 0.000 0.000 0.000 0.000
0.000 3.675 0.000 0.000 0.000
0.000 0.000 0.000 0.000 0.000
0.000 0.000 0.000 0.000 0.000
0.000 0.000 0.000 0.000 0.000
0.000 3.819 0.000 0.000 0.000
0.000 0.000 0.000 0.000 0.000
0.000 0.000 0.000 0.000 0.000
0.000 0.000 0.000 0.000 0.000
0.000 0.000 0.000 0.000 0.000
0.948 0.000 0.000 5.951 0.000
5.792 0.000 0.000 4.654 0.000
3.412 2.816 0.000 0.000 8.825
0.000 0.000 0.000 5.431 0.000
0.000 0.000 0.000 0.000 0.000
0.000 0.000 0.000 0.000 0.000
0.000 0.000 0.000 0.000 0.000
3.084 2.103 0.000 3.853 0.000
3.346 0.000 0.000 3.654 0.000
0.000 0.000 0.000 0.000 0.000
0.000 0.000 0.000 0.000 0.000
0.000 0.000 0.000 0.000 0.000
4.966 0.000 0.000 13.146 0.000
2.046 0.000 0.000 4.427 0.000
3.489 0.000 0.000 0.000 2.098
0.000 0.000 0.000 0.000 0.000
10.144 0.000 0.000 0.000 0.000
0.000 0.000 0.000 0.000 3.251
0.000 0.000 0.000 0.000 0.000
6.951 0.000 0.000 2.479 0.000
0.000 0.000 0.000 0.000 0.000
3.460 0.000 0.000 0.234 0.000
0.000 0.000 0.000 0.000 3.819
0.000 0.000 0.000 0.000 0.000
0.000 0.000 0.000 0.000 6.096
3.839 3.342 0.000 7.763 0.000
0.000 0.000 0.000 0.000 0.000
0.000 0.000 0.000 0.000 0.162
0.000 0.000 0.000 0.000 0.000
0.000 0.000 0.000 0.000 0.000
3.144 0.000 0.000 2.710 0.000
5.348 0.000 0.000 0.000 0.000
0.000 0.000 0.000 0.000 0.000
0.000 0.000 0.000 0.000 0.000
5.038 2.433 0.000 3.391 0.000
0.000 0.000 0.000 0.000 0.000
3.544 0.000 0.000 0.000 0.000
0.437 0.000 0.000 0.224 0.000
0.000 0.000 0.000 0.000 0.000
2.516 0.000 0.000 0.000 0.000
0.000 0.000 0.000 0.000 0.000
0.000 0.000 0.000 0.000 3.192
0.000 0.000 0.000 0.000 0.000
3.871 0.000 0.000 4.105 0.000
4.706 0.000 0.000 9.892 0.000
0.000 0.000 0.000 0.000 0.000
6.150 3.365 0.000 6.540 0.000
0.000 0.000 0.000 0.000 0.000
0.000 0.000 0.000 0.000 0.000
0.000 0.000 0.000 0.000 0.000
0.000 0.000 0.000 0.000 0.000
0.000 0.000 4.127 0.000 0.000
0.000 0.000 0.000 0.000 0.000
0.000 0.000 0.000 0.000 0.000
0.000 0.000 0.000 0.000 0.000
0.000 0.000 0.000 0.000 2.863
0.000 0.000 0.000 0.000 0.000
3.887 0.000 0.000 0.000 0.000
0.000 0.000 0.000 0.000 0.000
0.000 0.000 0.000 0.000 2.333
0.000 0.000 0.000 0.000 0.000
2.222 0.000 0.000 0.000 0.000
6.930 4.842 0.000 18.881 0.000
0.000 0.000 0.000 0.000 0.000
3.738 0.000 0.000 0.000 0.000
0.000 0.000 0.000 0.000 0.000
0.000 0.000 0.000 0.000 0.000
0.000 0.000 0.000 0.000 0.000
5.279 0.000 0.000 4.214 0.000
3.388 0.000 0.000 0.129 0.000
0.000 0.000 0.000 0.000 0.000
0.000 0.000 0.000 0.000 5.211
0.000 0.000 0.000 0.000 0.000
2.968 0.000 0.000 2.163 0.000
4.947 0.000 0.000 4.819 0.000
1.704 0.000 0.000 0.000 0.000
0.000 0.000 0.000 0.000 0.000
8.392 0.000 0.000 4.417 0.000
0.000 0.000 0.000 3.638 0.000
0.000 0.000 0.000 0.000 0.000
0.323 0.000 0.000 1.663 0.000
0.000 0.000 0.000 6.241 0.177
5.985 0.000 0.000 5.328 0.000
0.000 4.706 0.000 12.902 0.000
0.000 0.000 0.000 0.000 0.000
0.000 0.000 0.000 0.000 0.000
0.000 0.000 0.000 0.000 0.000
4.443 2.255 0.000 2.764 0.000
0.000 0.000 0.000 0.000 3.134
0.000 0.000 0.000 0.000 1.442
0.000 0.000 0.000 0.000 0.000
0.000 0.000 0.000 0.000 0.000
0.159 0.000 0.000 0.000 2.789
3.917 0.000 0.000 3.720 0.000
0.000 0.000 0.000 0.000 0.000
0.000 0.000 0.000 0.000 0.000
1.303 0.000 0.000 0.000 0.000
5.768 0.000 0.000 3.544 2.407
0.000 0.000 0.000 0.000 0.000
0.000 0.000 0.000 0.000 0.000
0.000 0.000 0.000 0.000 0.000
0.000 0.000 0.000 0.000 0.000
6.063 0.000 0.000 4.190 0.000
0.000 0.000 0.000 0.000 0.000
5.336 3.374 0.000 3.561 2.243
0.000 0.000 0.000 0.000 0.000
0.000 0.000 0.000 0.000 0.000
0.000 0.000 0.000 0.000 0.000
0.000 0.000 0.000 0.000 0.000
0.000 0.000 0.000 0.000 0.000
0.000 0.000 0.000 0.000 0.000
2.266 0.000 0.000 6.833 0.000
0.000 0.000 0.000 0.000 0.000
3.252 0.000 0.000 0.000 0.000
0.000 0.000 0.000 0.000 0.000
0.000 0.000 0.000 0.000 0.000
0.000 0.000 0.000 0.000 3.657
0.000 0.000 0.000 0.000 0.000
0.000 0.000 0.000 0.000 0.000
0.000 0.000 0.000 0.000 2.295
0.000 0.000 0.000 0.000 0.000
0.000 0.000 0.000 0.000 0.000
0.000 0.000 0.000 0.000 0.000
3.892 0.000 0.000 0.000 0.000
2.452 0.000 0.000 0.000 0.000
0.000 0.000 0.000 0.000 0.000
0.000 0.000 0.000 0.000 0.000
0.000 0.000 0.000 0.000 0.000
0.000 0.000 0.000 0.000 0.000
0.000 0.000 0.000 3.954 0.000
0.000 0.000 0.000 0.000 0.000
0.000 0.000 0.000 0.000 0.000
0.000 0.000 0.000 0.000 0.000
0.000 0.000 0.000 0.000 0.000
0.000 0.000 0.000 0.000 0.000
6.541 0.000 0.000 0.000 0.000
4.329 0.000 0.000 0.000 0.000
0.000 0.000 0.000 0.000 0.000
0.000 0.000 0.000 0.000 0.000
0.000 3.899 0.000 10.351 0.000
0.000 0.000 0.000 0.000 0.000
0.000 0.000 0.000 0.000 0.000
0.000 0.000 0.000 0.000 0.000
0.000 0.000 0.000 0.000 0.000
2.317 8.214 0.000 4.522 0.000
3.253 1.163 0.000 0.000 0.000
0.000 0.000 0.000 0.000 0.000
0.000 0.000 0.000 0.000 0.000
0.000 0.000 0.000 0.000 0.000
7.186 0.000 0.000 9.045 0.000
1.493 0.000 0.000 0.000 0.000
2.892 0.000 0.000 4.623 0.000
2.818 0.000 0.000 0.000 0.000
1.784 0.000 0.000 7.123 0.000
0.000 0.000 0.000 0.000 3.531
12.218 0.000 0.000 3.589 0.000
0.000 0.000 0.000 0.000 0.000
5.594 0.000 0.000 10.628 0.000
0.000 0.000 0.000 2.376 0.000
0.000 0.000 2.355 0.000 0.000
0.000 0.000 0.000 0.000 0.000
0.917 0.000 0.000 0.000 0.000
0.000 0.000 0.000 0.000 4.850
6.526 0.364 0.000 0.000 0.000
0.000 0.000 0.000 0.000 0.000
1.694 0.000 0.000 11.713 0.000
6.448 0.000 0.000 2.607 0.000
6.579 0.000 0.000 8.537 0.000
5.463 0.000 0.000 0.000 0.000
3.591 0.000 0.000 11.930 0.000
0.000 0.000 0.000 0.000 0.000
0.000 0.000 0.000 0.000 0.000
0.000 0.000 0.000 0.000 0.000
3.215 0.000 0.000 0.000 0.000
0.000 0.000 0.000 0.000 0.000
0.000 0.000 0.000 0.000 0.000
4.422 0.861 0.000 14.111 0.000
0.000 0.000 0.000 0.000 0.000
4.676 0.000 0.000 0.000 0.000
0.000 0.000 0.000 0.000 1.800
0.000 0.000 0.000 0.000 0.000
0.000 0.000 0.000 0.000 0.000
0.000 0.000 0.000 0.000 0.000
0.000 0.000 0.000 2.915 0.000
0.000 0.000 0.000 0.000 0.000
0.000 0.000 2.931 0.000 2.151
0.000 0.000 0.000 0.000 0.000
0.000 0.000 0.000 0.000 0.000
0.000 0.000 0.000 0.000 0.000
0.000 0.000 0.000 0.000 0.000
4.097 0.000 0.000 0.000 0.000
3.139 0.000 0.000 4.431 0.000
0.000 0.000 0.000 2.767 3.251
0.000 0.000 0.000 0.000 0.000
0.000 0.000 0.000 0.000 0.000
0.000 0.000 0.000 0.000 0.000
0.000 0.000 0.000 0.000 0.000
0.000 0.000 0.000 0.000 0.000
0.000 0.000 0.000 0.000 0.000
0.000 0.000 0.000 0.000 0.000
0.000 0.000 0.000 0.000 0.000
3.260 0.000 0.000 11.581 0.000
0.000 0.000 0.000 0.000 0.000
0.000 0.000 0.000 0.000 0.943
0.000 0.000 0.000 0.000 0.000
6.226 4.141 0.000 18.739 0.000
0.000 0.000 0.000 0.000 0.000
1.894 0.000 0.000 1.930 0.000
0.000 0.000 0.000 0.000 0.000
4.589 3.899 0.000 8.800 0.000
0.000 0.000 0.000 0.000 0.000
0.000 0.000 0.000 0.000 0.000
3.675 0.000 0.000 4.726 0.000
6.800 4.028 0.000 10.266 0.000
0.000 0.000 0.000 0.000 0.000
6.632 0.000 0.000 1.386 0.000
4.679 4.141 0.000 2.265 0.000
0.000 0.000 0.000 0.000 0.000
0.000 0.000 0.000 0.000 0.000
0.000 0.000 0.000 0.000 0.000
3.614 0.000 0.000 7.504 0.000
0.000 0.000 0.000 0.000 0.000
0.000 0.000 0.000 0.000 0.000
0.000 0.000 0.000 0.000 0.000
4.967 0.000 0.000 0.000 0.000
5.667 0.000 0.000 0.000 0.000
0.000 0.000 0.000 0.000 0.000
0.000 0.000 0.000 4.919 0.000
0.000 0.000 0.000 0.000 0.000
12.351 0.000 0.000 16.159 0.000
3.434 0.714 0.000 6.358 0.000
0.000 0.000 0.000 0.000 0.000
0.000 0.000 0.000 0.000 0.000
0.000 0.000 0.000 0.000 0.000
3.343 3.614 0.000 3.643 0.000
0.000 0.000 0.000 0.000 0.000
1.771 0.000 0.000 0.000 0.266
0.000 0.000 0.000 0.000 0.000
0.000 0.000 0.000 0.000 0.000
0.000 0.000 0.000 0.000 0.000
0.000 0.000 0.000 0.000 0.000
4.941 0.000 0.000 13.172 0.000
0.000 0.000 0.000 0.000 0.000
0.000 0.000 0.000 0.000 4.376
7.229 0.000 0.000 2.391 0.354
0.000 0.000 0.000 0.000 0.000
0.000 0.000 0.000 0.000 0.000
0.000 0.000 0.000 0.000 3.409
0.000 0.000 0.985 0.000 0.000
2.749 3.681 0.000 10.353 0.000
3.771 0.000 0.000 8.090 0.000
0.000 0.000 0.000 0.000 0.000
0.000 0.000 0.000 0.000 0.000
5.109 0.000 0.000 0.000 0.000
0.000 3.012 2.380 0.000 1.564
0.000 0.000 0.000 0.000 0.000
9.665 0.000 0.000 6.085 0.000
4.460 0.000 0.000 3.109 0.000
0.000 0.000 0.000 0.000 0.000
0.000 0.000 0.000 0.000 0.000
0.000 0.000 0.000 0.000 0.000
1.407 0.000 0.000 5.889 0.000
2.581 0.000 0.000 15.725 0.000
4.767 0.000 0.000 9.305 1.701
2.543 0.000 0.000 8.516 0.000
1.502 0.000 0.000 3.732 0.000
2.684 0.000 0.000 4.571 0.000
0.915 5.896 0.000 28.026 0.000
1.945 0.000 0.000 0.000 0.000
4.438 0.000 0.000 3.286 0.000
0.000 0.000 0.000 0.000 0.000
0.000 0.000 0.000 0.000 0.000
0.000 0.000 0.000 0.000 0.000
2.891 0.000 0.000 4.130 0.000
0.000 0.000 0.000 0.000 0.000
0.000 0.000 0.000 0.000 0.000
4.025 0.000 0.000 3.867 0.000
2.905 0.000 0.000 6.591 0.000
0.000 0.000 0.000 0.000 0.884
6.466 0.000 0.000 0.000 0.000
9.060 0.000 0.000 0.000 0.000
0.000 0.000 0.000 0.000 0.000
0.000 0.000 0.000 0.000 0.000
0.000 0.000 0.000 0.000 0.000
4.459 0.000 0.000 3.425 0.000
0.000 0.000 0.000 0.000 0.000
3.806 0.000 0.000 0.000 0.000
0.000 0.581 0.000 3.760 0.000
5.701 0.000 0.000 0.000 0.000
3.578 0.000 0.000 0.949 3.459
0.000 0.000 0.000 0.000 0.000
0.000 0.000 0.000 0.000 0.000
11.234 0.431 0.000 14.533 0.000
0.000 0.000 0.000 0.000 0.000
0.000 0.000 0.000 0.000 0.000
0.000 0.000 0.000 2.863 0.000
0.000 0.000 0.000 0.000 2.875
0.000 0.000 0.000 0.000 0.000
0.000 0.000 0.000 2.158 0.000
3.181 0.000 1.044 0.000 0.000
5.581 0.000 0.000 0.000 0.000
5.151 0.000 0.000 3.678 0.000
0.000 0.000 0.000 3.180 0.000
0.000 0.000 0.000 0.000 0.000
0.000 0.000 0.000 0.000 3.825
0.000 0.000 0.000 0.000 0.000
0.968 0.000 0.000 0.000 0.000
0.000 0.000 0.000 4.250 0.386
12.730 2.678 0.000 3.851 0.000
5.082 0.000 0.000 3.558 3.885
2.226 2.929 0.000 12.467 0.000
0.000 0.000 0.000 0.000 0.000
0.000 0.000 0.000 0.000 0.000
0.000 0.000 0.000 0.000 0.000
3.632 0.000 0.000 5.891 0.000
4.757 0.000 0.000 0.000 0.000
2.602 3.294 0.000 1.294 0.000
4.600 0.000 0.000 0.000 0.000
0.000 0.000 0.000 0.000 0.000
1.589 0.000 0.000 2.581 3.958
3.274 3.468 0.000 7.116 0.000
0.000 0.000 0.000 0.000 0.000
0.000 0.000 0.000 0.000 0.000
0.125 0.000 0.000 0.000 0.000
0.000 0.000 0.000 0.000 0.000
0.000 0.000 0.000 0.000 0.000
0.000 0.000 0.000 0.000 0.000
4.050 0.000 0.000 0.000 0.000
5.726 0.000 0.000 1.887 0.000
0.000 0.000 0.000 0.000 0.000
0.000 0.000 0.000 0.000 0.000
4.013 0.000 0.000 14.870 0.000
0.000 0.000 0.000 0.000 0.000
0.000 0.210 2.771 0.000 0.000
0.000 0.000 0.000 0.000 2.694
5.314 1.895 0.000 6.968 0.000
0.000 0.000 0.000 0.000 0.000
0.000 0.000 0.000 0.000 3.679
3.070 0.000 0.000 0.000 0.000
0.000 0.000 0.000 4.095 0.000
9.360 0.000 0.000 1.805 4.630
0.000 0.000 0.000 0.000 0.000
0.000 0.000 0.000 0.000 0.000
4.216 0.000 0.000 16.845 0.000
3.253 0.000 0.000 0.000 0.000
0.000 0.000 0.000 0.000 0.000
0.000 0.000 0.000 0.000 0.000
0.000 0.000 0.000 0.000 0.000
0.000 0.000 0.000 0.000 0.000
0.000 0.000 0.000 0.198 0.126
0.522 0.000 0.000 3.411 0.000
0.000 0.000 0.000 0.000 3.060
0.000 0.000 0.000 0.000 0.000
2.846 0.000 0.000 0.000 0.000
4.525 0.000 0.000 0.000 2.149
0.000 0.000 0.000 0.000 0.000
5.081 0.000 0.000 2.695 0.000
3.978 0.000 0.000 0.000 0.000
0.000 0.000 0.000 0.000 0.000
3.691 0.000 0.000 7.524 0.000
3.043 0.000 0.000 0.000 0.000
2.735 0.000 0.000 8.217 0.000
0.000 0.000 0.000 0.000 0.000
0.000 1.279 0.000 0.000 1.311
0.000 0.000 0.000 0.000 2.976
6.158 0.000 0.000 4.120 0.000
0.000 0.000 0.000 0.000 0.000
2.379 0.000 0.000 0.000 0.000
5.754 2.384 0.000 4.177 0.000
2.796 0.000 0.000 3.570 0.000
0.000 0.000 0.000 0.000 0.000
3.334 0.000 0.000 0.000 0.000
0.000 0.000 0.000 0.000 2.319
0.000 0.000 0.000 0.000 0.000
0.000 0.000 0.000 0.000 2.188
2.875 0.000 0.000 0.000 0.000
0.000 0.000 0.000 0.000 0.272
0.000 0.000 0.000 2.636 0.000
0.000 0.000 0.000 0.000 0.000
0.000 0.000 0.000 0.000 0.000
0.000 0.000 0.000 0.000 0.000
0.000 2.632 0.000 0.000 0.000
0.000 0.000 0.000 0.000 0.000
0.000 0.000 0.000 0.000 0.000
0.000 0.000 0.000 0.000 0.000
0.000 0.000 0.000 0.000 0.000
8.495 0.000 0.000 16.121 0.000
0.000 0.000 0.000 0.000 0.000
0.000 0.000 0.000 5.230 0.000
0.000 0.000 0.000 0.000 0.000
0.000 0.000 0.000 0.000 2.318
3.892 0.000 0.000 8.961 0.000
0.000 0.000 0.000 0.000 0.000
2.956 0.000 0.000 0.000 0.000
2.442 0.000 0.000 2.326 0.000
0.000 0.000 0.000 0.000 0.000
0.000 0.000 0.000 0.000 0.000
0.000 0.000 0.000 0.000 0.000
0.000 0.000 0.000 0.000 0.000
0.000 0.000 0.000 0.000 0.000
3.286 0.000 0.000 3.927 1.928
0.000 0.000 0.000 0.000 0.000
6.703 0.000 0.000 16.472 0.000
6.981 0.000 0.000 4.555 0.000
7.108 0.000 0.000 7.686 0.000
0.000 0.000 0.000 0.000 0.000
0.000 2.689 0.181 0.000 0.837
0.000 0.000 0.000 2.714 4.231
5.026 0.000 0.000 3.944 0.000
3.438 0.000 0.000 2.748 0.000
0.000 0.000 0.000 0.000 0.000
0.000 0.000 0.000 0.000 0.000
0.000 0.000 0.000 0.000 1.796
0.000 0.000 0.000 0.915 0.000
0.000 0.000 0.000 0.000 0.000
8.115 0.000 0.000 1.834 0.000
0.000 0.000 0.000 0.000 0.000
5.437 0.000 0.000 4.755 0.000
2.999 0.000 0.000 4.463 5.057
0.000 0.000 0.000 0.000 0.000
2.595 0.000 0.000 0.000 0.000
0.000 0.000 0.000 0.000 0.000
6.311 0.000 0.000 3.644 0.000
0.000 0.000 0.000 0.000 0.000
0.000 0.000 0.000 0.000 0.000
0.000 0.000 2.997 0.000 0.000
4.660 0.000 0.000 0.000 0.000
2.566 2.034 0.000 10.451 0.000
0.000 0.000 0.000 0.000 1.521
0.000 0.000 0.000 0.000 0.000
0.000 0.000 0.000 0.000 0.000
0.000 0.000 0.000 0.000 0.000
5.279 0.000 0.000 0.000 0.000
0.000 0.000 0.000 0.000 0.000
2.161 0.000 0.000 0.000 0.000
0.000 0.000 0.000 0.000 0.000
0.000 0.000 0.000 0.000 0.000
0.000 0.000 0.000 0.000 0.000
0.000 0.000 0.000 0.000 0.000
4.569 0.000 0.000 4.366 0.000
3.724 0.000 0.000 0.000 0.000
1.778 0.000 0.000 2.325 0.000
1.131 0.000 0.000 3.401 0.000
0.000 1.359 0.000 0.000 0.000
0.000 0.000 0.000 0.000 0.000
0.000 0.000 0.315 0.000 0.000
0.000 0.000 0.000 0.000 0.000
0.000 0.000 0.000 0.000 0.000
0.000 0.000 0.000 0.000 0.000
4.694 4.892 0.000 12.955 0.000
0.000 0.000 0.000 0.000 0.000
0.000 0.000 0.000 0.000 0.000
6.166 0.000 0.000 6.673 0.000
0.000 0.000 0.000 0.000 0.253
0.000 0.000 0.000 0.000 0.000
0.000 0.000 0.000 0.000 0.000
0.000 0.000 0.000 0.000 0.000
0.000 0.000 0.000 0.000 0.000
0.000 5.155 0.000 5.535 0.000
0.000 0.000 0.000 0.000 0.000
0.000 0.000 0.000 0.000 0.000
0.000 0.000 0.000 0.000 0.000
0.000 0.000 0.000 0.000 0.000
2.779 0.000 0.000 4.369 0.000
0.000 0.000 0.000 0.000 0.000
2.114 0.000 0.000 0.888 0.000
0.000 0.000 0.000 0.000 0.000
0.000 0.000 0.000 0.000 0.000
5.980 2.785 0.000 7.042 0.511
5.033 0.000 0.000 0.000 0.000
0.000 0.000 0.000 0.000 3.540
5.264 0.000 0.000 15.972 0.000
1.182 2.898 0.000 7.116 0.000
2.831 0.000 0.000 0.000 4.470
0.000 0.000 0.000 0.000 0.000
0.000 0.000 0.000 0.000 0.000
0.000 0.000 0.000 0.000 0.000
2.453 2.621 0.000 4.754 4.809
2.177 0.000 0.000 3.946 0.000
4.278 0.000 0.000 12.768 0.000
0.000 0.000 0.000 0.000 0.000
4.807 0.000 0.000 4.861 0.000
0.000 0.000 0.000 0.000 4.125
0.000 0.000 0.000 0.000 1.889
1.948 0.000 0.000 1.672 0.000
0.974 0.000 0.000 2.417 0.000
4.277 4.714 0.000 8.469 0.000
1.748 0.000 0.000 0.000 0.000
0.000 0.000 0.000 0.000 0.000
0.000 9.073 0.000 20.076 0.000
3.163 0.000 0.000 3.403 0.000
0.000 0.000 0.000 0.000 3.260
0.000 0.000 0.000 0.000 0.000
2.729 0.000 0.000 3.281 0.000
10.277 0.000 0.000 5.445 0.000
0.000 0.000 0.000 0.000 0.000
2.745 0.000 0.000 0.000 0.000
0.000 0.000 0.000 0.000 0.000
6.949 0.000 0.000 0.000 0.000
0.000 2.177 0.000 0.000 0.000
4.287 0.000 0.000 4.530 0.000
0.000 0.000 0.000 0.000 0.087
0.000 0.000 0.000 0.000 0.000
4.113 0.000 0.000 4.667 0.000
0.000 0.000 0.000 0.000 0.000
0.000 0.000 0.000 0.000 0.000
10.145 0.000 0.000 4.268 0.000
0.000 0.000 0.000 0.000 0.000
0.000 0.000 0.000 0.000 0.000
3.241 0.000 0.000 2.733 0.000
0.000 0.000 0.000 0.000 0.000
0.000 0.000 0.000 0.000 0.000
5.335 0.000 0.000 0.000 0.000
0.000 0.000 0.000 0.054 0.000
0.000 0.000 0.000 0.000 0.000
1.924 0.968 0.000 3.643 0.000
0.000 0.000 0.000 2.486 0.000
0.000 0.000 0.000 0.000 0.000
0.000 0.000 0.000 0.000 0.000
0.000 0.000 0.000 0.000 0.000
0.000 0.000 0.000 0.000 0.000
0.000 0.000 0.000 0.000 3.920
0.000 0.000 0.000 3.645 0.000
2.298 0.000 0.000 3.148 0.347
2.889 0.000 0.000 4.168 4.201
3.509 3.395 0.000 6.781 0.000
8.429 0.000 0.000 0.000 0.000
0.000 0.000 0.000 0.000 0.000
4.046 0.000 0.000 6.060 0.000
3.167 0.000 0.000 0.000 0.000
0.000 0.000 0.000 0.000 0.000
0.000 4.456 0.000 0.000 0.000
0.000 0.000 0.000 0.000 0.000
9.713 0.000 0.000 15.912 0.000
0.000 0.000 0.000 0.000 0.000
5.611 0.000 0.000 4.135 0.000
2.447 0.000 0.000 3.034 0.000
0.000 0.000 0.000 0.000 0.000
0.000 0.000 0.000 0.000 0.000
1.027 0.000 0.000 0.000 0.000
0.000 0.000 0.000 0.000 0.000
0.000 0.000 0.000 0.000 0.000
0.000 0.000 0.000 0.000 0.000
2.986 3.142 0.000 9.562 0.000
4.888 0.000 0.000 0.000 0.000
0.000 0.000 0.000 0.000 2.067
0.000 0.000 0.000 0.000 0.000
0.000 0.000 0.000 0.000 3.876
3.101 0.000 0.000 12.085 0.000
0.000 0.000 0.000 0.000 0.000
6.082 3.160 0.000 6.794 0.000
0.000 0.000 0.000 5.377 0.000
3.892 0.000 0.000 0.000 0.000
0.000 0.000 0.000 0.000 0.000
0.000 0.000 0.000 0.000 0.000
0.000 0.000 0.000 0.000 0.000
0.000 0.000 0.000 0.000 0.000
0.000 0.000 0.000 0.000 0.000
0.000 0.000 1.224 0.000 0.000
0.000 0.000 0.000 0.000 0.000
3.234 0.000 0.000 0.000 0.000
0.000 0.000 0.000 0.000 0.000
0.000 0.000 0.000 0.000 0.000
3.871 0.000 0.000 6.388 0.000
0.000 0.000 0.000 0.000 0.000
0.000 0.000 0.000 0.000 0.000
0.000 0.000 0.000 0.000 0.000
0.000 0.000 0.000 0.000 4.906
0.000 0.000 0.000 0.000 0.000
0.000 0.000 0.000 0.000 1.716
0.000 0.000 0.000 0.000 0.000
3.329 0.000 0.000 4.515 0.000
0.000 0.000 0.000 0.000 0.000
0.000 0.000 0.000 0.000 0.000
3.370 0.000 0.000 3.624 0.000
0.000 0.000 0.462 0.000 2.242
0.000 0.000 0.000 0.000 0.000
0.000 0.000 0.000 0.000 0.000
0.000 0.000 0.000 0.000 0.000
1.820 0.435 0.000 6.066 0.000
5.280 0.000 0.000 0.000 0.565
0.000 0.000 0.000 3.743 3.083
0.000 0.000 0.795 0.000 4.275
0.000 0.000 0.000 0.000 0.000
0.000 0.000 0.000 0.000 0.000
0.000 0.000 0.000 0.000 0.000
0.000 0.000 0.000 0.000 2.890
4.685 0.000 0.000 0.000 0.000
0.000 0.000 0.000 0.000 0.000
1.566 0.000 0.000 6.469 0.000
0.429 0.941 0.000 21.974 0.000
0.000 0.000 0.000 0.000 0.000
5.214 0.000 0.000 0.000 0.000
5.314 0.000 0.000 0.000 0.000
0.000 0.000 0.000 0.000 0.000
2.935 0.000 0.000 4.217 0.000
0.000 0.000 0.000 0.000 0.000
0.000 0.000 0.000 0.000 0.000
0.000 0.000 0.587 0.000 3.852
2.254 0.000 0.000 3.171 0.000
0.000 0.000 0.000 0.000 0.000
0.000 0.000 0.000 0.000 0.000
4.785 0.000 0.000 0.000 0.000
0.000 0.000 0.000 0.000 0.000
8.149 0.000 0.000 0.000 0.000
1.651 4.795 0.000 11.086 0.000
0.000 3.623 4.250 0.000 0.000
0.000 0.000 0.000 1.641 0.000
3.926 0.000 0.000 2.765 2.149
0.000 0.000 0.000 0.000 0.000
0.000 0.000 0.000 0.000 0.000
5.376 0.000 0.000 4.178 0.000
4.915 0.000 0.000 6.781 0.000
0.917 0.000 0.000 0.000 0.000
7.034 3.665 0.000 11.194 0.000
0.000 0.000 0.000 1.388 0.000
0.000 0.000 0.000 0.000 0.000
0.000 0.000 0.000 0.000 2.341
0.000 0.000 0.000 0.000 0.000
2.077 0.000 0.000 12.317 0.000
2.977 0.000 0.000 2.137 2.900
0.000 0.000 0.000 0.000 0.000
2.083 0.000 0.000 0.000 0.000
0.000 0.000 0.000 0.000 0.000
5.177 0.000 0.000 2.313 0.000
0.000 1.947 0.000 0.000 0.000
0.000 0.000 0.000 0.000 4.379
6.652 0.000 0.000 10.202 0.000
0.000 0.000 0.000 0.000 0.000
0.000 0.000 0.000 0.000 0.000
0.000 0.000 0.000 0.000 0.000
0.000 0.000 0.000 0.000 0.000
4.148 0.000 0.000 0.042 0.000
3.423 7.164 0.000 9.689 0.000
0.000 0.000 0.000 0.000 1.107
0.000 0.000 0.000 0.000 3.386
0.000 0.000 0.000 0.000 0.000
2.595 2.552 0.000 12.812 0.000
0.000 0.000 0.000 0.000 3.048
0.000 0.000 0.000 0.000 0.000
0.000 0.000 0.000 0.000 0.000
9.780 1.749 0.000 14.278 0.000
2.048 0.000 0.000 7.886 0.000
4.540 0.000 0.000 1.293 0.000
0.000 0.000 0.000 5.013 0.000
0.000 0.000 0.000 0.000 0.000
3.740 0.000 0.000 0.000 1.818
2.536 0.000 0.000 4.550 1.231
6.713 0.000 0.000 7.088 0.000
3.808 0.000 0.000 7.182 0.000
0.000 0.000 0.000 0.000 0.000
2.686 0.000 0.000 0.000 0.000
0.000 0.000 0.000 0.000 0.000
0.000 0.000 0.000 0.000 1.561
2.959 0.000 0.000 0.239 0.000
4.205 0.000 0.000 2.500 0.000
0.000 0.000 0.000 0.000 0.000
0.000 0.000 0.000 0.000 0.000
0.000 0.000 0.000 0.000 0.000
0.000 0.000 0.000 0.000 0.000
0.000 0.000 0.000 0.000 0.000
0.000 0.906 4.363 0.000 0.000
0.000 0.000 0.000 0.000 0.000
5.625 0.000 0.000 5.018 0.000
0.000 0.000 0.000 0.000 0.000
1.692 3.714 0.000 2.718 0.000
0.000 0.000 0.000 0.320 0.000
8.328 1.256 0.000 5.094 0.000
0.000 0.000 0.000 0.000 0.000
0.000 0.000 0.000 6.955 0.000
0.000 0.000 0.000 0.000 0.000