0.000 0.000 0.000 0.000 0.000
0.000 0.000 0.000 0.000 0.000
4.977 0.000 0.000 11.673 0.000
0.000 0.000 0.000 0.000 3.226
0.000 0.000 0.000 0.000 0.000
0.000 0.000 0.000 0.000 0.000
0.000 0.000 0.000 0.000 0.000
0.000 0.000 0.000 0.000 0.000
2.495 0.000 0.000 4.948 0.000
5.565 2.781 0.000 8.458 0.000
0.000 0.000 0.000 0.000 0.000
0.000 0.000 0.000 0.000 0.000
0.000 0.000 0.000 0.000 0.000
0.000 0.000 0.000 0.000 0.000
1.759 0.000 0.000 6.078 0.000
0.000 0.000 0.000 0.000 0.000
4.481 0.000 0.000 0.000 0.000
1.706 0.000 0.000 5.338 0.000
0.000 0.000 0.000 0.000 0.000
0.000 0.000 0.000 0.000 0.000
1.840 0.000 0.000 6.464 0.000
4.977 0.000 0.000 12.998 0.000
0.000 0.000 0.000 0.000 0.000
2.583 0.000 0.000 13.432 0.000
0.000 0.000 0.000 0.000 0.000
0.000 0.000 0.000 0.000 0.000
3.777 0.000 0.000 0.000 0.000
1.061 0.000 0.000 7.650 5.731
9.743 0.000 0.000 3.534 0.000
2.957 0.000 0.000 0.000 0.000
0.000 0.000 0.000 0.000 0.000
0.000 0.000 0.000 0.000 0.000
0.000 0.000 0.000 4.804 4.354
4.467 1.320 0.000 8.040 0.000
0.000 0.000 0.000 0.000 0.000
0.000 0.000 0.000 0.000 0.000
0.000 0.000 0.000 0.000 0.000
0.000 0.000 0.000 0.000 0.000
0.000 0.000 0.000 0.000 0.798
0.000 0.000 0.000 0.000 0.000
3.020 0.000 0.000 7.210 0.000
0.000 0.000 0.000 0.000 0.000
4.256 0.000 0.000 19.669 0.000
0.000 0.000 0.000 0.000 0.000
0.229 0.000 0.000 8.098 0.000
0.000 0.000 0.000 2.842 0.000
0.000 0.000 0.000 0.000 0.000
0.000 0.000 0.000 0.000 0.000
0.000 0.000 0.000 0.000 0.000
1.199 0.000 0.000 0.000 0.000
0.000 4.405 0.000 8.715 0.000
0.000 0.000 0.000 0.000 0.000
1.477 0.000 0.000 0.962 0.000
0.049 0.000 0.000 5.825 0.000
0.000 0.000 0.000 0.000 0.000
0.814 0.000 0.000 2.796 0.000
2.494 3.656 0.000 7.692 0.000
0.000 0.000 0.000 0.000 0.000
4.216 0.000 0.000 1.258 0.000
3.416 0.000 0.000 0.000 0.000
0.000 0.000 0.000 0.000 0.000
0.000 0.000 0.000 5.276 0.000
0.000 0.000 0.000 0.000 0.000
0.000 0.000 0.000 0.000 0.000
0.000 0.000 0.000 5.449 0.000
0.000 0.000 0.000 0.000 0.000
0.000 0.000 0.000 3.778 0.000
0.000 0.000 0.000 0.000 0.711
0.000 0.000 0.000 0.000 0.000
0.000 0.000 0.000 0.000 0.000
0.000 0.000 0.000 0.000 0.000
3.437 0.000 0.000 0.000 0.356
0.000 0.000 0.000 0.000 0.000
0.000 0.000 0.000 0.000 0.000
6.455 0.000 0.000 10.644 0.000
1.806 0.000 0.000 4.589 0.000
3.461 0.000 0.000 0.000 0.000
0.000 0.000 0.000 0.000 0.000
0.000 0.000 0.000 0.000 0.000
0.000 0.000 0.000 0.000 0.000
0.000 0.000 0.000 0.000 0.000
0.000 0.000 0.000 0.000 0.000
0.000 0.000 0.000 4.627 0.000
0.000 0.000 0.000 0.000 0.000
5.095 0.000 0.000 2.915 0.000
0.000 0.000 0.000 0.000 0.000
0.000 0.000 0.000 0.000 0.000
5.624 0.000 0.000 0.000 0.000
0.000 0.000 0.000 0.000 0.000
0.000 0.000 0.000 0.000 0.000
0.000 0.000 0.000 0.000 0.000
0.000 0.000 0.000 0.000 0.000
0.000 0.000 0.000 0.000 0.000
1.625 6.404 0.000 7.935 0.000
0.000 0.000 0.000 0.000 0.000
0.000 0.000 0.000 0.000 0.000
0.000 0.000 0.000 0.000 0.000
0.000 0.000 0.000 0.000 0.000
0.000 0.000 0.000 0.000 0.000
0.000 0.000 0.000 0.000 0.000
2.990 0.000 0.000 5.900 0.000
0.000 0.000 0.000 0.000 0.000
0.000 0.000 0.000 0.000 0.000
0.000 0.000 0.000 0.000 0.000
0.000 0.000 0.000 0.000 0.000
0.000 0.000 0.000 0.000 0.000
0.000 0.000 0.000 0.000 0.000
0.000 0.000 0.000 0.000 0.000
0.000 0.000 0.000 0.000 0.000
0.000 0.000 0.000 5.039 0.000
0.000 0.000 0.000 6.961 0.000
0.000 0.000 0.000 0.000 0.000
0.000 0.000 0.000 10.200 0.000
0.000 0.000 0.000 0.000 0.000
0.000 0.000 0.000 0.000 0.000
0.000 0.000 0.000 0.000 0.000
0.000 0.000 0.000 2.745 0.000
0.000 0.000 0.000 0.000 0.000
0.000 0.000 0.000 0.000 0.000
3.024 0.000 0.000 4.942 0.000
0.000 0.000 0.000 0.000 3.591
4.694 0.000 0.000 8.523 0.000
0.000 0.000 0.794 0.000 0.000
0.000 0.000 0.000 0.000 0.000
0.000 0.000 0.000 0.000 0.000
0.000 0.000 0.000 0.000 0.000
0.000 0.000 0.000 0.000 0.000
0.000 0.000 0.000 0.000 0.000
0.000 0.000 0.000 0.000 0.000
0.000 0.000 0.000 0.607 0.000
0.000 0.000 0.000 2.403 0.000
0.000 0.000 0.000 0.000 0.000
0.000 0.000 0.000 0.000 0.000
0.148 0.000 0.000 0.000 0.000
0.000 0.000 0.000 0.000 0.000
0.000 0.000 0.000 4.418 0.000
0.000 0.000 0.000 0.000 0.000
0.000 0.000 0.000 0.000 2.755
0.000 0.000 0.000 0.000 0.000
5.437 0.000 0.000 5.831 0.000
0.000 0.000 0.000 0.000 0.000
0.000 0.000 0.000 0.000 0.000
0.000 0.000 0.000 0.000 0.000
0.000 0.000 0.000 0.000 0.000
0.000 0.000 0.000 9.024 0.000
0.000 0.000 0.000 0.000 0.000
0.978 0.000 0.000 5.711 0.000
0.000 0.000 3.400 0.000 0.000
0.000 0.000 0.000 0.000 0.000
0.000 0.000 0.000 0.000 0.000
0.000 0.000 0.000 0.000 0.000
3.527 0.000 0.000 0.000 0.000
0.000 0.000 0.000 5.484 4.334
2.112 0.000 0.000 0.000 0.000
0.000 0.000 0.000 0.000 0.000
0.000 0.000 0.000 0.000 0.000
1.793 0.000 0.000 3.863 0.000
0.000 0.000 0.000 0.000 0.000
5.718 0.000 0.000 0.000 0.000
0.000 0.000 0.000 4.877 0.000
1.977 0.000 0.000 2.710 0.000
0.000 0.000 0.000 0.000 0.000
4.440 5.087 0.000 4.008 0.000
0.000 0.000 0.000 21.100 0.000
0.000 0.000 0.000 0.000 0.000
0.000 0.000 0.000 2.454 0.000
0.000 0.000 0.000 0.000 0.000
0.000 0.000 0.000 0.000 0.000
0.000 0.000 0.000 0.000 0.000
0.000 0.000 0.000 0.000 0.000
0.000 0.000 0.000 0.000 0.000
2.043 8.045 0.000 4.490 0.000
0.000 0.000 0.000 1.719 0.000
0.000 0.000 0.000 0.000 0.000
0.000 0.000 0.000 0.000 0.000
0.000 0.000 0.000 0.000 0.000
0.000 0.000 0.000 0.000 0.000
0.159 0.000 0.000 7.733 0.000
0.000 0.000 0.000 1.359 0.000
0.000 0.000 0.000 0.000 3.998
0.000 0.000 0.000 0.000 0.000
0.000 0.000 0.000 0.000 0.000
0.000 0.000 0.000 0.000 0.000
0.000 0.000 0.000 0.000 0.000
0.028 0.000 0.000 3.260 0.000
3.317 0.000 0.000 6.593 0.000
0.000 0.000 0.000 0.000 0.000
0.000 0.000 0.000 0.000 0.000
0.000 0.000 0.000 0.000 0.000
0.000 0.000 0.000 0.000 0.000
0.000 0.000 0.000 0.000 0.000
0.000 0.000 0.000 2.753 0.000
0.000 0.000 0.000 0.000 0.000
0.000 0.000 0.000 2.800 0.000
2.030 2.477 0.000 6.356 0.000
0.000 0.000 0.000 0.000 0.000
0.000 0.000 0.000 0.000 0.000
0.000 0.000 0.000 0.000 0.000
0.000 0.000 0.000 0.000 0.000
2.019 0.000 0.000 2.042 0.000
0.000 0.000 0.000 0.000 0.000
0.000 0.000 0.000 0.000 0.000
0.000 0.000 0.000 0.000 0.000
0.000 0.000 0.000 0.000 0.000
0.000 0.000 0.000 0.000 0.000
0.000 0.000 0.000 0.000 0.000
0.000 0.000 0.000 0.000 0.000
0.000 0.000 0.000 0.000 0.000
0.000 0.000 0.000 0.000 0.000
0.000 0.000 0.000 0.000 0.000
0.000 0.000 0.000 0.000 0.000
1.482 0.000 0.000 0.000 0.000
0.000 0.000 0.000 0.000 3.129
0.000 0.000 0.000 0.000 0.000
5.125 0.000 0.000 4.393 0.000
0.000 0.000 0.000 0.000 0.000
0.000 0.000 0.000 0.000 3.692
0.000 0.000 0.000 0.000 0.000
0.000 0.000 1.347 0.000 8.178
0.000 0.000 0.000 0.000 0.000
2.485 0.000 0.000 1.459 0.000
0.000 0.000 0.000 0.000 0.000
0.000 0.000 0.000 0.000 0.000
0.000 0.000 0.000 0.000 0.000
3.399 2.219 0.000 7.796 0.000
0.000 2.414 0.000 2.116 0.000
0.000 0.000 0.000 0.000 0.000
0.000 0.000 0.000 0.000 0.000
0.000 0.000 0.000 0.000 0.000
1.177 0.000 0.000 5.072 0.000
0.000 0.000 0.000 0.000 0.000
0.000 0.000 0.000 0.000 0.000
4.484 0.000 0.000 10.747 0.779
0.000 0.000 0.000 0.000 0.000
0.000 0.000 0.000 0.000 0.000
0.000 0.000 0.000 0.000 0.000
0.000 0.000 0.000 0.000 0.000
0.000 0.000 0.000 0.000 0.000
0.000 0.000 0.000 0.000 3.522
0.000 0.000 0.000 0.000 0.000
0.000 0.000 0.000 0.000 0.000
2.821 0.000 0.000 12.743 0.000
0.000 0.000 0.000 0.000 0.000
0.000 0.000 0.000 4.175 0.000
0.000 0.000 0.000 0.000 0.000
0.000 0.000 0.000 0.000 2.792
0.000 0.000 0.000 0.000 0.000
0.000 0.000 0.000 0.000 2.987
0.000 0.000 0.000 0.000 0.000
0.000 0.000 0.000 0.000 0.000
0.000 0.000 0.000 3.467 0.000
0.000 0.000 0.000 0.000 0.000
0.000 0.000 0.000 0.000 0.000
0.000 0.000 0.000 0.000 0.000
2.098 0.000 0.000 7.521 0.000
0.000 0.000 0.000 0.000 0.000
0.000 0.000 0.000 0.000 0.000
0.000 0.000 0.000 0.000 0.000
0.000 0.000 0.000 0.000 0.000
0.000 0.000 0.000 0.000 0.000
0.000 0.000 0.000 0.000 0.000
0.939 0.000 0.000 0.000 1.254
0.000 0.000 0.000 0.000 0.000
0.000 0.000 0.000 0.000 0.000
0.000 0.000 0.000 0.000 0.000
2.072 0.000 0.000 0.000 0.000
0.000 0.000 0.000 0.000 0.000
3.703 0.000 0.000 0.000 0.000
0.000 0.000 0.000 0.000 0.000
0.000 2.893 0.000 4.428 0.000
0.000 0.000 0.000 0.000 0.000
0.000 0.000 0.000 0.000 0.000
0.000 0.000 0.000 0.000 0.000
0.000 0.000 0.000 0.000 0.000
2.724 0.000 0.000 4.535 0.000
0.000 4.733 0.000 7.852 0.000
2.919 0.000 0.000 0.000 0.000
0.000 0.000 0.000 0.000 0.000
0.000 0.000 0.000 0.000 0.000
3.262 2.134 0.000 12.274 0.000
0.000 0.000 0.000 0.000 0.000
0.000 0.000 0.000 2.474 0.000
0.000 2.463 0.000 5.585 0.000
0.000 0.000 0.000 0.000 0.000
0.000 0.000 0.000 0.000 0.000
3.510 0.000 0.000 5.497 0.000
0.000 0.000 0.000 0.000 0.000
0.000 0.000 0.000 0.000 4.188
0.000 0.000 0.000 0.000 0.000
0.000 0.000 0.000 0.000 0.000
0.000 0.000 0.000 0.000 0.000
0.000 0.000 0.000 0.000 0.000
0.000 0.000 0.000 0.000 0.000
0.000 0.000 0.000 0.000 0.000
3.997 0.000 0.000 6.554 0.000
0.000 0.000 0.000 0.000 0.000
5.234 0.000 0.000 5.085 0.000
0.000 0.000 0.000 0.000 0.000
0.000 0.000 0.000 0.000 2.721
0.000 0.000 0.000 0.000 0.000
2.661 0.000 0.000 0.000 5.363
5.579 0.000 0.000 0.000 0.000
5.930 2.879 0.000 7.235 0.000
0.000 0.000 0.000 0.000 0.000
0.000 0.000 0.000 0.000 0.000
3.123 0.000 0.000 9.725 0.000
0.000 0.000 0.000 0.000 4.813
0.000 0.000 0.000 0.000 0.000
2.930 0.000 0.000 8.977 0.000
0.000 0.000 0.000 0.000 0.000
0.000 0.000 0.000 0.000 0.000
0.000 0.000 0.000 0.000 0.000
0.000 0.000 0.000 0.000 0.000
0.000 0.000 0.000 0.000 0.000
0.000 0.000 0.000 0.000 0.000
0.000 0.000 0.000 0.000 0.000
0.000 0.000 0.000 2.511 0.000
0.000 0.000 0.000 0.000 0.000
0.000 0.000 0.000 5.379 0.000
0.000 0.000 0.000 5.021 0.000
2.084 0.000 0.000 7.318 0.000
0.000 0.000 0.000 0.000 0.000
0.000 0.000 0.000 0.000 0.000
0.000 0.000 0.000 0.000 0.000
0.000 0.000 0.000 0.000 0.000
0.000 0.000 0.000 0.000 0.000
0.000 0.000 0.000 0.000 2.642
0.000 0.000 0.000 0.000 0.000
0.000 0.000 0.000 0.000 0.000
4.915 0.000 0.000 0.000 0.000
0.000 0.000 0.000 0.000 0.000
0.000 0.000 0.000 0.000 0.000
0.000 0.000 0.000 0.000 0.000
0.000 0.000 0.000 5.981 0.000
0.000 0.000 0.000 0.000 0.000
0.433 0.000 0.000 0.000 0.000
0.000 0.000 0.000 0.000 0.000
0.000 0.000 0.000 0.000 0.000
0.000 0.000 0.000 0.000 0.000
0.000 0.000 0.000 0.000 0.000
0.000 0.000 0.000 0.000 0.000
3.133 0.000 0.000 9.329 3.293
0.000 0.000 0.000 5.452 0.000
0.000 0.000 0.000 0.000 1.663
0.000 0.000 0.000 0.000 0.000
2.578 0.000 0.000 11.613 0.000
0.000 0.000 0.000 0.000 0.000
0.000 0.000 0.000 0.000 0.000
1.667 0.000 0.000 0.000 0.000
0.000 0.000 3.379 0.000 0.000
0.000 0.000 0.000 0.000 0.000
0.000 0.000 0.000 0.000 0.000
5.686 0.000 0.000 11.589 0.000
0.000 0.000 0.000 0.000 0.000
0.000 0.000 0.000 0.000 0.000
0.000 0.000 0.000 0.000 0.000
0.000 0.000 0.000 0.000 0.000
0.000 6.179 0.000 7.707 0.000
0.000 0.000 0.000 0.000 0.000
0.000 0.000 0.000 0.000 0.000
1.398 0.000 0.000 15.332 0.000
0.000 0.000 0.000 0.000 2.059
0.000 0.000 0.000 0.000 0.000
0.000 0.000 0.000 0.000 0.000
0.000 0.000 0.000 0.000 0.000
0.000 0.000 0.000 0.000 0.000
0.000 0.000 0.000 0.000 0.000
0.000 0.000 0.000 0.000 0.000
3.879 4.694 0.000 2.309 0.000
0.000 0.000 0.000 0.000 0.000
0.000 0.000 0.000 0.000 0.000
0.000 0.000 0.000 0.000 0.000
0.000 0.000 0.000 0.000 0.000
0.000 0.000 0.000 0.000 0.000
0.000 0.000 0.000 0.000 0.000
0.000 0.000 0.000 0.000 0.000
0.000 0.000 0.000 0.000 0.000
8.022 0.000 0.000 6.316 0.000
0.000 0.000 0.000 0.000 0.000
0.000 0.000 0.000 0.000 0.000
0.000 0.000 0.000 0.000 0.000
0.000 0.000 0.000 0.000 0.000
0.000 0.000 0.000 0.000 0.000
0.000 0.000 0.000 0.000 0.000
5.522 0.000 0.000 3.442 0.000
0.000 0.000 0.000 0.000 0.000
0.000 0.000 0.000 0.000 0.000
0.000 0.000 0.000 0.000 0.000
0.000 0.266 0.000 3.166 0.000
0.000 0.000 0.000 0.000 0.000
0.000 5.207 0.000 20.833 0.000
0.000 0.000 0.000 0.000 0.000
0.000 0.000 0.000 0.000 0.000
0.000 0.000 0.000 0.000 0.000
0.000 0.000 0.000 0.000 0.000
0.000 0.000 0.000 0.000 0.000
0.000 0.000 0.000 4.172 0.000
0.000 0.000 0.000 4.451 0.000
0.000 0.000 0.000 0.000 0.000
0.000 0.000 0.000 0.000 0.000
0.000 0.000 0.000 0.000 0.000
0.000 3.706 0.000 0.000 0.000
0.000 0.000 0.000 0.000 0.000
0.000 0.000 0.000 0.000 0.000
0.000 3.076 0.000 4.125 0.000
0.000 0.000 0.000 0.000 0.000
0.000 0.000 0.000 0.000 0.000
0.000 0.000 0.000 0.000 0.000
0.000 0.000 0.000 1.043 0.000
0.000 0.000 0.000 0.000 0.000
0.000 1.175 0.000 5.656 0.000
0.000 0.000 0.000 0.000 0.000
2.443 0.000 0.000 3.217 0.000
0.000 0.000 0.000 2.913 0.000
0.000 0.000 0.000 0.000 0.000
0.000 0.000 0.000 0.000 0.000
5.456 0.000 0.000 4.841 0.000
0.000 0.000 0.000 0.000 0.000
2.578 0.000 0.000 4.403 0.000
0.000 0.000 0.000 0.000 0.000
0.000 0.000 0.000 0.000 0.000
0.000 0.000 0.000 0.000 0.000
0.000 0.000 0.000 0.000 0.000
1.292 0.000 0.000 6.077 0.000
0.000 0.000 0.000 0.000 0.000
0.000 0.000 0.000 0.000 0.000
0.000 0.000 0.000 0.000 3.152
0.000 0.000 0.000 0.000 0.000
0.000 0.000 0.000 0.000 0.000
0.000 0.000 0.000 0.000 0.000
0.000 0.000 0.000 0.000 0.000
0.000 0.000 0.000 0.000 3.789
0.000 0.000 0.000 0.000 0.000
0.000 0.000 0.000 0.000 0.000
0.000 0.000 0.000 0.000 0.000
0.000 0.000 0.000 0.000 0.000
0.000 0.000 0.000 0.000 0.000
0.000 0.000 0.000 0.000 0.000
0.000 0.000 0.000 0.000 0.000
0.000 0.000 0.000 0.000 0.000
4.209 0.000 0.000 4.223 0.505
4.292 0.000 0.000 0.000 0.000
0.000 0.000 0.000 0.000 0.000
0.000 0.000 0.000 0.000 0.000
0.000 0.000 0.000 0.000 0.000
3.259 0.000 0.000 5.616 0.000
0.000 0.000 0.000 0.000 0.000
0.000 0.000 0.000 0.000 0.000
0.000 0.000 0.000 0.000 0.000
0.000 0.000 0.000 0.000 0.000
0.000 0.000 0.000 0.000 0.000
0.000 0.000 0.000 0.000 3.393
0.000 7.509 0.000 4.480 0.000
0.000 0.000 0.000 0.000 0.000
0.000 0.000 0.000 0.000 2.536
0.000 0.000 0.000 0.000 0.000
0.000 0.000 0.000 0.000 0.000
0.000 0.000 0.000 0.000 0.000
0.000 0.000 0.000 0.000 0.000
0.000 0.000 0.000 0.000 0.000
0.000 1.376 0.000 15.710 0.000
0.000 0.000 0.000 0.000 0.000
0.000 0.000 0.000 0.000 0.000
0.000 0.000 0.000 0.000 0.000
0.000 0.000 0.000 0.000 0.000
0.000 0.000 0.000 0.000 0.000
0.000 0.000 0.000 0.000 0.000
0.000 0.000 0.000 0.000 0.000
0.000 0.000 0.000 0.000 3.490
0.000 0.000 0.000 2.911 0.000
3.224 0.000 0.000 3.132 0.000
0.000 0.000 0.000 0.000 0.000
2.410 0.000 0.000 3.810 0.000
0.000 0.000 0.000 0.000 0.000
0.000 0.000 0.000 0.000 0.000
1.655 1.922 0.000 5.313 0.000
0.000 0.000 0.000 0.000 0.000
0.000 0.000 0.000 0.000 0.000
0.000 0.000 0.000 0.000 0.000
0.000 0.000 0.000 0.000 0.000
0.000 0.000 0.000 5.185 0.000
0.000 0.000 0.000 0.000 0.000
0.000 0.000 0.000 1.819 0.000
0.632 0.000 0.000 1.347 0.000
0.000 0.000 0.000 0.000 0.000
0.000 0.000 0.000 0.000 0.000
0.000 0.000 0.000 0.000 0.000
1.097 0.000 0.000 2.925 0.000
0.000 0.000 0.000 0.000 0.000
0.000 0.000 0.000 0.000 0.000
0.000 0.000 0.000 0.000 0.000
0.000 0.000 0.000 0.000 0.000
0.000 0.000 0.000 0.000 0.000
0.000 0.000 0.000 0.000 0.000
0.000 0.000 0.000 0.000 0.933
0.000 0.000 0.000 0.000 0.000
0.000 0.000 0.000 0.000 0.000
0.000 4.141 0.909 0.000 0.000
3.302 0.000 0.000 3.810 0.000
1.582 0.000 0.000 0.000 2.690
0.000 2.763 3.873 0.000 0.000
3.713 0.000 0.000 0.000 0.000
0.000 0.000 0.000 0.000 0.000
4.058 0.000 0.000 8.868 0.000
0.000 0.000 0.000 0.000 0.000
0.000 0.000 0.000 0.000 0.000
0.000 0.000 0.000 0.000 0.000
0.000 0.000 0.000 0.000 0.000
0.000 0.000 0.000 0.000 0.000
0.000 0.000 0.000 0.000 0.000
0.000 0.000 0.000 0.000 0.000
0.000 0.000 0.000 0.000 0.000
0.000 0.000 0.000 0.000 0.000
2.749 0.000 0.000 0.000 0.000
0.000 0.000 0.000 0.000 0.000
0.000 0.000 0.000 0.000 0.000
0.000 0.000 0.000 0.000 0.000
0.000 0.000 0.000 0.000 0.000
2.726 0.000 0.000 7.054 0.000
0.000 0.000 0.000 0.000 3.441
0.000 0.000 0.000 0.000 0.000
0.000 0.000 0.000 0.000 0.000
0.000 0.000 0.000 0.000 0.000
0.000 0.000 0.000 0.000 0.000
0.000 0.000 0.000 0.000 0.000
0.000 0.000 0.000 0.000 0.000
0.000 0.000 0.000 0.000 0.000
4.219 0.000 0.000 6.014 0.000
0.000 0.000 0.000 0.000 0.000
0.000 0.000 0.000 0.000 0.000
2.040 0.000 0.000 5.816 0.000
0.000 0.000 0.000 0.000 0.000
0.000 0.000 0.000 0.000 4.019
3.501 0.000 0.000 2.702 4.273
4.306 0.956 0.000 5.798 0.000
0.000 0.000 0.000 0.000 0.000
0.000 0.000 0.000 0.000 0.000
0.000 0.000 0.000 11.691 0.000
0.000 0.000 0.000 1.740 0.000
3.306 0.000 0.000 0.000 0.000
0.000 0.000 0.000 0.000 0.000
1.929 0.000 0.000 0.000 2.148
0.000 0.000 0.000 0.000 0.000
2.471 0.000 0.000 0.000 0.000
0.000 0.000 0.000 0.000 0.000
0.000 0.000 0.000 0.000 0.000
0.000 0.000 0.000 0.000 2.250
0.000 0.000 0.000 0.000 0.000
1.237 0.000 0.000 2.517 3.236
0.000 0.000 0.000 0.000 0.000
0.000 0.000 0.000 0.000 0.000
0.000 4.203 0.000 24.143 0.000
0.000 0.000 0.000 0.000 0.000
0.000 0.000 0.417 0.000 0.000
0.000 0.000 0.000 2.993 3.102
0.000 0.000 0.000 0.000 0.000
0.000 0.000 0.000 0.000 0.000
0.000 0.000 0.000 0.000 0.000
0.000 0.000 0.000 0.000 0.000
0.000 0.000 0.000 0.000 0.000
1.711 1.169 0.000 28.663 0.000
0.000 2.452 0.000 16.713 0.000
0.000 0.000 0.000 0.000 0.000
0.000 0.000 0.000 0.000 0.000
0.000 0.000 0.000 5.151 0.000
0.265 0.000 0.000 3.802 0.000
0.000 0.000 0.000 0.000 0.000
0.000 0.000 0.000 3.352 0.000
0.000 0.000 0.000 0.000 0.000
5.138 0.000 0.000 7.864 0.000
3.688 0.000 0.000 0.000 0.000
4.487 3.861 0.000 10.370 0.000
0.000 0.000 0.000 0.000 0.000
0.000 3.510 0.000 7.964 0.000
0.000 0.000 0.000 0.000 0.000
0.000 0.000 0.000 0.000 0.000
0.000 0.000 0.000 0.000 0.000
0.000 0.000 0.000 0.000 0.000
0.890 0.000 0.000 5.690 2.863
0.000 0.000 0.000 0.000 0.000
3.448 0.000 0.000 6.949 0.000
0.000 0.000 0.000 0.000 0.000
2.024 0.000 0.000 7.201 0.000
0.836 0.000 0.000 16.284 0.000
0.000 0.000 0.000 0.000 0.000
3.566 0.000 0.000 0.000 0.000
0.000 0.000 0.000 0.000 0.000
0.000 0.000 0.000 0.000 3.340
0.000 0.000 0.000 0.000 0.000
0.000 0.000 0.000 5.561 0.000
0.000 3.217 0.000 4.837 0.000
0.000 0.000 0.000 0.000 0.000
3.746 0.000 0.000 8.929 0.000
0.000 0.000 0.000 0.000 0.000
4.814 0.000 0.000 8.118 3.716
0.000 0.000 0.000 0.000 0.000
0.000 0.000 0.000 0.000 0.000
3.750 0.000 0.000 5.499 0.000
0.000 0.000 0.000 0.000 0.000
0.000 0.000 0.000 2.134 0.000
2.572 0.000 0.000 2.170 0.000
0.000 0.000 0.000 0.000 0.000
0.000 0.000 0.000 0.000 0.000
0.000 0.000 0.000 0.000 0.000
0.000 0.000 0.000 0.000 0.000
0.000 0.000 0.000 0.000 0.000
0.000 0.000 0.000 0.000 0.000
3.809 0.000 0.000 3.970 0.000
0.000 0.000 0.000 0.000 3.341
0.000 0.000 0.000 0.000 2.992
0.000 0.000 0.000 0.000 0.000
0.000 0.000 0.000 0.000 4.266
0.000 0.000 0.000 0.008 0.000
2.715 0.000 0.000 0.000 0.000
0.000 0.000 0.000 0.000 3.408
2.806 0.000 0.000 10.108 0.000
0.000 0.000 0.000 0.000 0.000
0.000 0.000 0.000 0.000 0.000
0.000 0.000 0.000 0.000 0.000
0.000 0.000 0.000 0.000 0.000
0.000 0.000 0.000 0.000 0.000
1.249 0.000 0.000 0.000 0.000
0.000 0.000 0.000 2.712 0.000
4.448 0.000 0.000 5.968 0.000
4.024 0.000 0.000 1.044 0.000
1.879 0.000 0.000 5.106 0.000
0.000 0.000 0.000 0.000 0.000
0.000 0.000 0.000 0.000 0.000
0.000 0.000 0.000 0.000 0.000
0.000 0.000 0.000 0.000 0.000
3.492 0.000 0.000 4.762 0.000
0.000 0.000 0.000 0.000 0.000
0.000 0.000 0.000 0.000 0.000
2.090 0.000 0.000 6.141 0.000
0.000 0.000 0.000 0.000 0.000
0.000 0.000 0.000 0.000 0.000
0.000 0.000 0.000 0.000 2.580
0.000 0.000 0.000 0.000 0.000
0.000 0.000 0.000 0.000 0.000
0.000 0.000 0.000 0.000 0.000
0.000 0.000 0.000 0.000 0.000
0.000 0.000 0.000 0.000 0.621
0.000 0.000 0.000 0.000 0.000
1.931 0.000 0.000 12.372 0.000
3.778 0.000 0.000 4.535 0.000
0.000 0.000 0.000 0.000 2.656
2.384 0.000 0.000 0.000 0.000
0.865 0.000 0.000 2.253 0.000
0.000 0.000 0.000 0.000 0.000
0.000 0.000 0.000 0.000 0.000
0.000 0.000 0.000 0.000 0.000
3.479 0.000 0.000 0.000 0.000
2.190 0.000 0.000 0.000 0.000
0.636 0.000 0.000 4.021 0.000
0.000 0.000 0.000 0.000 0.000
1.813 0.000 0.000 2.537 0.000
0.000 0.000 0.000 0.000 0.000
0.000 0.000 0.000 0.000 0.000
0.000 0.000 0.000 4.375 0.000
0.000 0.000 0.000 0.000 0.000
0.000 0.000 0.000 0.000 0.000
2.672 0.000 0.000 0.000 0.000
4.716 13.044 0.000 21.133 0.000
2.350 0.000 0.000 0.000 0.000
0.000 0.000 0.000 10.148 0.000
0.000 0.000 0.000 3.083 0.000
0.000 0.000 0.000 0.000 0.000
0.000 0.000 0.000 0.000 0.000
0.000 4.057 0.000 3.603 0.000
0.000 0.000 0.000 0.000 0.000
0.000 0.000 0.000 0.000 0.000
0.000 0.000 0.000 3.463 0.000
0.000 0.000 0.000 0.000 0.000
4.346 0.000 0.000 1.548 0.000
0.000 0.000 0.000 0.000 0.000
0.000 0.000 0.000 0.000 0.000
0.000 0.000 0.000 0.000 0.000
0.000 0.000 0.000 0.000 0.000
0.000 0.000 0.000 0.000 0.000
2.094 1.435 0.000 15.681 0.000
0.000 0.000 0.000 0.000 0.000
0.000 0.000 0.000 0.000 0.000
2.560 0.000 0.000 4.145 0.000
0.000 0.000 0.000 0.000 0.000
0.000 0.000 0.000 0.000 0.000
0.000 0.000 0.000 0.000 0.000
3.209 4.440 0.000 13.590 0.000
0.000 0.000 0.000 0.000 0.000
0.000 0.000 0.000 0.000 0.000
0.000 0.000 0.000 0.000 0.000
2.566 0.000 0.000 0.000 0.000
0.000 0.000 0.000 0.000 0.000
0.000 0.000 0.000 0.000 0.000
0.000 0.000 0.000 0.000 1.101
0.000 0.000 0.000 0.000 0.000
0.000 0.000 0.000 0.000 0.000
0.000 0.000 0.000 0.000 0.000
0.000 0.000 0.000 0.000 0.000
0.000 0.000 0.000 0.000 0.000
0.000 0.000 0.000 0.000 0.000
0.000 0.000 0.000 2.834 0.000
1.202 0.000 0.000 9.263 0.000
0.000 0.000 0.000 0.000 0.000
0.000 0.000 0.000 0.000 0.000
0.000 0.000 0.000 0.000 0.000
0.150 0.000 0.000 2.100 0.000
0.861 0.000 0.000 0.000 0.000
0.000 0.000 0.000 0.000 0.000
4.415 0.000 0.000 6.508 0.000
4.057 0.000 0.000 0.000 0.000
0.000 0.000 0.000 4.648 0.000
3.097 0.000 0.000 0.000 0.000
0.000 0.000 0.000 0.000 0.000
0.000 0.000 0.000 0.000 0.000
0.000 0.000 0.000 0.000 0.000
0.000 0.000 0.000 0.000 0.000
0.857 4.342 0.000 8.219 0.000
0.000 0.000 0.000 0.000 0.000
0.000 0.000 1.627 0.000 0.000
0.000 0.000 0.000 0.000 0.000
0.000 0.000 0.000 0.261 0.000
0.000 0.000 0.000 0.000 0.000
0.000 0.000 0.000 0.000 0.000
0.000 0.000 0.000 0.000 0.000
4.231 2.720 0.000 14.771 0.000
0.000 0.000 0.000 0.000 6.207
0.000 0.000 0.000 0.000 0.000
0.000 0.000 0.000 2.629 0.000
0.000 0.000 0.000 0.000 0.000
0.000 0.000 0.000 0.000 0.000
0.000 0.000 0.000 0.000 0.000
0.000 0.000 0.000 0.000 0.000
0.000 0.000 0.000 0.000 0.000
0.000 0.000 0.000 2.808 0.000
3.796 0.000 0.000 0.000 0.000
0.000 0.000 0.000 0.000 0.000
0.000 0.000 0.000 0.000 0.000
0.000 0.000 0.000 0.000 5.870
0.000 0.000 0.000 0.000 0.000
0.000 0.000 0.000 0.000 0.000
0.000 0.000 0.000 0.000 0.000
0.000 0.000 0.000 0.000 0.000
0.000 0.000 0.000 0.000 2.454
0.000 0.000 0.000 5.765 0.000
0.000 0.000 0.000 0.000 0.000
2.831 0.000 0.000 17.559 0.000
0.000 0.000 0.000 0.000 0.000
0.000 0.000 0.000 0.000 0.000
0.000 0.000 0.000 0.000 0.000
5.289 0.000 0.000 0.473 0.000
0.000 0.000 0.000 0.904 0.000
0.000 0.000 0.000 0.000 0.000
4.703 4.167 0.000 3.002 0.000
0.000 0.000 0.000 0.000 0.000
0.465 0.000 0.000 0.000 0.000
0.000 0.000 0.000 0.000 0.000
0.000 0.000 0.000 0.000 0.000
0.000 0.000 0.000 0.000 0.000
0.000 0.000 0.000 3.829 0.000
0.000 0.000 0.000 0.000 0.000
0.000 0.000 0.000 0.000 0.000
0.000 0.000 0.000 0.000 0.000
0.000 0.000 0.000 0.000 0.000
0.000 0.000 0.000 0.000 0.000
0.000 0.000 0.000 0.000 0.000
2.431 0.000 0.000 2.526 0.000
3.962 0.000 0.000 4.790 0.000
0.000 0.000 0.000 0.000 0.000
3.969 0.000 0.000 2.772 0.000
0.000 0.000 0.000 0.000 0.000
0.000 0.000 0.000 0.000 0.000
0.000 0.000 0.000 2.194 0.000
0.000 0.000 0.000 0.000 0.000
0.000 0.000 0.000 0.000 0.000
0.000 0.000 0.000 0.000 0.000
1.326 3.424 0.000 2.632 0.000
0.000 0.000 0.000 0.000 0.000
0.000 0.000 0.000 0.000 0.000
0.787 0.502 0.000 0.549 0.000
0.000 0.000 0.000 0.000 0.000
0.000 0.000 0.000 0.000 0.000
0.000 0.000 0.000 0.000 0.000
0.000 0.000 0.000 6.385 3.828
0.000 0.000 0.000 0.000 0.000
1.084 0.000 0.000 6.772 0.000
0.000 0.000 0.000 0.000 3.848
3.481 3.390 0.000 0.538 0.000
0.000 0.000 0.000 0.000 0.000
3.382 0.000 0.000 5.064 0.000
0.000 0.000 0.000 0.000 0.000
0.000 0.000 0.000 0.000 4.626
0.000 0.000 0.000 0.000 0.000
3.280 0.000 0.000 2.029 0.000
0.000 0.000 0.000 0.000 1.614
0.000 0.000 0.000 0.000 0.000
0.000 0.000 0.000 0.000 0.000
0.000 0.000 0.000 0.000 0.000
3.523 0.000 0.000 0.000 0.000
4.247 0.000 0.000 3.304 0.000
1.511 0.000 0.000 3.249 0.000
1.401 0.000 0.000 0.000 0.000
1.068 2.510 0.000 20.499 0.000
0.000 0.000 0.000 0.566 1.034
0.000 0.000 0.000 0.000 0.000
0.000 0.000 0.000 5.444 0.000
0.000 0.000 0.000 0.000 0.000
0.000 0.000 0.000 0.000 0.000
2.304 2.539 0.000 10.035 0.000
0.000 0.000 0.000 0.000 0.000
2.930 0.000 0.000 7.002 0.000
1.692 0.000 0.000 0.000 0.000
0.000 0.000 0.000 0.000 0.000
0.000 0.000 0.000 0.000 0.000
0.000 0.000 0.000 0.000 0.000
0.000 0.000 0.000 0.000 0.000
0.000 0.000 0.000 0.000 0.000
0.000 0.000 0.000 0.000 0.000
0.000 0.000 0.000 0.000 0.000
0.000 0.000 0.000 0.000 0.000
0.000 0.000 0.000 6.799 2.637
3.367 0.000 0.000 8.574 0.000
0.000 0.000 0.000 0.000 0.000
0.000 0.000 0.000 0.000 0.039
0.000 0.000 0.000 0.000 0.000
0.000 0.000 0.000 0.000 0.000
2.365 0.000 0.000 1.552 0.000
0.000 0.000 0.000 0.000 0.000
0.000 0.000 0.000 0.000 0.000
0.000 0.000 0.000 0.000 0.000
0.000 0.000 0.000 0.000 0.000
0.000 0.000 0.000 0.000 0.000
0.000 0.000 0.000 0.000 0.000
0.000 0.000 0.000 0.000 0.000
0.000 0.000 0.000 0.000 1.244
0.000 0.000 0.000 0.000 0.000
0.000 0.000 0.000 0.000 0.000
2.259 0.000 0.000 0.000 0.000
0.000 0.000 0.000 0.000 0.000
0.000 0.000 0.000 0.000 0.000
0.000 0.000 0.000 0.000 0.000
0.492 0.000 0.000 1.595 0.000
3.412 3.790 0.000 6.522 0.000
0.000 0.000 0.000 0.000 0.000
4.609 0.000 0.000 5.225 0.000
0.000 0.000 0.000 0.000 0.000
0.000 0.000 0.000 0.000 0.000
0.000 0.000 0.000 0.000 0.000
0.000 0.000 0.000 0.000 0.000
0.000 0.000 0.000 0.000 0.000
0.000 0.000 0.000 0.000 0.000
0.000 0.000 0.000 0.000 4.139
0.000 0.000 0.000 0.000 0.000
0.257 0.000 0.000 1.443 0.000
3.605 0.000 0.000 3.583 0.000
0.000 0.000 0.000 0.000 0.000
0.000 0.000 0.000 0.000 0.040
0.000 0.000 0.000 0.000 2.320
0.000 0.000 0.000 0.000 0.000
2.288 0.000 0.000 0.285 0.000
0.000 0.000 0.000 0.000 0.000
0.000 0.000 0.000 0.000 0.000
0.000 0.000 0.000 0.000 0.000
0.000 0.000 0.000 0.000 0.000
0.000 0.000 0.000 0.000 0.000
0.000 0.000 0.000 0.000 0.000
0.000 0.000 0.000 0.000 0.000
0.000 0.000 0.000 0.000 0.000
0.000 0.000 0.000 0.000 0.000
0.000 0.000 0.000 0.000 0.000
0.729 0.000 0.000 6.831 0.000
0.000 0.000 0.000 0.000 0.000
0.000 0.000 0.000 0.000 0.000
0.000 0.000 0.000 3.348 0.000
0.000 0.000 0.000 0.000 0.000
3.923 0.000 0.000 5.355 0.000
0.000 0.000 0.000 0.000 1.163
0.000 0.000 0.000 3.326 0.000
0.000 0.000 0.000 0.000 0.000
4.328 0.000 0.000 6.595 0.000
0.000 0.000 0.000 0.000 0.000
0.000 0.000 0.000 0.000 1.592
0.000 0.000 0.000 0.000 0.000
0.000 0.000 0.000 0.000 0.000
3.555 0.000 0.000 6.486 0.000
0.000 0.000 0.000 0.000 0.000
0.000 0.000 0.000 0.000 0.000
0.000 0.000 0.000 0.000 0.000
1.450 0.000 0.000 0.000 0.000
3.254 0.000 0.000 5.944 2.796
2.474 0.000 0.000 5.458 0.000
3.357 0.000 0.000 5.441 0.000
0.000 0.000 0.000 0.000 0.000
0.000 0.000 0.000 0.000 0.000
3.690 0.000 0.000 0.000 0.000
0.000 0.000 0.000 0.000 0.000
0.000 0.000 0.000 0.000 0.000
1.055 0.000 0.000 6.533 3.341
6.184 0.000 0.000 8.952 0.000
0.000 0.000 0.000 0.000 0.000
0.000 0.000 0.000 0.000 2.892
0.000 3.284 1.957 0.000 0.000
0.000 0.000 0.000 0.000 0.000
0.000 0.000 0.000 0.000 0.000
0.000 0.000 0.000 0.000 0.000
0.000 0.000 0.000 6.270 0.000
0.000 0.000 0.000 0.000 0.000
0.000 0.000 0.000 0.000 0.000
2.782 0.000 0.000 4.885 0.000
0.000 0.000 0.000 0.000 0.000
0.000 0.000 0.000 0.000 0.000
3.911 0.000 0.000 0.000 0.000
0.000 0.000 0.000 0.000 0.000
0.952 6.724 0.000 3.603 0.000
0.000 0.000 0.000 0.000 0.000
0.000 0.000 0.000 0.000 0.000
0.000 0.000 0.000 0.000 0.000
0.000 0.000 0.000 0.000 0.000
0.000 0.000 0.000 0.000 0.000
0.000 0.000 0.000 0.000 0.000
1.465 14.463 0.000 14.658 0.000
0.000 0.000 0.000 0.000 3.191
1.801 5.031 0.000 9.222 0.000
5.296 0.000 0.000 7.722 0.000
0.000 0.000 0.000 0.000 0.000
0.000 0.000 0.000 0.000 0.000
0.000 0.000 0.000 0.000 0.000
0.000 0.000 0.000 0.000 0.000
0.000 0.000 0.000 0.000 0.000
0.000 0.000 0.000 0.000 0.000
0.000 0.000 0.000 0.000 0.000
2.158 0.000 0.000 4.571 0.000
0.000 0.000 0.000 0.000 0.000
0.000 0.000 0.000 5.151 0.000
0.000 0.000 0.000 0.000 0.000
0.000 0.000 0.000 11.269 0.000
0.000 0.000 0.000 0.000 0.000
4.009 0.000 0.000 0.000 0.000
0.000 0.000 0.000 0.000 0.000
0.000 0.000 0.000 0.000 0.000
0.000 0.000 0.000 0.000 0.000
0.000 10.520 0.000 10.620 0.000
0.000 0.000 0.000 7.671 0.000
0.000 0.000 0.000 9.021 0.000
0.000 0.000 0.000 0.000 0.000
0.935 0.000 0.000 0.000 0.000
0.000 0.000 0.000 0.000 0.000
0.000 0.000 0.000 0.000 0.000
0.000 0.000 0.000 0.000 0.000
0.000 0.000 0.000 0.000 0.000
0.000 0.000 0.000 1.429 0.000
0.000 0.000 0.000 0.000 0.000
0.082 0.000 0.000 0.000 0.000
4.701 0.000 0.000 12.991 0.000
0.000 0.000 0.000 0.000 0.000
0.000 0.000 0.000 0.000 0.000
0.000 0.000 0.000 0.000 0.000
1.459 0.000 0.000 0.000 0.000
0.000 0.000 0.000 0.000 0.606
0.000 0.000 0.000 0.000 0.000
0.000 0.000 0.000 0.000 0.000
0.000 0.000 0.000 0.000 0.000
0.000 0.000 0.000 0.000 0.000
0.000 0.000 0.000 0.000 0.000
1.475 0.000 0.000 12.636 0.000
0.000 0.000 0.000 0.000 0.000
0.000 0.000 0.000 0.000 0.000
0.000 0.000 0.000 0.000 0.000
0.000 0.000 0.000 0.000 0.000
0.000 0.000 0.000 0.000 0.000
0.000 0.000 0.000 0.000 0.000
0.000 0.000 0.000 0.000 0.000
0.000 0.000 0.000 0.000 0.000
3.343 0.819 0.000 1.764 0.000
0.000 0.000 0.000 0.000 0.000
0.000 0.000 0.000 0.000 0.000
0.000 0.000 0.000 0.602 0.000
0.000 0.000 0.000 0.000 0.000
5.321 0.000 0.000 14.212 0.000
0.000 0.000 0.000 0.000 0.000
0.000 0.000 0.000 0.000 4.797
2.256 0.000 0.000 0.000 0.000
0.000 0.000 0.000 0.000 0.000
7.327 0.000 0.000 6.388 0.000
2.266 0.000 0.000 0.000 0.000
0.632 0.000 0.000 11.813 0.000
0.000 0.000 0.000 1.883 0.000
0.000 0.000 0.000 3.303 0.000
0.000 0.000 0.000 0.000 0.000
2.896 0.000 0.000 3.033 0.000
0.000 0.000 0.000 0.000 0.000
0.000 0.000 0.000 0.000 3.878
0.000 0.000 0.000 0.000 0.000
0.000 0.000 0.000 0.000 0.000
0.000 0.000 0.000 0.000 0.000
3.211 0.000 0.000 0.000 0.000
0.000 0.000 0.000 0.000 0.000
0.000 0.000 0.000 0.000 0.000
0.000 0.000 0.000 0.000 0.000
0.000 0.000 0.000 0.000 0.000
0.000 0.000 0.000 0.000 0.000
3.178 0.000 0.000 0.000 0.000
4.710 0.000 0.000 10.518 0.000
2.073 4.325 0.000 4.599 0.000
0.000 0.000 0.000 0.000 0.000
0.000 0.000 0.000 0.000 0.000
0.000 0.000 0.000 2.859 3.530
0.000 0.000 0.000 0.000 0.000
0.000 0.000 0.000 0.000 0.000
0.000 0.000 0.000 0.000 0.000
0.000 0.000 0.000 0.000 0.000
0.000 0.000 0.000 0.000 0.000
0.000 0.000 0.000 0.000 0.169
4.890 0.000 0.000 4.720 0.000
0.000 0.000 0.000 0.000 0.000
0.000 0.000 0.000 4.241 0.000
0.000 0.000 0.000 0.000 0.000
0.000 0.000 0.000 0.854 0.000
0.000 0.000 0.000 11.553 0.000
0.000 0.000 0.000 0.000 0.000
4.734 0.000 0.000 9.557 0.000
0.000 0.000 0.000 0.000 0.000
2.490 0.000 0.000 5.265 0.000
0.000 0.000 0.000 0.000 0.000
0.000 0.000 0.000 0.000 0.000
0.000 0.000 0.000 0.000 0.000
2.380 0.000 0.000 0.000 0.000
0.000 0.000 0.000 2.493 0.000
2.902 5.152 0.000 24.325 0.000
0.000 0.000 0.000 0.000 0.000
0.000 0.000 0.000 0.000 0.000
0.000 0.000 0.000 0.000 0.000
0.000 0.000 0.000 0.000 0.000
0.000 0.000 0.000 3.044 4.087
0.000 0.000 0.000 0.000 0.000
2.925 0.000 0.000 4.175 0.000
0.000 0.000 0.000 2.289 0.000
0.000 0.000 0.000 0.000 0.000
0.000 0.000 0.000 0.000 0.000
0.000 0.000 0.000 0.000 0.000
2.540 0.000 0.000 1.438 0.000
0.000 0.000 0.000 0.000 0.000
4.048 0.000 0.000 8.290 0.000
0.000 0.000 0.000 0.000 0.000
0.000 0.000 0.000 0.000 0.000
0.000 0.000 0.000 0.000 0.000
2.341 0.000 0.000 5.217 0.000
0.000 0.000 0.000 0.000 0.000
0.000 0.000 0.000 3.730 0.000
0.000 0.000 0.000 0.000 0.000
0.000 0.000 0.000 0.000 0.000
0.000 0.000 0.458 0.000 0.000
0.000 0.000 0.000 3.659 0.000
0.000 0.000 0.000 0.000 0.000
0.000 0.000 0.000 0.000 2.913
0.000 0.000 0.000 0.000 0.000
6.099 0.000 0.000 7.230 0.000
0.000 0.000 0.000 0.000 0.000
0.000 0.000 0.000 0.000 0.000
0.965 0.000 0.000 0.000 0.000
3.039 5.023 0.000 7.067 0.000
0.000 0.000 0.000 0.000 0.000
0.000 2.318 0.000 3.479 0.000
4.830 0.000 0.000 0.000 0.000
0.000 0.000 1.793 0.000 0.000
0.000 0.000 0.000 0.000 0.000
0.000 0.000 0.000 0.000 0.000
3.888 0.000 0.000 4.859 0.000
0.000 0.000 0.000 0.000 0.000
0.000 0.000 0.000 0.000 3.195
0.000 0.000 0.000 0.000 0.000
0.000 0.000 0.000 5.253 0.000
0.000 0.000 0.000 3.339 0.000
0.000 0.000 0.000 0.000 0.000
3.153 0.000 0.000 0.000 0.000
0.000 0.000 0.000 0.000 0.000
3.310 3.195 0.000 3.047 0.000
0.000 0.000 0.000 0.000 0.000
0.000 0.000 0.000 0.000 0.000
0.000 0.000 0.000 5.505 0.000
0.000 0.000 0.000 0.000 0.000
0.000 0.000 0.000 0.000 0.000
0.000 0.000 0.000 0.000 0.000
0.000 0.000 0.000 0.000 0.000
0.000 0.000 0.000 0.000 0.000
0.000 0.000 0.000 0.000 0.000
6.078 0.000 0.000 10.322 0.000
0.000 0.000 0.000 0.000 0.000
3.024 0.000 0.000 14.271 0.000
0.000 0.000 0.000 0.000 3.640
0.000 0.000 0.000 0.000 1.320
0.000 0.000 0.000 2.954 0.000
0.000 0.000 0.000 1.777 0.000
0.000 0.000 0.000 0.000 0.000
0.000 0.000 0.000 0.000 0.000
0.000 0.000 0.000 3.358 0.000
4.544 0.000 0.000 0.000 0.000
0.000 0.000 0.000 0.000 0.000
0.000 0.000 0.000 0.000 0.000
0.000 0.000 0.000 0.000 0.000
0.000 0.000 0.000 0.000 0.000
0.000 0.000 0.000 0.000 3.062
0.000 0.000 0.000 0.000 0.000
2.896 0.000 0.000 3.238 0.000
1.935 0.000 0.000 4.317 0.000
0.000 0.000 0.000 0.000 0.000
0.000 0.000 0.000 0.000 0.000
0.000 0.000 0.000 0.000 0.000
0.000 0.000 0.000 0.000 0.000
0.000 0.000 0.000 0.000 0.000
0.000 0.000 0.000 0.000 0.000
0.000 0.000 0.000 0.000 0.000
0.000 0.000 0.000 0.000 0.000
0.000 6.832 0.000 14.895 0.000
0.000 0.000 0.000 6.276 0.000
0.000 0.000 0.000 0.000 5.809
0.000 0.000 0.000 0.000 0.000
0.000 0.000 0.000 0.000 0.000
2.689 0.000 0.000 14.864 0.000
0.000 0.000 0.000 0.000 0.000
0.000 0.000 0.000 0.000 0.000
0.000 0.000 0.000 0.000 0.000
0.000 0.000 0.000 0.000 0.000
1.367 0.000 0.000 3.589 0.000
0.000 0.000 0.000 0.000 0.000
0.000 0.000 0.000 0.000 0.000
1.481 0.000 0.000 0.704 0.000
0.000 0.000 0.000 0.000 0.000
2.958 0.000 0.000 0.000 0.000
0.000 0.000 0.000 0.000 0.000
0.000 0.000 0.000 0.000 0.000
0.000 12.503 0.000 5.851 0.000
0.000 0.000 0.000 0.000 0.000
0.000 0.000 0.000 0.000 0.000
1.547 0.000 0.000 0.000 0.000
0.000 0.000 0.000 0.000 0.000
2.306 0.000 0.000 3.905 0.000
0.000 0.000 0.000 0.000 0.000
0.000 0.000 0.000 0.000 0.000
5.074 0.000 0.000 3.182 0.000
5.320 0.000 0.000 3.775 0.000
0.000 0.000 0.000 0.000 0.000
0.000 0.000 0.000 0.000 0.000
0.000 0.000 0.000 0.000 0.000
0.000 0.000 0.000 0.000 0.000
0.000 0.000 0.000 0.000 0.000
0.000 0.000 0.000 0.000 0.000
0.000 0.000 0.000 0.000 0.000
0.000 0.000 0.000 0.000 0.000
4.224 0.000 0.000 0.000 0.000
0.000 0.000 0.000 0.000 0.000
0.000 2.340 0.000 11.677 0.000
0.000 0.000 0.000 0.000 0.000
0.000 0.000 0.000 4.275 0.000
5.365 0.000 0.000 6.973 0.000
4.204 0.000 0.000 3.926 0.000
1.623 0.000 0.000 4.866 0.000
3.568 0.000 0.000 12.876 0.000
0.000 0.000 0.000 0.000 3.011
0.000 0.000 0.000 0.000 0.000
0.000 0.000 0.000 3.033 3.939
0.000 0.000 0.000 0.000 0.000
1.566 0.000 0.000 12.651 0.000
0.000 0.000 0.000 0.000 0.000
0.000 0.000 0.000 0.000 0.000
0.000 0.000 0.000 0.000 3.324
0.000 0.000 0.000 0.000 0.000
4.492 0.000 0.000 3.089 0.000
0.000 0.000 0.000 0.000 0.000
0.000 0.000 0.000 0.000 0.000
0.000 0.000 0.000 0.000 0.000
0.000 0.000 0.000 0.000 0.000
0.000 0.000 0.000 1.829 0.000
0.000 0.000 0.000 0.000 0.953
0.000 0.000 0.000 0.000 0.000
0.000 0.000 3.903 0.000 0.000
0.000 0.000 0.000 0.000 0.913
0.000 0.000 0.000 0.000 0.000
0.000 0.000 0.000 0.000 0.000
0.000 10.819 0.000 16.655 0.000
0.000 0.000 0.000 0.000 0.000
0.000 0.000 0.000 0.000 4.188
0.000 0.000 0.000 0.000 0.000
0.000 0.000 0.000 0.000 0.000
0.000 0.000 0.000 0.000 0.000
0.000 0.000 0.000 0.000 0.000
0.000 0.000 0.000 0.000 0.000
0.000 0.000 0.000 0.000 0.000
0.000 0.000 0.000 0.000 0.000
0.000 0.000 0.000 0.000 0.000
0.000 0.000 0.000 0.000 3.575
0.000 1.549 0.000 1.352 0.000
0.000 0.000 0.000 0.000 0.000
0.000 0.000 0.000 0.000 0.000
0.000 0.000 0.000 0.000 0.000
0.000 0.000 0.000 0.000 0.000
0.000 0.000 0.000 0.000 0.000
0.000 0.000 0.000 0.000 0.000
0.000 0.000 0.000 0.000 0.000
0.000 0.000 0.000 0.000 0.000
0.000 0.000 0.000 0.000 0.000
0.000 0.000 0.000 0.000 0.000
0.000 0.000 0.000 0.000 0.000
0.000 0.000 0.000 0.000 0.000
0.000 0.000 0.000 0.000 3.588
0.000 0.000 0.000 0.000 0.000
4.926 0.000 0.000 0.000 0.000
0.000 0.000 0.000 0.000 0.000
0.000 0.000 0.000 0.000 0.000
0.000 0.000 0.000 0.000 0.000
0.000 0.000 0.000 1.974 0.000
0.000 0.000 0.000 0.000 0.000
0.000 0.000 0.000 0.000 0.000
3.384 0.000 0.000 0.000 5.628
0.000 0.000 0.000 0.000 0.000
0.000 0.000 0.000 0.000 0.000
0.000 0.000 0.000 0.000 0.000
0.000 0.000 0.000 0.000 0.000
0.000 0.000 0.000 0.000 0.000
3.699 0.000 0.000 1.954 0.000
0.000 0.000 0.000 0.000 0.000
4.439 0.000 0.000 4.785 0.000
0.000 0.000 0.000 8.676 0.000
0.000 0.000 0.000 0.000 0.000
0.000 0.000 0.000 0.000 0.000
0.000 0.000 0.000 0.000 0.000
0.000 0.000 0.000 0.000 0.000
0.000 0.000 0.000 0.000 0.000
0.000 0.000 0.000 1.726 0.000
2.723 0.000 0.000 6.292 0.000
0.000 0.000 0.000 0.000 0.000
0.000 0.000 0.000 0.000 0.000
0.000 0.000 0.000 0.000 5.818
0.000 0.000 0.000 0.000 0.000
2.144 0.000 0.000 5.543 0.000
4.581 5.133 0.000 18.622 0.000
3.094 0.000 0.000 7.046 0.000
0.000 0.000 0.000 2.672 0.000
0.000 0.000 0.000 0.000 0.000
0.000 0.000 0.000 0.000 0.000
0.000 0.000 0.000 0.000 0.000
0.000 0.000 0.000 7.588 0.000
0.000 0.000 0.000 0.000 0.000
0.000 0.000 0.000 0.000 0.000
0.000 0.000 0.000 0.000 0.000
2.338 0.000 0.000 6.467 0.000
0.000 0.000 0.000 0.000 0.000
0.000 0.000 0.000 0.000 0.000
0.000 0.000 0.000 0.000 0.000
3.763 8.353 0.000 12.336 0.000
0.000 0.000 0.000 0.000 0.000
0.000 0.000 0.000 0.000 0.000
0.000 0.000 0.000 0.000 0.000
0.000 0.000 0.000 0.000 0.000
0.000 0.000 0.426 0.000 4.063
1.957 0.000 0.000 0.000 0.000
0.000 0.000 0.000 0.000 3.164
0.000 0.000 0.000 0.000 0.000
0.000 0.000 0.000 0.000 0.000
0.000 0.000 0.000 0.000 0.000
0.000 0.000 0.000 0.000 0.000
0.000 0.000 0.000 0.000 3.527
0.000 0.000 0.000 0.000 0.000
0.000 0.000 0.000 0.000 0.000
0.000 0.000 0.000 0.000 0.000
0.000 0.000 0.000 0.000 0.000
0.000 0.000 0.000 0.000 0.000
0.000 0.000 0.000 0.000 2.380
0.000 0.000 0.000 0.000 0.000
0.984 0.000 0.000 0.000 0.000
0.000 0.000 0.000 0.000 0.000
0.000 0.000 0.000 0.000 0.000
0.000 0.000 0.000 0.000 0.000
5.047 5.178 0.000 4.138 0.000
0.000 0.000 0.000 8.015 0.000
0.105 7.113 0.000 7.105 0.000
0.000 0.000 0.000 0.000 0.000
0.000 0.000 0.000 0.000 0.000
0.000 0.000 0.000 0.000 0.000
0.000 0.000 0.000 0.000 0.000
0.000 0.000 0.000 0.000 0.000
0.000 0.000 0.000 0.000 0.000
0.000 0.000 0.000 0.000 0.000
2.411 0.000 0.000 12.446 0.000
0.000 0.000 0.000 0.000 0.000
0.000 0.000 0.000 0.000 0.000
0.000 0.000 0.000 0.000 0.000
0.000 0.000 0.000 0.000 0.000
0.280 8.784 0.000 6.869 0.000
0.000 0.000 0.000 0.000 0.000
0.000 0.000 0.000 0.000 0.000
0.000 0.000 0.000 0.000 0.000
0.000 0.000 0.000 0.000 0.000
0.000 0.000 0.000 0.000 0.000
0.000 0.000 0.000 0.000 0.000
0.185 0.000 0.000 0.000 0.000
0.000 0.000 0.000 0.000 0.000
3.824 0.000 0.000 5.959 0.000
0.000 0.000 0.000 0.000 0.000
4.042 0.000 0.000 11.759 0.000
0.000 0.000 0.000 0.000 0.000
0.000 0.000 0.000 0.000 0.000
0.000 0.000 0.000 3.564 0.000
0.000 0.000 0.000 0.000 0.000
1.797 0.000 0.000 2.987 0.000
0.000 0.000 0.000 0.000 0.000
0.000 0.000 0.000 0.000 0.000
4.806 0.000 0.000 2.184 0.000
0.541 0.000 0.000 0.000 0.000
0.000 0.000 0.000 0.000 0.000
5.005 0.000 0.000 3.348 4.373
0.000 0.000 0.000 0.000 0.000
0.000 0.000 0.000 0.000 0.000
0.000 0.000 0.000 0.000 0.000
0.000 0.000 0.000 0.000 0.000
0.000 0.000 0.000 0.000 0.000
0.000 0.000 0.000 0.000 0.000
0.000 0.000 0.000 0.000 0.000
2.137 0.000 0.000 4.210 0.000
1.881 0.000 0.000 3.543 0.000
0.171 0.000 0.000 0.000 0.000
3.996 0.000 0.000 0.000 0.000
0.000 0.000 0.000 0.000 0.000
0.000 0.000 0.000 0.000 0.000
0.000 0.000 0.000 4.930 0.000
0.000 0.000 0.000 0.000 0.000
1.262 0.000 0.000 1.087 2.193
0.000 0.000 0.000 3.563 0.000
0.000 0.000 0.000 0.000 0.000
0.000 0.000 0.000 0.000 0.000
0.000 0.000 0.000 0.000 0.000
0.000 0.000 0.000 0.000 0.000
0.000 0.000 0.000 0.000 0.000
0.000 0.000 0.000 3.625 0.000
0.000 0.000 0.000 0.000 0.000
0.000 0.000 0.000 0.000 0.000
0.000 0.000 0.000 0.000 0.000
0.000 0.000 0.000 0.000 0.000
0.000 0.000 0.000 0.000 0.000
0.000 0.000 0.000 0.000 0.000
0.000 0.000 0.000 0.000 0.000
0.000 0.000 0.000 0.000 0.000
3.956 0.000 0.000 0.000 0.000
0.000 0.000 0.000 0.000 0.000
0.000 0.000 0.000 0.000 0.000
0.000 0.000 0.000 0.000 0.000
2.008 0.000 0.000 0.000 0.000
2.261 0.000 0.000 27.125 0.000
0.000 0.000 0.000 0.000 0.000
0.000 0.000 0.000 5.201 0.000
0.955 1.995 0.000 7.788 0.000
2.365 3.667 0.000 14.223 0.000
0.000 0.000 0.000 0.000 0.000
0.000 0.000 0.000 0.000 0.000
0.000 0.000 0.000 3.447 0.000
4.267 0.000 0.000 2.644 0.000
0.000 0.000 0.000 0.000 0.000
0.000 0.000 0.000 0.000 0.000
0.000 0.000 0.000 0.000 0.000
0.000 2.896 0.000 0.000 3.979
2.918 0.000 0.000 3.907 0.000
1.260 0.000 0.000 6.280 0.000
0.000 0.000 0.000 0.000 4.354
0.000 0.000 0.000 0.000 0.000
0.000 0.000 0.000 0.000 0.000
0.000 0.000 0.000 0.000 0.000
2.329 0.000 0.000 0.934 0.000
0.000 0.000 0.000 0.000 0.000
0.000 0.000 0.000 0.000 0.000
0.000 0.000 0.000 0.000 0.000
0.000 0.000 0.000 0.000 0.000
0.000 0.000 0.000 0.000 0.000
0.000 0.000 0.000 0.000 0.000
2.345 4.835 0.000 10.262 0.000
0.000 0.000 0.000 0.000 0.000
1.619 0.000 0.000 5.192 0.000
0.335 2.592 0.000 14.289 0.000
2.389 0.000 0.000 0.000 0.000
0.000 0.000 0.000 0.000 0.000
0.000 0.000 0.000 0.000 0.000
0.000 0.000 0.000 0.000 5.826
0.000 0.000 0.000 0.000 0.000
1.008 0.000 0.000 3.729 0.000
0.000 0.000 0.000 0.000 0.000
0.000 0.000 0.628 0.000 0.000
0.000 0.000 0.000 0.000 2.208
0.000 0.000 0.000 2.011 0.000
3.966 0.000 0.000 4.278 0.000
0.000 0.000 0.000 0.000 0.000
0.000 0.000 0.000 0.000 0.000
6.611 0.000 0.000 0.000 0.000
0.000 0.000 0.000 0.000 0.000
0.000 0.000 0.000 0.000 0.000
0.000 0.000 0.000 0.000 0.000
3.100 0.000 0.000 3.228 0.000
0.000 0.000 0.000 0.000 0.000
3.690 0.000 0.000 0.000 0.000
0.000 0.000 0.000 0.000 0.000
3.970 0.000 0.000 7.196 0.000
0.000 0.000 0.000 0.000 0.000
0.000 0.000 0.000 0.000 0.000
0.000 0.000 0.000 0.000 0.000
0.000 0.000 0.000 0.000 0.000
0.000 0.000 0.000 0.000 0.000
5.396 0.000 0.000 0.000 0.000
3.803 0.000 0.000 5.195 0.000
0.000 0.000 0.000 0.000 0.000
0.000 0.000 0.000 0.000 0.000
5.842 0.000 0.000 0.000 0.000
0.148 0.000 0.000 0.900 0.000
0.000 0.000 0.000 0.000 0.000
0.000 0.000 0.000 0.000 0.000
0.000 0.000 0.000 0.000 0.000
0.000 0.000 0.000 0.000 0.000
0.000 0.000 0.000 0.000 0.000
2.072 0.000 0.000 4.347 0.000
0.000 0.000 0.000 0.000 0.000
0.000 0.000 0.000 0.000 0.000
0.000 0.000 0.000 0.000 0.000
0.000 0.000 0.000 0.000 0.000
0.000 0.000 0.000 0.000 0.000
0.000 0.000 0.000 0.000 0.000
0.000 0.000 0.000 0.000 0.000
0.000 0.000 0.000 0.000 0.000
0.000 0.000 0.000 0.000 0.000
0.000 0.000 0.000 0.000 0.000
0.000 0.000 0.000 0.000 0.000
1.909 0.000 0.000 0.000 0.000
0.000 0.000 0.000 0.000 0.000
0.000 0.000 0.000 0.000 0.000
0.000 0.000 0.000 0.000 0.000
0.000 0.000 0.000 0.000 0.000
0.000 0.000 0.000 0.000 2.648
0.000 0.000 0.000 0.000 0.000
0.000 0.000 0.227 0.000 3.160
0.000 8.626 0.000 7.122 0.000
0.000 0.000 0.000 0.000 0.000
0.000 0.000 0.000 0.000 6.287
0.000 0.000 0.000 0.000 0.000
1.379 0.000 0.000 5.856 0.000
3.040 0.000 0.000 5.229 0.000
0.000 0.000 0.000 0.000 0.000
0.000 0.000 0.000 0.000 0.000
0.000 1.877 0.000 0.000 0.000
0.000 0.000 0.000 0.000 0.000
1.765 5.501 0.000 3.351 0.000
0.000 0.000 0.000 0.000 3.490
0.000 2.920 0.000 8.602 0.000
0.270 0.000 0.000 1.622 0.000
0.000 0.000 0.000 0.000 0.000
0.000 0.000 0.000 7.649 0.000
0.000 0.000 0.000 0.000 0.000
0.000 0.000 0.000 0.000 0.000
0.000 0.000 0.000 0.000 0.000
0.000 0.000 0.000 0.000 0.000
0.000 0.000 0.000 0.000 0.000
0.000 0.000 0.000 1.968 0.000
0.000 0.000 0.000 0.000 0.000
0.000 0.000 0.000 0.000 0.000
0.000 0.000 0.000 0.000 6.505
0.000 0.000 0.000 0.000 3.249
3.992 5.983 0.000 4.220 0.000
0.000 0.000 0.000 1.787 0.000
0.000 0.000 0.000 0.000 0.000
0.000 0.000 0.000 0.000 0.000
2.724 0.000 0.000 1.242 0.000
0.000 0.000 0.000 0.000 0.000
0.000 0.000 0.000 0.000 0.000
4.634 0.000 0.000 7.860 0.000
0.000 0.000 0.000 0.000 0.000
0.000 0.000 0.000 0.000 0.000
0.000 0.000 0.000 0.000 0.000
2.013 0.000 0.000 9.095 0.000
0.000 0.000 0.000 0.000 2.936
0.000 0.000 0.000 0.000 0.000
0.000 0.000 0.000 0.000 0.000
0.000 0.000 0.000 0.000 0.000
0.000 0.000 0.000 0.000 0.000
0.000 0.000 0.000 0.000 0.000
0.000 0.000 0.000 2.153 0.000
0.000 0.000 0.000 0.000 0.000
0.000 0.000 0.000 0.000 0.000
0.000 0.000 0.000 0.000 0.000
2.969 0.000 0.000 6.041 0.000
2.799 2.960 0.000 12.123 0.000
0.000 0.000 0.000 0.000 0.000
0.000 0.000 0.000 0.000 0.000
0.000 0.000 0.000 0.000 0.000
0.000 0.000 0.000 2.511 0.000
0.000 0.000 0.000 0.000 0.000
0.000 0.000 0.000 0.000 0.000
0.000 0.000 0.000 0.000 0.000
0.000 0.000 0.000 0.000 0.000
0.000 0.680 0.000 5.016 0.000
0.000 0.000 0.000 0.000 0.000
0.000 0.000 0.000 0.000 0.000
0.000 0.000 0.000 1.473 0.000
0.000 0.000 0.000 0.000 3.042
0.345 0.000 0.000 0.000 0.000
0.000 0.000 0.000 3.660 0.000
0.000 0.000 0.000 0.000 0.000
0.000 0.000 0.000 2.785 0.000
0.000 0.000 0.000 0.000 0.000
0.000 0.000 0.000 0.000 0.000
0.000 0.000 0.000 0.000 0.000
0.000 0.000 0.000 0.000 0.000
0.000 0.000 0.000 0.000 3.098
0.000 0.000 0.000 0.000 0.000
1.138 4.684 0.000 5.389 0.000
0.000 0.000 0.000 0.000 0.000
0.000 0.000 0.000 0.000 0.000
0.000 0.000 0.000 0.000 0.000
3.532 0.000 0.000 6.622 0.000
0.000 3.143 0.000 0.000 0.000
0.000 0.000 0.000 0.000 0.000
0.000 0.000 0.000 0.000 0.000
0.000 0.000 0.000 0.000 0.000
2.219 0.000 0.000 4.128 0.000
0.000 0.000 0.000 4.085 0.000
0.000 0.000 0.000 0.000 0.000
0.000 0.000 0.000 0.000 0.000
0.000 0.000 0.000 0.000 0.000
0.000 0.000 0.000 0.000 0.000
0.000 0.000 0.000 0.000 0.000
0.000 0.000 0.000 0.000 0.000
4.070 0.000 0.000 0.000 0.000
0.000 0.000 0.000 0.000 0.000
0.000 0.000 0.000 0.000 0.000
0.000 0.000 0.000 0.398 0.000
0.000 0.000 0.000 0.000 0.000
0.000 0.000 0.000 3.729 0.000
0.000 0.000 0.000 0.000 0.000
0.000 0.000 0.000 0.000 0.000
0.000 0.000 0.000 0.000 2.643
0.000 0.000 0.000 0.000 0.000
0.000 0.000 0.000 0.000 0.000
0.000 0.000 0.000 0.000 0.000
0.000 0.000 0.000 0.000 0.000
3.582 0.000 0.000 11.475 0.000
0.000 0.000 0.000 0.000 0.000
0.000 0.000 0.000 4.369 0.000
0.000 0.000 0.000 0.000 0.000
0.000 0.000 0.000 0.000 0.000
0.000 0.000 0.000 0.000 0.000
0.000 0.000 0.000 0.000 3.191
0.000 0.000 0.000 0.000 0.000
0.000 0.000 0.000 0.000 0.000
2.222 0.000 0.000 6.869 0.000
0.000 0.000 0.000 0.000 0.000
0.000 0.000 2.189 0.000 0.000
0.000 0.000 0.000 0.000 0.000
0.000 0.000 0.000 0.000 0.000
0.000 0.000 0.000 0.000 0.000
0.000 0.000 0.000 0.000 0.000
0.000 0.000 0.000 0.000 0.000
0.000 0.000 0.000 0.000 0.000
0.000 0.000 0.000 0.000 0.000
0.000 0.000 0.000 0.000 0.000
0.322 0.000 0.000 3.149 0.000
3.999 0.000 0.000 0.000 0.000
0.000 0.000 0.000 0.000 0.000
0.000 0.000 0.000 0.000 0.000
0.000 0.000 0.000 0.000 0.000
0.000 0.000 0.000 0.000 0.000
3.421 0.000 0.000 0.000 0.000
0.000 0.000 0.000 0.000 0.000
0.000 0.000 0.000 0.000 0.000
0.000 0.000 0.000 0.000 0.000
0.000 0.000 0.000 0.000 0.000
0.000 0.000 0.000 4.506 2.728
0.000 0.000 0.000 0.000 0.000
0.000 0.000 0.250 0.000 0.000
0.000 0.000 0.000 0.000 0.000
0.000 0.000 0.000 0.000 3.025
0.000 0.000 0.000 0.000 3.714
0.000 0.000 0.000 0.000 0.000
0.000 0.000 0.000 0.000 0.000
0.000 0.000 0.000 0.000 1.737
2.776 3.943 0.000 6.377 0.000
0.000 0.000 0.000 0.000 0.000
0.000 0.000 0.000 0.000 0.000
0.000 0.000 0.000 0.000 0.000
0.000 0.000 0.000 0.000 0.000
1.967 1.921 0.000 10.416 0.000
2.118 0.000 0.000 5.344 0.000
0.000 0.000 0.000 0.000 0.000
0.000 0.000 0.000 0.000 0.000
0.000 0.000 0.000 0.000 0.000
4.496 0.000 0.000 0.000 0.000
0.000 0.000 0.000 0.000 0.000
1.694 0.000 0.000 7.714 0.000
0.000 0.000 0.000 0.000 0.000
0.000 0.000 0.000 8.156 0.000
0.000 0.000 0.000 0.000 0.000
0.000 0.000 0.000 0.000 0.000
0.000 0.000 0.000 0.000 0.000
0.000 0.000 0.000 0.000 0.000
0.000 0.000 0.000 0.000 0.000
0.000 0.000 0.000 4.009 0.000
2.830 0.000 0.000 0.000 0.000
2.706 0.000 0.000 6.554 0.000
0.000 0.000 0.000 8.251 0.000
0.000 0.000 0.000 5.675 0.000
0.000 0.000 0.000 0.000 0.000
3.432 0.000 0.000 6.504 3.191
0.036 2.277 0.000 15.373 0.000
0.000 0.000 0.000 0.000 0.000
0.000 0.000 0.000 0.000 0.000
0.000 0.000 0.000 0.000 0.000
0.000 0.000 0.000 0.000 0.000
0.000 0.000 0.000 0.000 0.000
3.336 0.000 0.000 0.000 0.000
0.000 0.000 0.000 0.000 0.000
0.000 0.000 0.000 0.000 0.000
2.231 0.000 0.000 0.000 0.000
0.000 0.000 0.000 0.000 0.000
0.000 0.000 0.000 0.000 0.000
3.540 0.000 0.000 7.070 0.000
0.000 0.000 0.000 0.000 0.000
0.000 0.000 0.000 0.000 0.000
0.000 0.000 0.000 0.000 3.792
0.000 0.000 0.000 0.000 0.000
0.265 0.000 0.000 8.880 0.000
4.097 0.000 0.000 2.712 0.000
0.000 0.000 0.000 0.000 0.000
0.000 0.000 0.000 0.000 0.000
0.000 0.000 0.000 0.000 0.000
5.185 0.000 0.000 0.000 0.000
0.000 0.000 0.000 0.000 0.000
3.441 0.000 0.000 0.000 0.000
0.000 0.000 0.000 0.000 0.000
0.000 0.000 0.000 0.000 0.000
0.000 0.000 0.000 0.000 0.000
0.000 4.783 0.000 2.896 0.000
0.000 0.000 0.000 0.000 0.000
0.000 0.000 0.000 0.000 0.000
0.000 0.000 0.000 0.000 0.000
0.000 0.000 0.000 0.000 0.000
0.000 0.000 0.000 4.804 0.000
1.317 0.000 0.000 0.000 0.000
0.000 0.000 0.000 0.000 0.000
0.000 0.000 0.000 0.000 0.000
0.000 2.222 0.000 8.691 0.000
4.585 0.000 0.000 0.000 0.000
0.000 0.000 0.000 0.000 2.097
0.000 0.551 0.000 0.000 0.000
0.000 0.000 0.000 0.000 0.000
0.000 0.000 0.000 0.000 0.000
0.000 0.000 0.000 0.000 0.000
0.000 0.000 0.000 0.000 0.000
0.000 0.000 0.000 0.000 0.000
0.000 0.000 0.000 0.000 0.000
0.000 0.000 0.000 0.000 0.000
0.000 0.000 1.526 0.000 0.000
0.000 0.000 0.000 0.000 0.000
0.000 0.000 0.000 0.000 0.000
0.000 0.000 0.000 1.464 0.000
2.834 0.000 0.000 3.489 0.000
0.000 0.000 0.000 0.000 0.000
0.000 0.000 0.000 0.000 0.000
0.000 0.000 0.000 0.000 0.000
0.000 0.000 0.000 0.000 0.000
0.000 0.000 0.000 0.000 3.527
0.000 0.000 0.000 0.000 0.000
0.000 0.000 0.000 0.000 0.000
0.000 0.000 0.000 0.000 0.000
7.028 0.000 0.000 0.000 0.000
0.000 0.000 0.000 0.000 0.000
0.000 0.000 0.000 0.000 0.000
2.178 0.000 0.000 7.028 0.000
0.000 0.000 0.000 0.000 3.939
0.000 0.000 0.000 0.000 0.000
3.252 0.000 0.000 13.262 0.000
4.959 0.000 0.000 0.000 3.028
5.860 0.000 0.000 5.010 0.000
0.000 0.000 0.000 0.000 0.000
0.000 0.000 0.000 0.000 0.000
0.000 0.000 0.000 0.000 0.000
0.000 0.000 0.000 0.000 0.000
0.000 0.000 0.000 0.000 2.197
0.000 0.000 0.000 0.000 0.000
0.000 0.000 0.000 0.000 0.000
0.000 0.000 0.000 0.000 4.389
4.505 0.000 0.000 11.960 0.000
0.000 0.000 0.000 0.000 0.000
0.000 0.000 0.000 0.000 0.000
0.000 0.000 0.000 0.000 0.000
0.000 0.000 0.000 0.000 0.000
0.000 0.000 0.000 0.000 0.000
0.000 0.000 0.000 0.000 0.000
0.000 0.000 0.000 0.000 0.000
0.000 0.000 0.000 11.998 0.000
0.000 0.000 0.000 0.000 0.000
3.188 0.000 0.000 0.000 0.000
2.489 0.000 0.000 0.000 0.000
0.000 0.000 0.000 0.000 0.000
0.000 0.000 0.000 0.000 0.000
0.000 0.000 0.000 0.000 0.000
0.000 0.000 0.000 0.000 0.000
0.000 0.000 0.000 0.000 0.000
0.000 0.000 0.000 0.000 0.000
0.000 0.000 0.000 0.000 0.000
0.000 0.000 0.000 0.000 0.000
0.000 4.410 0.000 7.174 0.000
0.000 0.000 0.000 0.000 0.000
3.057 0.000 0.000 0.000 0.000
0.000 0.000 0.000 0.000 0.000
0.000 0.000 0.000 0.000 0.000
0.000 0.000 0.000 0.000 0.000
0.000 0.000 0.000 0.000 0.000
0.000 0.000 0.000 0.000 0.000
0.000 0.000 0.000 0.000 0.000
0.000 0.000 0.000 0.000 0.000
3.611 0.000 0.000 0.000 0.000
0.000 0.000 0.000 0.000 0.000
0.000 0.000 0.000 0.000 0.000
0.000 0.000 0.000 0.000 0.000
0.000 0.000 0.000 4.801 0.000
0.000 0.000 0.000 0.000 0.000
0.000 0.000 0.000 0.000 0.000
0.000 0.000 0.000 0.000 0.000
0.000 0.000 0.000 0.000 0.000
0.000 0.000 0.000 0.000 0.000
0.000 0.000 0.000 3.543 0.000
0.000 0.000 0.000 0.000 0.000
0.000 0.000 0.000 0.000 0.000
0.000 0.000 0.000 0.000 0.000
0.000 3.286 0.000 18.774 0.000
2.473 0.000 0.000 0.000 0.000
0.000 0.000 0.000 0.000 0.000
0.000 0.000 0.000 0.000 0.000
0.000 0.000 0.000 0.000 0.000
0.000 0.000 0.141 0.000 0.000
0.000 0.000 0.000 0.000 0.000
0.000 0.000 0.000 0.000 0.000
3.824 0.000 0.000 0.000 0.000
2.733 0.000 0.000 1.073 0.000
0.000 0.000 0.000 0.000 0.000
0.000 0.000 0.000 0.000 0.000
0.000 0.000 0.000 0.000 0.000
0.000 0.000 0.000 0.000 0.000
2.594 0.000 0.000 3.767 0.000
0.000 0.000 0.000 0.000 0.000
3.199 0.000 0.000 4.639 0.000
0.000 0.000 0.000 0.000 0.000
0.000 0.000 0.000 0.000 0.000
0.000 0.000 0.000 0.000 0.000
0.000 0.000 0.000 0.000 0.000
0.000 0.000 0.000 0.000 0.000
0.000 0.000 0.000 0.000 0.000
0.000 0.000 0.000 0.000 1.066
0.000 0.000 0.000 4.367 0.000
0.000 0.000 0.000 0.000 0.000
0.000 0.000 0.000 0.000 0.000
0.000 0.000 0.000 0.000 0.000
3.062 0.000 0.000 0.000 0.000
0.000 0.000 0.000 0.000 0.000
0.000 0.000 0.000 0.000 1.776
0.000 0.000 0.000 0.000 0.000
0.000 0.000 0.000 0.000 0.000
0.000 0.000 0.000 0.000 0.000
3.194 0.000 0.000 9.071 0.000
0.000 0.000 0.000 0.000 0.000
4.787 0.000 0.000 1.424 0.000
0.000 0.000 0.000 0.000 0.000
0.000 0.000 0.000 2.508 1.787
0.000 0.000 0.000 0.000 2.626
0.000 0.000 0.000 0.000 0.000
0.000 0.000 0.000 0.000 4.509
0.000 0.000 0.000 0.000 0.242
3.658 0.000 0.000 19.794 0.000
2.922 0.000 0.000 2.349 0.000
0.000 0.000 0.000 0.000 0.000
0.000 0.000 0.000 0.000 0.000
0.000 0.000 0.000 0.000 0.000
0.000 0.000 0.000 0.000 0.410
0.000 0.000 0.000 6.211 0.000
0.000 0.000 0.000 0.000 3.214
0.000 0.000 0.000 0.000 0.000
0.000 0.000 0.000 0.000 0.000
0.000 0.000 0.000 0.000 0.000
0.000 0.000 0.000 0.000 0.000
0.000 0.000 0.000 0.000 0.000
3.680 0.000 0.000 6.033 0.000
0.000 0.000 0.000 2.338 0.000
0.000 0.000 0.000 0.000 2.082
0.000 0.000 0.000 0.000 0.000
0.000 0.000 0.000 0.000 0.000
0.000 0.000 0.000 0.000 0.000
0.000 0.000 0.000 0.000 0.000
0.000 0.000 0.000 0.000 0.000
0.000 0.000 0.000 0.000 0.000
0.000 0.000 0.000 3.113 0.000
0.000 0.000 0.000 0.000 0.000
0.000 0.000 0.000 0.000 0.000
0.000 0.000 0.000 0.000 0.000
0.695 0.000 0.000 0.000 0.000
0.000 0.000 0.000 0.000 0.000
0.000 0.000 0.000 0.000 0.000
0.418 0.000 0.000 0.000 0.000
0.000 4.377 0.000 0.000 0.000
2.941 0.000 0.000 0.000 0.000
0.000 0.000 0.000 0.000 0.000
0.000 0.000 0.000 0.000 0.000
0.000 0.000 0.000 0.000 0.000
1.279 0.000 0.000 4.561 0.000
0.000 0.000 0.000 0.000 0.000
0.000 0.000 0.000 0.000 0.000
0.000 0.000 0.000 0.000 0.000
0.000 0.000 0.000 0.000 0.000
0.000 0.000 0.000 0.000 0.000
0.000 0.000 0.000 0.000 0.000
0.000 0.000 0.000 0.000 0.000
0.000 0.000 0.000 0.000 0.000
0.000 0.000 0.000 0.000 0.000
0.000 0.000 0.000 0.000 0.000
0.000 0.000 0.000 10.900 0.000
0.000 0.000 0.000 0.000 0.000
0.000 4.410 0.000 10.530 0.000
0.000 0.000 0.000 0.000 0.000
1.989 0.000 0.000 4.669 0.000
0.000 0.000 0.000 0.000 0.000
0.000 0.000 0.000 0.000 0.000
0.000 0.000 0.000 0.000 0.000
0.000 0.000 0.000 0.000 0.000
0.000 0.000 0.000 0.000 0.000
0.000 0.000 0.000 0.000 0.000
0.000 0.000 0.000 0.000 0.000
3.059 0.000 0.000 9.933 0.000
0.000 0.000 0.000 0.000 4.233
0.000 0.000 0.000 0.000 0.000
0.000 0.000 0.000 3.348 0.000
0.000 0.000 0.000 0.120 0.000
4.418 5.077 0.000 4.057 0.000
0.000 0.000 0.000 0.000 0.000
0.000 0.000 0.000 3.668 0.000
0.000 0.000 0.000 0.000 1.220
0.000 0.000 0.000 0.000 0.000
5.429 0.000 0.000 5.269 0.000
0.000 0.000 0.000 0.000 0.000
0.000 0.000 0.000 0.000 0.000
0.000 0.000 0.000 0.000 0.000
0.000 0.000 0.000 6.561 0.000
0.000 0.000 0.000 0.000 0.000
0.000 0.000 0.000 0.000 0.000
0.000 0.000 0.000 0.000 0.000
0.000 0.000 0.000 0.533 0.000
0.000 0.000 0.000 0.000 0.000
0.000 0.000 0.000 0.000 0.000
0.000 0.000 0.000 0.000 0.000
0.000 0.000 0.000 0.000 5.973
0.000 0.000 0.000 0.000 0.000
0.000 0.000 0.000 0.000 0.437
1.990 0.000 0.000 8.514 0.000
5.377 5.455 0.000 3.612 2.892
0.000 0.000 0.000 0.000 0.000
3.117 0.000 0.000 5.579 0.000
0.000 0.000 0.000 0.000 0.000
0.000 0.000 0.000 0.000 2.510
0.000 2.177 0.000 1.816 0.000
0.000 0.000 0.000 0.000 0.000
0.000 0.000 0.000 0.000 0.000
0.000 0.000 0.000 0.000 0.000
0.000 0.000 0.000 0.000 6.702
0.000 0.000 0.000 0.000 0.000
3.414 0.000 0.000 3.272 0.000
1.669 0.000 0.000 0.000 0.000
0.000 0.000 0.000 0.000 0.000
0.000 0.000 0.000 0.000 0.000
0.000 0.000 0.000 0.000 0.000
0.000 0.000 0.000 0.000 0.000
0.000 0.000 0.000 0.000 0.000
0.000 0.000 0.000 0.000 0.000
0.000 0.000 0.000 0.000 0.000
0.000 0.000 0.000 0.000 3.806
0.000 0.000 0.000 0.000 0.000
0.000 0.000 0.000 0.000 0.000
0.000 0.000 0.000 0.000 0.000
0.000 0.000 0.000 0.000 0.000
0.000 0.000 0.000 0.000 0.000
0.000 0.000 0.000 0.000 3.527
0.000 0.000 0.000 0.000 0.000
3.927 0.000 0.000 0.506 0.000
0.000 0.000 0.000 0.000 0.000
0.000 0.000 0.000 13.618 0.000
0.000 0.000 0.000 0.000 0.000
0.000 0.000 0.000 0.000 3.214
0.000 0.000 0.000 0.000 0.000
0.000 0.000 0.000 0.000 0.000
0.000 0.000 0.000 0.000 0.000
5.367 0.000 0.000 4.392 0.000
0.000 0.000 0.000 0.000 0.000
0.000 0.000 0.000 0.000 0.000
0.000 0.000 0.000 0.000 0.000
0.000 0.000 0.000 0.000 0.000
0.000 0.000 0.000 0.000 0.000
0.000 0.000 0.000 0.000 0.000
0.000 0.000 0.000 0.000 0.000
0.000 0.000 0.000 0.000 0.000
0.000 0.000 0.000 3.044 0.000
0.000 0.000 0.000 0.000 0.000
0.000 0.000 0.000 0.000 0.000
0.000 0.000 0.000 0.000 0.000
0.000 0.000 0.000 0.000 0.000
0.000 0.000 0.000 0.000 0.000
0.000 0.000 0.000 3.133 0.000
0.000 0.000 0.000 1.684 0.000
0.000 0.000 0.000 0.000 0.000
0.000 0.000 0.000 0.000 0.000
0.000 0.000 0.000 0.000 0.000
0.035 3.342 0.000 11.511 0.000
0.000 0.000 0.000 0.000 0.000
0.000 0.000 0.000 3.650 0.000
0.000 0.000 0.000 0.000 0.000
0.000 0.000 0.000 0.000 0.000
0.000 0.000 0.000 0.000 0.000
3.666 0.000 0.000 3.876 0.000
0.266 0.000 0.000 2.364 0.000
0.000 0.000 0.000 0.000 0.000
0.000 0.000 0.000 0.000 0.000
1.642 0.000 0.000 15.090 0.000
0.000 0.000 0.000 3.128 0.000
0.000 0.000 0.000 0.000 0.000
0.000 0.000 3.627 0.000 0.000
0.000 0.000 0.000 0.000 0.567
0.000 0.000 0.000 0.000 0.000
0.000 0.000 0.000 0.000 0.000
0.000 0.000 0.000 0.000 0.000
0.000 0.000 0.000 0.000 0.000
0.000 0.000 0.000 0.000 0.000
0.000 0.000 0.000 0.000 0.000
2.538 1.575 0.000 9.089 0.000
0.000 0.000 0.000 0.000 0.000
0.000 0.000 0.000 0.000 0.000
0.000 0.000 0.000 0.000 0.000
0.000 0.000 0.000 0.000 0.000
0.000 0.000 0.000 1.571 0.000
0.791 0.000 0.000 9.066 0.000
0.000 0.000 0.000 0.000 0.000
0.000 0.000 0.000 0.000 0.000
3.446 1.551 0.000 5.140 6.142
0.000 0.000 0.000 4.751 3.711
0.000 0.000 0.000 0.000 0.000
1.563 0.000 0.000 3.019 0.000
0.000 0.000 0.000 0.000 0.000
1.953 0.000 0.000 2.917 0.000
0.000 0.000 0.000 0.000 0.000
0.000 0.000 0.000 0.000 0.000
0.000 0.000 0.000 0.000 0.000
0.000 0.000 0.000 0.000 0.000
0.000 0.000 0.000 0.000 0.000
0.000 0.000 0.000 1.249 0.000
3.367 0.000 0.000 0.000 0.000
0.000 0.972 0.000 0.973 0.000
0.000 0.000 0.000 0.000 0.000
0.000 0.000 0.000 0.000 0.000
3.371 0.000 0.000 0.000 0.000
2.977 0.000 0.000 4.347 0.000
3.506 0.000 0.000 6.050 0.000
0.000 0.000 0.000 0.000 0.000
0.000 0.000 0.000 0.000 0.000
0.000 0.000 0.000 0.523 0.000
0.000 0.000 0.000 0.000 0.000
3.446 0.000 0.000 2.525 0.000
0.000 0.000 0.000 0.000 0.000
0.000 0.000 0.000 0.000 0.000
2.168 0.000 0.000 6.946 0.000
0.000 0.000 0.000 0.000 0.000
0.000 0.000 0.000 0.000 0.000
0.000 0.000 0.000 0.000 0.000
0.000 0.000 0.000 0.000 0.000
0.000 0.000 0.000 0.000 0.000
0.000 0.000 0.000 0.000 0.000
0.000 0.000 0.000 0.000 0.000
0.000 0.000 0.000 0.000 3.214
1.998 0.000 0.000 9.614 0.000
0.000 0.000 0.000 0.000 0.000
0.000 0.000 0.000 0.000 0.000
0.000 0.000 0.000 0.000 0.000
0.000 0.000 0.000 0.000 0.000
3.720 0.000 0.000 6.818 0.000
1.359 0.000 0.000 4.683 0.000
0.409 0.000 0.000 4.338 2.152
3.658 0.000 0.000 6.036 0.000
0.000 0.000 0.000 0.000 0.000
0.000 0.000 0.000 0.000 0.000
0.000 0.000 0.000 0.000 2.526
0.000 0.000 0.000 0.000 0.000
0.000 0.000 0.000 0.000 0.000
0.000 0.000 0.000 0.000 0.000
0.000 0.000 0.000 0.000 0.000
0.000 0.000 0.000 0.955 0.000
0.000 0.000 0.000 0.000 0.000
0.000 11.455 0.000 16.560 0.000
0.000 0.000 3.756 0.000 0.000
1.935 0.000 0.000 6.436 0.000
1.520 0.000 0.000 8.019 0.000
0.071 0.000 0.000 5.613 0.000
0.000 0.000 0.000 4.418 0.000
0.000 0.000 0.000 0.000 0.793
0.930 1.464 0.000 4.813 0.000
0.000 0.000 0.000 0.000 0.000
0.000 0.000 0.000 0.000 0.000
0.000 0.000 0.000 0.000 0.000
0.000 0.000 0.000 0.000 0.000
0.000 0.000 0.000 0.000 0.000
3.979 3.501 0.000 2.472 0.000
0.916 0.000 2.415 2.693 0.000
0.000 0.000 0.000 0.000 4.377
0.000 0.000 0.000 1.982 0.000
0.000 0.000 0.000 0.000 0.000
0.000 0.000 0.000 0.000 0.000
0.000 0.000 0.000 0.000 0.000
0.000 0.000 0.000 0.000 0.000
4.986 0.000 0.000 5.718 0.000
0.000 0.000 0.000 8.388 0.000
0.820 0.000 0.000 4.215 0.000
0.000 2.990 0.000 9.720 0.000
1.763 0.000 0.000 5.402 0.000
0.000 0.000 0.000 0.000 0.000
0.000 0.000 0.000 0.000 0.000
0.000 0.000 0.000 0.000 0.000
0.000 0.000 0.000 0.000 0.000
0.593 4.197 0.000 10.415 0.000
0.000 0.000 0.000 0.000 0.000
1.462 0.000 0.000 0.000 0.000
0.000 0.000 0.000 0.000 0.000
0.000 0.000 0.000 0.000 0.000
0.000 0.000 0.000 1.789 0.000
0.000 0.000 0.000 0.000 0.000
0.000 0.000 0.000 0.000 0.000
0.000 0.000 0.000 0.000 0.000
0.000 0.000 0.000 0.000 0.000
0.000 0.000 0.000 0.000 0.000
0.000 0.000 0.000 0.000 0.000
0.000 0.000 0.000 0.000 0.000
3.877 3.349 0.000 14.868 0.000
0.000 0.000 0.000 0.000 0.000
0.000 0.000 0.000 0.000 0.000
1.198 0.000 0.000 3.403 0.000
0.081 0.000 0.000 0.000 0.000
0.000 0.000 0.000 0.000 0.000
0.875 0.000 0.000 0.000 0.000
0.000 0.000 0.000 0.000 0.000
4.358 0.000 0.000 7.587 0.000
0.000 0.000 0.000 9.400 0.000
2.174 0.000 0.000 3.062 0.000
0.000 0.000 0.000 0.000 0.000
0.000 0.000 0.000 0.000 0.000
0.000 0.000 0.000 0.000 0.000
0.000 0.000 2.960 0.000 4.438
0.000 0.000 0.000 1.787 0.000
0.000 0.000 0.000 10.452 0.000
0.000 0.000 0.000 0.000 0.000
0.000 0.000 0.000 0.000 0.000
0.000 0.000 0.000 0.000 6.038
6.487 0.000 0.000 6.547 0.000
0.000 0.000 0.000 0.000 0.000
0.000 0.000 0.000 2.418 0.000
0.000 0.000 0.000 0.000 0.000
0.000 0.000 0.000 0.000 3.461
0.000 0.000 0.000 0.000 3.653
4.124 0.000 0.000 8.628 0.000
0.000 0.000 0.000 2.305 0.000
0.000 0.000 0.000 0.000 0.000
1.678 0.000 0.000 5.963 0.000
2.088 0.000 0.000 2.957 0.000
0.000 0.000 0.000 0.000 3.144
0.000 0.000 0.000 0.000 0.000
0.000 0.000 0.000 0.000 0.000
0.000 0.000 0.000 1.086 0.000
0.000 0.000 0.000 0.000 0.000
0.000 0.000 0.000 23.398 0.000
1.054 0.000 0.000 8.829 0.000
0.000 0.000 0.000 0.000 0.000
0.000 0.000 0.000 2.267 0.000
0.000 0.000 0.000 0.000 0.000
0.000 0.000 0.000 0.000 0.000
1.401 0.000 0.000 1.221 0.000
5.351 0.000 0.000 3.563 0.000
0.000 0.000 0.000 0.311 0.000
6.232 0.000 0.000 8.101 0.000
0.000 0.000 0.000 0.000 0.000
6.065 0.000 0.000 6.199 0.000
5.362 0.000 0.000 7.487 0.000
0.000 0.000 0.000 0.000 3.341
0.000 0.000 0.000 8.295 0.000
2.590 1.972 0.000 6.788 0.000
0.000 0.000 0.000 0.000 0.000
0.000 0.000 0.000 0.000 0.000
0.000 0.000 0.000 0.000 0.000
0.000 0.000 0.000 2.940 0.598
0.000 0.000 0.000 3.002 0.000
0.000 0.000 0.000 3.364 3.749
2.039 4.209 0.000 14.063 0.000
0.000 6.558 0.000 14.555 0.000
0.782 0.000 0.000 0.000 0.000
0.000 0.000 0.000 0.000 0.000
0.000 0.000 0.000 0.000 0.000
0.000 0.000 0.000 0.000 0.000
0.000 0.000 0.000 0.000 0.000
0.000 0.000 0.000 0.000 0.000
0.000 0.000 0.000 0.000 3.445
0.000 0.000 0.000 0.000 0.000
0.000 0.000 0.000 0.000 0.000
0.000 0.000 0.000 0.000 0.000
0.000 0.000 0.000 0.000 0.000
0.000 0.000 0.000 0.000 0.000
0.000 0.000 0.000 0.000 0.000
0.000 0.000 0.000 0.000 0.000
3.008 0.000 0.000 0.000 0.000
0.000 0.000 0.000 0.000 0.000
0.000 0.000 0.000 0.000 0.000
3.481 0.000 0.000 0.000 0.000
0.000 0.000 0.000 0.000 0.000
0.000 0.000 0.000 0.000 0.000
2.029 0.000 0.000 9.910 0.000
0.000 0.000 0.000 0.000 0.000
0.000 0.000 0.000 0.000 0.000
0.000 0.000 0.000 0.000 0.000
0.000 0.000 0.000 0.000 0.000
3.774 0.000 0.000 9.194 0.000
0.000 0.000 0.000 1.008 0.000
0.000 0.000 0.000 0.000 0.000
0.782 1.320 0.000 4.620 0.000
3.516 0.000 0.000 0.000 0.000
0.000 0.000 0.000 0.000 0.000
0.000 0.000 0.000 0.000 0.000
6.626 0.000 0.000 14.675 0.000
0.000 0.000 0.000 0.000 0.000
0.000 0.000 0.000 0.000 0.000
3.213 0.000 0.000 0.000 0.000
0.000 0.000 0.000 0.000 0.000
0.000 0.000 0.000 0.000 0.000
0.000 0.000 0.000 0.000 0.000
0.000 0.000 0.000 0.000 1.419
0.000 0.000 0.000 0.000 0.000
0.000 0.000 0.000 0.000 0.000
0.000 0.000 0.000 0.000 0.000
0.000 0.000 0.000 0.000 0.000
1.210 0.000 0.000 3.198 0.000
0.000 0.000 0.000 0.000 0.000
0.000 0.000 0.000 0.000 0.000
2.504 0.000 0.000 6.419 0.000
0.000 0.000 0.000 0.000 0.000
0.000 1.728 3.956 0.000 0.000
0.000 0.000 0.000 0.000 0.000
0.000 0.000 0.000 0.000 0.000
5.214 0.000 0.000 3.420 0.000
0.000 0.000 0.000 0.000 0.000
5.369 0.000 0.000 3.778 0.000
0.000 0.000 0.000 0.000 0.000
0.000 0.000 0.000 0.000 4.650
3.131 0.000 0.000 11.476 0.000
0.000 0.000 0.000 0.000 0.000
0.000 0.000 0.000 0.000 0.000
0.000 0.000 0.000 0.000 0.000
0.000 0.000 0.000 0.000 0.000
2.412 5.101 0.000 22.583 0.000
0.000 0.000 0.000 0.000 0.000
0.000 0.000 0.000 2.860 0.000
2.687 0.000 0.000 6.409 0.000
0.000 0.000 0.000 0.000 0.000
0.000 0.000 0.000 0.000 0.000
0.000 0.000 0.000 0.000 0.000
0.000 0.000 0.000 0.000 0.000
0.000 0.000 0.000 0.000 0.000
0.000 0.000 0.000 0.000 0.000
7.022 0.000 0.000 0.230 0.000
4.143 0.000 0.000 0.000 0.000
0.000 0.000 0.000 0.000 0.000
0.000 0.000 0.000 0.000 0.000
0.000 0.000 0.000 8.335 0.000
0.000 0.000 0.000 0.000 5.788
5.694 0.000 0.000 3.458 0.000
0.000 0.000 0.000 0.000 0.000
0.000 0.000 0.000 0.000 0.000
3.790 5.239 0.000 7.118 0.000
0.000 0.000 0.000 0.000 0.000
0.802 0.000 0.000 20.870 0.000
3.829 0.000 0.000 6.724 0.000
0.000 0.000 0.000 8.221 0.000
0.000 0.000 0.000 0.000 0.000
0.000 0.000 0.000 0.000 0.000
0.000 3.595 0.000 43.231 0.000
1.030 0.000 0.000 4.284 0.000
3.171 0.000 0.000 3.106 0.000
0.000 0.000 0.000 0.000 0.000
4.454 0.000 0.000 2.956 0.000
0.000 0.000 0.000 0.000 0.000
0.000 0.000 0.000 0.000 0.000
0.000 0.000 0.000 2.995 0.000
0.000 0.000 0.000 0.000 0.000
0.000 0.000 0.000 0.000 0.000
0.000 0.000 0.000 0.000 2.646
0.000 0.000 0.000 0.000 0.000
3.177 0.000 0.000 6.402 0.000
0.000 2.147 0.000 5.180 0.000
0.000 0.000 0.000 0.000 0.000
0.000 0.000 0.000 0.000 0.000
2.866 0.000 0.000 1.887 0.000
0.000 0.000 0.000 4.271 0.000
3.994 0.000 0.000 0.555 0.000
0.000 0.000 0.000 0.000 0.000
0.000 0.000 0.000 0.000 0.000
4.296 3.349 0.000 19.065 0.000
0.000 0.000 0.000 0.000 4.044
0.000 0.000 0.000 0.000 0.000
0.000 0.000 0.000 0.000 0.000
0.000 0.000 0.000 0.000 0.000
0.000 0.000 0.000 0.000 0.000
0.000 9.012 0.000 10.584 0.000
2.403 0.000 0.000 6.577 0.000
0.000 0.000 0.000 0.000 0.000
1.458 0.000 0.000 3.467 0.000
0.000 0.000 0.000 0.000 0.000
0.000 0.000 0.000 0.000 0.000
1.201 0.000 0.000 6.795 0.000
3.784 0.000 0.000 6.942 0.000
2.709 0.000 0.000 2.853 0.000
0.000 7.413 0.000 9.560 0.000
0.000 0.000 0.000 0.000 0.000
1.161 0.000 0.000 0.000 0.000
0.000 0.000 0.000 0.000 0.000
0.000 0.000 0.000 0.000 0.000
0.000 0.000 0.000 0.000 0.000
0.000 0.000 0.000 0.000 0.000
0.000 0.000 0.000 0.000 0.000
0.000 0.000 0.000 0.000 0.000
4.394 0.000 0.000 4.021 0.000
0.000 0.000 0.000 0.000 0.000
0.000 0.000 2.301 0.000 0.000
0.000 0.000 0.000 0.000 0.000
1.689 0.000 0.000 4.403 0.000
0.000 0.000 0.000 0.000 0.000
0.000 0.000 0.000 0.000 0.000
0.000 0.000 0.000 0.000 0.000
0.000 0.000 0.000 0.000 0.000
0.000 0.000 0.000 0.000 0.000
2.326 3.501 0.000 3.220 0.000
0.000 0.000 2.621 0.000 0.000
0.000 0.000 0.000 0.000 0.000
0.000 0.000 0.000 2.284 0.000
0.000 0.000 0.000 0.000 0.000
0.000 3.938 0.000 11.435 0.000
0.000 0.000 0.000 0.739 0.000
0.000 0.000 0.000 0.000 0.000
0.000 0.000 0.000 0.000 2.642
0.000 0.000 0.000 0.000 0.000
0.000 0.000 0.000 0.000 0.000
0.000 0.000 0.000 0.000 0.000
0.000 0.000 0.000 3.473 0.000
0.000 0.000 0.000 4.703 0.000
0.000 0.000 0.000 0.000 0.000
0.000 0.000 0.000 10.067 0.000
0.000 0.000 0.000 0.000 0.000
0.000 0.000 0.000 0.000 0.000
0.000 0.000 0.000 5.374 0.000
1.344 0.000 0.000 3.023 0.000
0.000 0.000 0.000 0.000 0.000
0.000 0.000 0.000 0.000 0.000
0.000 0.000 0.000 0.000 0.000
0.000 0.000 0.000 0.000 2.419
0.000 0.000 0.000 0.000 0.000
4.516 1.434 0.000 5.967 0.000
0.000 0.000 0.000 0.000 0.000
0.000 0.000 0.000 0.000 0.000
0.000 0.000 0.000 0.000 0.000
0.000 0.000 0.000 0.000 0.000
0.000 0.000 0.000 0.000 0.000
0.000 0.000 0.000 5.464 0.000
0.000 0.000 0.000 0.000 0.000
0.000 0.000 1.390 0.000 0.000
1.443 0.000 0.000 3.209 0.000
3.413 3.036 0.000 3.610 0.000
0.000 0.000 0.000 0.000 0.000
0.000 2.942 3.929 0.000 0.000
0.000 0.000 0.000 0.000 0.000
0.000 0.000 0.000 0.000 0.000
0.000 0.000 0.000 0.000 0.000
0.000 0.000 0.000 0.000 0.000
0.000 0.000 0.000 0.000 0.000
0.000 0.000 0.000 0.000 0.000
0.000 0.000 0.000 0.000 0.000
0.000 0.000 0.000 3.009 0.000
0.038 0.000 0.000 0.000 0.000
0.000 0.000 0.000 0.000 0.000
0.000 0.000 0.000 0.000 0.000
0.000 0.000 0.000 0.000 0.000
0.000 0.000 0.000 0.000 0.000
1.318 0.000 0.000 1.852 3.288
0.000 0.000 0.000 2.813 0.000
3.619 0.000 0.000 0.041 0.000
0.257 0.000 0.000 0.000 0.000
2.861 0.000 0.000 6.577 0.000
0.000 0.000 0.000 0.000 0.000
0.000 0.000 0.000 0.000 0.000
0.000 0.000 0.000 0.000 0.000
0.000 0.000 0.000 3.767 0.000
1.908 0.000 0.000 5.989 0.000
0.000 0.000 0.000 0.000 0.642
0.000 0.000 0.000 0.000 0.000
0.000 0.000 0.000 0.000 0.000
0.000 0.000 0.000 0.000 0.000
0.000 0.000 0.000 0.381 0.000
0.000 0.000 0.000 0.000 1.293
0.000 0.000 0.000 2.668 0.000
0.000 0.000 0.000 5.495 0.000
0.000 0.000 0.000 0.000 0.000
0.000 0.000 0.000 0.000 0.000
0.000 0.000 0.000 0.000 0.000
0.000 0.000 0.000 0.000 0.000
0.000 0.000 0.000 0.000 0.000
0.000 0.000 0.000 0.000 3.814
0.000 0.000 0.000 0.000 0.000
0.000 0.000 0.000 0.000 0.000
0.000 0.000 0.000 0.000 0.000
3.330 0.000 0.000 4.855 0.000
0.000 0.000 0.000 0.000 0.000
2.044 0.000 0.000 4.934 0.000
4.632 0.000 0.000 12.121 0.000
0.000 0.000 0.000 0.000 0.000
0.000 0.000 0.000 3.964 0.000
6.008 0.000 0.000 3.001 0.000
0.000 0.000 0.000 0.000 0.000
0.000 0.000 0.000 0.000 0.000
0.000 0.000 0.000 0.000 0.000
0.000 0.000 0.000 0.000 1.853
0.000 0.000 0.000 0.000 3.504
0.000 0.000 0.000 0.000 0.000
0.000 0.000 0.000 0.000 0.000
0.000 0.000 0.000 0.000 0.000
0.000 0.000 0.000 0.000 0.000
0.000 0.000 0.000 3.352 2.992
0.000 0.000 0.000 0.000 0.000
0.000 0.000 0.000 0.000 0.000
0.000 0.000 0.000 0.000 0.000
0.000 0.000 0.000 12.945 0.000
0.000 0.000 0.000 0.000 0.118
0.000 0.000 0.000 0.000 0.000
0.000 0.000 0.000 0.000 0.000
0.000 0.000 0.000 0.000 0.000
3.004 0.000 0.000 1.108 0.000
0.000 0.000 0.000 0.000 0.000
0.000 0.000 0.000 0.000 0.000
0.000 0.000 0.000 0.000 0.000
0.000 0.000 0.000 0.000 0.000
0.000 0.000 0.000 0.000 0.000
0.000 0.000 0.000 0.000 0.000
0.000 0.000 0.000 0.000 0.000
0.000 0.000 0.000 0.000 0.000
0.000 0.000 0.000 0.000 0.000
0.000 0.000 0.000 0.000 0.000
4.009 0.000 0.000 0.000 1.502
0.000 0.000 0.000 0.000 0.000
1.052 0.000 0.000 7.900 0.000
0.000 0.000 0.000 0.000 0.000
0.918 0.000 0.000 1.437 0.000
0.000 0.000 0.000 0.000 0.000
0.000 2.597 0.000 0.000 0.000
2.224 3.751 0.000 3.359 0.000
0.000 0.000 0.000 0.000 0.000
0.000 0.000 0.000 0.000 0.000
0.000 0.000 0.000 0.000 0.000
0.000 0.000 0.000 0.000 0.000
0.000 0.000 0.000 0.000 0.000
0.000 0.000 0.000 0.000 0.000
0.000 0.000 0.000 0.000 3.320
1.134 2.380 0.000 12.495 0.000
0.000 0.000 0.000 0.000 0.000
3.741 0.000 0.000 9.065 0.000
0.000 2.946 0.000 7.660 0.000
1.919 0.000 0.000 10.711 0.000
0.000 0.000 0.000 0.000 0.000
0.000 0.000 0.000 0.000 0.000
0.000 0.000 0.000 0.000 0.000
0.000 0.000 0.000 3.530 0.000
0.808 0.000 0.000 0.000 0.000
0.203 0.000 0.000 2.256 0.000
0.000 0.000 0.000 0.000 0.000
0.000 0.000 0.000 0.000 0.000
0.000 0.000 0.000 0.000 0.000
4.013 2.436 0.000 7.922 0.000
0.000 0.000 0.000 0.000 0.000
0.000 0.000 0.000 0.268 0.000
0.000 0.000 0.000 0.000 0.000
0.000 0.000 0.000 0.000 3.493
0.000 0.000 0.000 0.000 0.000
0.000 0.000 0.000 0.000 0.000
0.000 0.000 0.000 0.000 0.000
0.000 0.000 0.000 5.622 0.000
0.000 0.000 0.000 0.000 0.000
0.000 0.000 0.000 0.000 0.000
4.297 0.000 0.000 5.713 3.573
0.000 0.000 0.000 5.330 2.756
0.000 0.000 0.000 0.000 0.000
0.000 0.000 0.000 0.000 0.000
0.000 0.000 0.000 2.606 0.000
0.000 0.000 0.000 0.000 0.000
0.000 0.000 0.000 0.000 0.000
1.034 0.000 0.000 3.429 0.000
0.000 0.000 0.000 0.000 0.000
0.000 0.000 0.000 0.000 3.018
0.000 0.000 0.000 0.000 0.000
0.000 0.000 0.000 0.000 0.000
0.000 0.000 0.000 0.000 0.000
0.000 0.000 0.000 0.000 0.000
0.000 0.000 0.000 0.000 0.000
0.000 0.000 0.000 0.000 0.000
0.000 0.000 0.000 0.000 0.000
0.000 0.000 0.000 0.000 0.000
3.003 0.000 0.000 6.608 0.000
0.000 0.000 0.000 0.000 0.000
1.795 2.384 0.000 9.136 0.000
0.000 0.000 0.000 0.000 0.000
0.000 0.000 0.000 0.000 0.000
3.633 0.000 0.000 3.729 0.000
0.000 0.000 0.000 0.000 0.000
0.000 0.000 0.000 2.163 0.000
2.982 0.000 0.000 8.288 0.000
4.275 0.000 0.000 5.973 0.000
5.240 3.143 0.000 10.804 0.000
0.000 0.000 0.000 0.000 0.000
0.000 0.000 0.000 0.000 0.000
0.000 0.000 0.000 0.000 0.000
0.000 0.000 0.000 0.000 0.000
0.000 0.000 0.000 6.320 0.000
0.000 0.000 0.000 0.000 0.000
0.000 0.000 0.000 0.000 0.000
0.000 2.240 0.000 12.557 0.000
0.000 0.000 0.000 0.000 0.000
4.712 0.000 0.000 5.568 0.000
0.000 0.000 0.000 0.000 0.000
0.000 0.000 0.000 2.002 0.000
1.574 0.000 0.000 19.824 0.000
0.503 0.000 0.000 4.689 0.000
0.000 0.000 0.000 0.000 0.000
5.321 0.000 0.000 4.676 0.000
2.034 0.000 0.000 1.116 0.000
0.000 0.000 0.000 0.000 0.000
1.600 0.000 0.000 0.147 0.000
0.000 0.000 0.000 0.000 0.000
0.000 0.000 0.000 0.000 0.000
0.000 0.000 0.000 0.000 0.000
0.000 0.000 0.000 0.000 1.086
0.000 0.000 0.000 0.000 0.000
0.000 0.000 0.000 0.000 0.000
0.000 0.000 0.000 0.000 0.000
0.000 0.000 0.000 0.000 2.784
3.052 0.000 0.000 3.778 0.000
2.885 0.000 0.000 0.000 1.833
0.000 0.000 0.000 0.000 0.000
0.000 0.000 0.000 0.000 0.000
0.000 0.000 0.000 3.814 0.000
0.000 4.362 0.000 4.380 0.000
0.000 0.000 0.000 0.000 0.000
0.000 0.000 0.000 0.000 4.559
0.000 0.000 0.000 0.000 0.000
0.000 0.000 0.000 0.000 0.000
2.015 0.000 0.000 10.884 0.000
0.000 0.000 0.000 0.000 3.541
0.000 0.000 0.000 0.000 4.079
1.234 0.000 0.000 0.000 0.000
0.000 0.000 0.000 0.000 0.000
1.046 2.905 0.000 4.655 0.000
0.000 0.000 0.000 0.000 3.332
0.000 0.000 0.000 3.009 0.000
0.000 0.000 0.000 0.000 0.000
0.000 9.086 0.000 12.410 0.000
4.178 0.000 0.000 5.533 0.000
2.305 1.532 0.000 14.426 0.000
0.000 0.000 0.000 0.000 0.000
0.000 0.000 0.000 0.000 0.000
0.000 0.000 0.000 0.000 0.000
0.000 0.000 0.000 0.000 3.560
0.000 0.000 0.000 0.000 0.000
0.418 0.000 0.000 12.714 0.000
0.000 0.000 0.000 0.000 4.595
0.000 0.000 0.000 0.000 0.000
0.000 0.000 0.000 0.834 0.000
0.000 0.000 0.000 3.943 0.000
0.681 0.000 0.000 0.000 0.000
0.000 0.000 0.000 0.000 0.000
0.475 0.000 0.000 2.863 0.000
1.550 0.000 0.000 7.159 0.000
0.000 0.000 0.000 0.000 0.000
0.000 0.000 0.000 0.000 0.000
0.000 3.099 0.000 7.944 0.000
0.000 0.000 0.000 0.000 0.000
0.000 0.000 0.000 0.000 0.000
0.000 0.000 0.000 0.000 0.000
0.000 0.000 0.000 0.000 0.000
0.000 0.000 3.662 0.000 0.000
0.000 0.000 0.000 0.000 0.000
0.000 0.000 0.000 0.000 0.000
0.000 0.000 0.000 0.000 0.000
0.000 0.000 0.000 0.000 0.000
0.000 0.000 0.000 0.000 0.000
0.000 0.000 0.000 0.000 0.000
0.000 0.000 0.000 0.000 0.000
0.000 0.000 0.000 0.000 0.670
3.536 0.000 0.000 3.721 3.476
1.533 0.000 0.000 3.299 0.000
0.000 0.000 0.000 0.000 0.000
0.000 0.000 0.000 0.000 0.000
0.000 0.000 0.000 0.000 0.000
0.000 0.000 0.000 0.000 0.000
0.000 0.000 0.000 0.000 2.426
3.534 0.000 0.000 0.000 0.000
1.667 0.000 0.000 1.333 0.000
0.000 0.000 0.000 0.000 0.000
0.000 0.000 0.000 0.000 0.000
0.000 0.000 0.000 0.000 0.000
5.198 0.000 0.000 2.443 0.000
1.268 0.000 0.000 5.806 0.000
0.000 0.000 0.000 4.148 0.000
0.000 0.000 0.000 0.000 0.000
2.787 0.000 0.000 0.000 0.000
0.000 0.000 0.000 0.000 6.251
0.000 0.000 0.000 0.000 0.000
3.363 0.000 0.000 8.488 0.000
0.000 0.000 0.000 0.000 0.000
0.000 0.000 0.000 0.000 0.000
0.000 0.000 0.000 0.000 7.270
0.000 0.000 0.000 0.000 0.000
0.000 0.000 0.000 0.000 5.284
2.774 0.000 0.000 3.181 0.000
0.000 0.000 0.000 0.000 0.000
0.000 0.000 0.000 0.000 0.000
0.000 0.000 0.000 0.000 0.000
0.000 0.000 0.000 0.000 0.000
2.447 0.000 0.000 0.000 0.000
2.785 0.000 0.000 0.000 0.000
0.000 0.000 0.000 0.000 0.000
0.000 0.000 0.000 0.000 0.000
2.206 4.052 0.000 9.996 0.000
0.000 0.000 0.000 0.000 0.000
0.000 0.000 0.000 0.000 0.000
0.000 0.000 0.000 0.000 0.000
0.000 0.000 0.000 0.000 0.000
0.000 0.000 0.000 0.000 0.000
0.000 0.000 0.000 0.000 0.000
0.000 0.000 0.000 0.000 0.000
0.000 0.000 0.000 0.000 0.000
4.079 0.000 0.000 8.044 0.000
5.558 0.000 0.000 6.994 0.000
0.000 0.000 0.000 0.000 0.000
0.000 5.693 0.000 11.043 0.000
0.000 0.000 0.000 0.000 3.691
0.000 0.000 0.000 0.000 0.000
0.000 0.000 0.000 0.000 0.000
0.000 0.000 0.000 0.277 0.000
0.000 0.000 0.000 0.000 0.000
0.000 0.000 0.000 0.000 0.000
0.000 0.000 0.000 0.000 0.000
0.000 0.000 0.000 0.000 0.000
0.000 0.000 0.000 0.000 0.000
0.000 0.000 0.000 0.000 0.000
0.000 0.000 0.000 0.231 0.000
0.000 0.000 0.000 0.000 0.000
0.000 0.000 0.000 0.000 4.647
0.000 0.000 0.000 0.000 0.000
0.000 0.000 0.000 0.000 3.131
0.263 4.399 0.000 14.414 0.000
0.000 0.000 0.000 0.000 0.000
0.000 0.000 0.000 0.000 0.000
0.000 0.000 0.000 0.000 0.000
0.000 0.000 0.000 0.000 0.000
0.000 0.000 0.000 0.000 0.000
0.000 0.000 0.000 0.000 0.000
0.000 0.000 0.000 3.434 0.000
0.000 0.000 0.000 0.000 0.000
0.000 0.000 0.000 0.000 0.000
0.000 0.000 0.000 0.000 0.000
1.158 0.000 0.000 1.754 2.960
2.453 0.000 0.000 1.172 0.000
6.449 0.000 0.000 0.000 0.000
0.000 0.000 0.000 0.000 0.000
0.000 0.000 0.000 2.710 0.000
0.000 0.000 0.000 5.417 0.000
0.000 0.000 0.000 0.000 0.000
0.000 0.000 0.000 1.275 0.000
0.000 0.000 0.000 12.561 0.000
4.359 0.000 0.000 17.437 0.000
0.000 7.376 0.000 10.018 0.000
0.000 0.000 0.000 0.000 0.000
0.000 0.000 0.000 0.000 0.000
0.000 0.000 0.000 0.000 0.000
0.190 1.749 0.000 1.148 0.000
0.000 0.000 0.000 0.000 3.249
0.000 0.000 0.000 0.000 1.391
0.000 0.000 0.000 0.000 0.000
0.000 0.000 0.000 0.000 0.000
0.000 0.000 0.000 0.000 0.000
4.625 0.000 0.000 7.850 0.000
0.000 0.000 0.000 0.000 0.000
0.000 0.000 0.000 0.000 0.000
2.888 0.000 0.000 0.000 0.000
0.000 0.000 0.000 3.067 0.000
0.000 0.000 0.000 0.000 0.000
0.000 0.000 0.000 0.000 0.000
0.000 0.000 0.000 0.000 0.000
0.000 0.000 0.000 0.000 0.000
0.000 0.000 0.000 4.221 0.000
0.000 0.000 0.000 0.000 0.000
5.879 0.000 0.000 5.026 0.000
0.000 0.000 0.000 0.000 0.000
0.000 0.000 0.000 0.000 0.000
0.000 0.000 0.000 0.000 0.000
0.000 0.000 0.000 0.000 0.000
0.000 0.000 0.000 0.000 0.000
0.000 0.000 0.000 0.000 0.000
1.275 0.000 0.000 15.997 0.000
0.000 0.000 0.000 0.000 0.000
0.000 0.000 0.000 0.000 1.703
0.000 0.000 0.000 0.000 0.000
0.000 0.000 0.000 0.000 0.000
0.000 0.000 0.000 0.000 0.000
0.000 0.000 0.000 0.000 0.000
0.000 0.000 0.000 0.000 0.000
0.000 0.000 0.000 0.000 0.000
0.000 0.000 0.000 0.000 0.000
0.000 0.000 0.000 0.000 0.000
0.000 0.000 0.000 0.000 0.000
0.000 0.000 0.000 0.000 0.000
0.000 0.000 0.000 0.000 0.000
0.000 0.000 0.000 0.000 0.000
0.000 0.000 0.000 0.000 0.000
0.000 0.000 0.000 0.000 0.000
0.000 0.000 0.000 0.000 0.000
0.000 0.000 0.000 0.000 0.000
0.000 0.000 0.000 0.000 0.000
0.000 0.000 0.000 0.000 0.000
0.000 0.000 0.000 0.000 0.000
0.000 0.000 0.000 3.536 0.000
0.000 0.000 0.000 0.000 0.000
0.000 0.000 0.000 0.000 0.000
2.495 0.000 0.000 0.000 0.000
0.000 0.000 0.000 0.000 0.000
0.000 0.000 0.000 0.000 0.000
0.000 3.451 0.000 4.441 0.000
0.000 0.000 0.000 0.000 0.000
0.000 0.000 0.000 0.000 0.000
0.000 0.000 0.000 0.000 0.000
0.000 0.000 0.000 0.000 0.000
1.484 3.903 0.000 2.686 0.000
1.013 2.879 0.000 6.539 0.000
0.000 0.000 0.000 0.000 0.000
0.000 0.000 0.000 0.000 0.000
0.000 0.000 0.000 0.000 0.000
4.343 0.000 0.000 4.591 0.000
0.000 0.000 0.000 0.000 4.539
2.802 0.000 0.000 8.091 0.000
2.271 0.000 0.000 0.000 0.000
1.838 0.000 0.000 8.275 0.000
0.000 0.000 0.000 0.000 5.235
2.198 0.000 0.000 6.525 0.000
0.000 0.000 0.000 0.000 0.000
2.323 0.000 0.000 2.411 0.000
0.000 0.000 0.000 2.180 0.000
0.000 0.000 0.000 0.000 0.000
0.000 0.000 0.000 0.000 0.000
0.746 0.000 0.000 0.000 0.000
0.000 0.000 0.000 0.000 0.000
4.259 0.000 0.000 0.000 0.000
0.000 0.000 0.000 0.000 0.000
1.760 0.000 0.000 13.152 0.000
3.304 0.000 0.000 0.000 0.000
3.661 0.493 0.000 7.735 0.000
0.000 0.000 0.000 0.000 0.000
3.459 0.000 0.000 8.317 0.000
0.000 0.000 0.000 0.000 0.000
0.000 0.000 0.000 0.000 0.000
0.000 0.000 0.000 0.000 0.000
0.000 0.000 0.000 0.000 0.000
0.000 0.000 0.000 0.000 0.000
0.000 0.000 0.000 0.000 0.000
0.000 1.284 0.000 15.036 0.000
0.000 0.000 0.000 0.000 0.000
3.118 0.000 0.000 0.000 0.000
0.000 0.000 0.000 0.000 2.946
0.000 0.000 0.000 0.000 0.000
0.000 0.000 0.000 0.000 0.000
0.000 0.000 0.000 0.000 0.000
0.000 0.000 0.000 0.000 0.000
0.000 0.000 0.000 0.000 0.000
0.000 0.000 0.000 0.000 0.000
0.000 0.000 0.000 0.000 0.000
0.000 0.000 0.000 0.000 0.000
0.000 0.000 0.000 0.000 0.000
0.000 0.000 0.000 0.000 0.000
0.000 0.000 0.000 0.000 0.000
1.461 0.780 0.000 4.473 0.000
0.000 0.000 0.000 0.000 0.000
0.000 0.000 0.000 0.000 0.000
0.000 0.000 0.000 0.000 0.000
0.000 0.000 0.000 0.000 0.000
0.000 0.000 0.000 0.000 0.000
0.000 0.000 0.000 0.000 0.000
0.000 0.000 0.000 0.000 0.000
0.000 0.000 0.000 0.000 0.000
0.000 0.000 0.000 0.000 0.000
0.436 3.705 0.000 15.294 0.000
0.000 0.000 0.000 0.000 0.000
0.000 0.000 0.000 0.000 2.825
0.000 0.000 0.000 0.000 0.000
0.000 0.000 0.000 4.888 0.000
0.000 0.000 0.000 0.000 0.000
3.690 0.000 0.000 7.467 0.000
0.000 0.000 0.000 0.000 0.000
2.353 0.000 0.000 4.223 0.000
0.000 0.000 0.000 0.000 0.000
0.000 0.000 0.000 0.000 0.000
3.470 0.000 0.000 2.267 0.000
3.689 4.044 0.000 16.497 0.000
0.000 0.000 0.000 0.000 0.000
0.000 0.000 0.000 5.029 0.000
0.000 4.774 0.000 3.063 0.000
0.000 0.000 0.000 0.000 0.000
0.000 0.000 0.000 0.000 0.000
0.000 0.000 0.000 0.000 0.000
2.542 0.000 0.000 7.659 0.000
0.000 0.000 0.000 0.000 0.000
0.000 0.000 0.000 0.000 0.000
0.000 0.000 0.000 0.000 0.000
3.514 0.000 0.000 0.000 0.000
3.877 0.000 0.000 0.000 0.000
0.000 0.000 0.000 0.000 0.000
0.000 0.000 0.000 3.720 0.000
0.000 0.000 0.000 0.000 0.000
3.340 0.000 0.000 7.615 0.000
0.000 3.019 0.000 5.735 0.000
0.000 0.000 0.000 0.000 0.000
0.000 0.000 0.000 0.000 0.000
0.000 0.000 0.000 0.000 0.000
2.927 5.356 0.000 5.679 0.000
0.000 0.000 0.000 0.000 0.000
0.000 0.000 0.000 0.000 0.000
0.000 0.000 0.000 0.000 0.000
0.000 0.000 0.000 0.000 0.000
0.000 0.000 0.000 0.000 0.000
0.000 0.000 0.000 0.000 0.000
5.017 0.000 0.000 9.499 0.000
0.000 0.000 0.000 0.000 0.000
0.000 0.000 0.000 0.000 0.000
4.505 0.000 0.000 9.768 4.953
0.000 0.000 0.000 0.000 0.000
0.000 0.000 0.000 0.000 0.000
0.000 0.000 0.000 0.000 0.000
0.000 0.000 0.000 0.000 0.000
0.000 8.582 0.000 10.093 0.000
0.000 0.000 0.000 3.944 0.000
0.000 0.000 0.000 0.000 0.000
0.000 0.000 0.000 0.412 0.000
0.000 0.000 0.000 0.000 0.000
0.000 3.593 2.539 0.000 1.682
0.000 0.000 0.000 0.000 0.000
0.840 0.000 0.000 5.345 0.000
2.888 0.000 0.000 6.245 0.000
0.000 0.000 0.000 0.000 0.000
0.000 0.000 0.000 0.000 0.000
0.000 0.000 0.000 0.000 0.000
0.000 0.000 0.000 4.448 0.000
2.472 0.000 0.000 15.832 0.000
6.195 0.000 0.000 4.513 3.764
1.965 0.000 0.000 2.400 0.000
3.371 0.000 0.000 7.488 0.000
1.199 0.000 0.000 3.448 0.000
0.000 13.224 0.000 19.759 0.000
0.000 2.075 0.000 0.000 0.000
1.320 0.000 0.000 7.586 0.000
0.000 0.000 0.000 0.000 0.000
0.000 0.000 0.000 0.000 0.000
0.000 0.000 0.000 0.000 0.000
4.093 2.930 0.000 6.333 0.000
0.000 0.000 0.000 0.000 0.000
0.000 0.000 0.000 0.000 0.000
6.602 0.000 0.000 4.498 0.000
0.000 0.000 0.000 4.689 0.000
0.000 0.000 0.000 0.000 0.000
3.145 0.000 0.000 0.000 0.000
5.044 0.000 0.000 0.000 0.000
0.000 0.000 0.000 0.000 0.000
0.000 0.000 0.000 0.000 0.000
0.000 0.000 0.000 0.000 0.000
5.354 0.000 0.000 4.209 0.000
0.000 0.000 0.000 0.000 0.000
0.000 0.000 0.000 0.000 0.000
0.000 0.000 0.000 4.882 0.000
5.557 0.000 0.000 0.000 0.000
0.000 0.000 0.000 2.597 0.000
0.000 0.000 0.000 0.601 0.000
0.000 0.000 0.000 0.000 0.000
3.266 1.507 0.000 14.297 0.000
3.310 0.000 0.000 0.000 0.000
0.000 0.000 0.000 0.000 0.000
0.000 0.000 0.000 0.000 2.826
0.000 0.000 0.000 0.000 0.000
0.000 0.000 0.000 0.000 0.000
0.000 0.000 0.000 0.000 0.000
0.000 0.000 0.000 0.000 0.000
0.000 0.000 0.000 0.000 0.000
2.732 0.000 0.000 4.589 0.000
0.000 0.000 0.000 0.000 0.000
0.000 0.000 0.000 0.000 0.000
0.000 0.000 0.000 0.000 0.000
0.000 0.000 0.000 0.000 0.000
0.000 0.000 0.000 0.000 0.000
0.000 0.000 0.000 2.995 0.000
0.981 0.000 0.000 12.262 0.000
0.000 0.000 0.000 4.209 0.000
0.000 2.705 0.000 12.351 0.000
0.000 0.000 0.000 0.000 0.000
0.000 0.000 0.000 0.000 0.000
0.000 0.000 0.000 0.000 0.000
0.000 0.000 0.000 3.479 0.000
0.000 0.000 0.000 0.000 0.000
0.000 0.000 0.000 1.690 0.000
0.000 0.000 0.000 0.000 0.000
0.000 0.000 0.000 0.000 0.000
0.000 0.000 0.000 2.941 5.047
0.000 3.282 0.000 7.928 0.000
0.000 0.000 0.000 0.000 0.000
0.000 0.000 0.000 0.000 0.000
0.000 0.000 0.000 0.000 0.000
0.000 0.000 0.000 0.000 0.000
0.000 0.000 0.000 0.000 0.000
0.000 0.000 0.000 1.368 0.000
0.000 0.000 0.000 0.000 0.000
0.000 0.000 0.000 0.000 0.000
0.000 0.000 0.000 0.000 0.000
0.000 0.000 0.000 0.000 0.000
0.597 0.000 0.000 23.195 0.000
0.000 0.000 0.000 0.000 0.000
0.000 0.000 1.393 0.000 0.000
0.000 0.000 0.000 0.000 0.000
0.000 4.373 0.000 9.704 0.000
0.000 0.000 0.000 0.000 0.000
0.000 0.000 0.000 0.000 0.000
0.000 0.000 0.000 0.059 0.000
0.000 0.000 0.000 0.000 0.000
3.729 0.000 0.000 3.280 2.857
0.000 0.000 0.000 0.000 0.000
0.000 0.000 0.000 0.000 0.000
0.886 0.000 0.000 30.134 0.000
0.000 0.000 0.000 0.000 0.000
0.000 0.000 0.000 0.000 0.000
0.000 0.000 0.000 0.000 0.000
0.000 0.000 0.000 0.000 0.000
0.000 0.000 0.000 0.000 0.000
0.000 0.000 0.000 0.000 3.714
0.000 0.000 0.000 29.316 0.000
0.000 0.000 0.000 0.000 0.000
0.000 0.000 0.000 0.000 0.000
0.000 0.000 0.000 0.000 0.000
0.000 0.000 0.000 0.000 1.795
0.000 0.000 0.000 0.000 0.000
2.641 0.000 0.000 4.327 0.000
2.186 0.000 0.000 0.000 0.000
0.000 0.000 0.000 0.000 0.000
3.531 0.000 0.000 6.245 1.328
0.000 0.000 0.000 0.000 0.000
2.553 0.000 0.000 19.070 0.000
0.000 0.000 0.000 3.115 0.000
0.000 2.822 0.000 0.000 0.000
0.000 0.000 0.000 0.000 4.002
2.731 2.741 0.000 6.168 0.000
0.000 0.000 0.000 0.000 0.000
4.806 0.000 0.000 0.000 0.000
5.119 4.593 0.000 14.087 0.000
2.286 0.000 0.000 4.579 0.000
0.000 0.000 0.000 0.000 0.000
0.000 0.000 0.000 0.000 0.000
0.000 0.000 0.000 0.000 0.000
0.000 0.000 0.000 0.000 0.000
0.000 0.000 0.000 0.000 0.000
0.000 0.000 0.000 0.000 0.000
0.000 0.000 0.000 0.000 0.000
0.000 0.000 0.000 0.000 0.000
0.000 0.000 0.000 0.000 2.822
0.000 0.000 0.000 0.000 0.000
0.000 0.000 0.000 0.000 0.000
0.000 0.000 0.000 0.000 0.000
3.384 0.000 0.000 0.000 0.000
0.000 0.000 0.000 0.000 0.000
0.000 0.000 0.000 0.000 0.000
0.000 0.000 0.000 0.000 0.000
7.891 0.000 0.000 7.982 0.000
0.000 0.000 0.000 0.000 0.000
0.000 0.000 0.000 4.462 0.000
0.000 0.000 0.000 0.000 0.000
0.000 0.000 0.000 0.000 0.000
0.000 0.000 0.000 5.715 0.000
0.000 0.000 0.000 0.000 0.000
0.266 0.000 0.000 0.000 0.000
1.656 0.000 0.000 0.000 0.000
0.000 0.000 0.000 0.000 0.000
0.000 0.000 0.000 0.000 0.000
0.000 0.000 0.000 0.000 0.000
0.000 0.000 0.000 0.000 0.000
0.000 0.000 0.000 0.000 0.000
5.763 0.000 0.000 3.804 3.104
0.000 0.000 0.000 0.000 0.000
0.000 0.000 0.000 8.787 0.000
4.379 2.275 0.000 5.344 0.000
2.900 0.000 0.000 7.021 0.000
0.000 0.000 0.000 0.000 0.000
0.000 0.000 0.000 0.000 3.191
0.000 0.000 0.000 0.000 1.685
3.211 0.000 0.000 4.003 0.000
2.891 0.000 0.000 4.104 0.000
0.000 0.000 0.000 0.000 0.000
0.000 0.000 0.000 0.000 0.000
0.000 0.000 0.000 0.000 3.718
0.000 0.000 0.000 0.000 0.000
0.000 0.000 0.000 0.000 0.000
1.540 0.000 0.000 1.550 0.000
0.000 0.000 0.000 0.000 0.000
7.882 0.000 0.000 9.689 0.000
0.000 0.000 0.000 4.266 0.000
0.000 0.000 0.000 0.000 2.936
1.434 0.000 0.000 0.000 0.000
0.000 0.000 0.000 0.000 0.000
4.556 0.000 0.000 7.857 0.000
0.000 0.000 0.000 0.000 0.000
0.000 0.000 0.000 0.000 0.000
0.000 0.000 0.000 0.000 0.000
0.000 0.000 0.000 0.000 0.000
0.000 0.000 0.000 15.081 0.000
0.000 0.000 0.000 0.000 1.662
0.000 0.000 0.000 0.000 0.000
0.000 0.000 0.000 0.321 0.000
0.000 0.000 0.000 0.000 0.000
0.000 0.000 0.000 0.000 0.000
0.000 0.000 0.000 0.000 0.000
2.735 0.616 0.000 2.130 0.000
0.000 0.000 0.000 0.000 0.000
0.000 0.000 0.000 0.000 0.000
0.000 0.000 0.000 0.000 0.000
0.000 0.000 0.000 0.000 0.000
0.000 0.000 0.000 5.396 0.000
0.000 0.000 0.000 0.000 0.000
0.000 0.000 0.000 5.770 0.000
0.000 0.000 0.000 0.000 0.000
0.000 0.000 0.000 0.000 0.000
0.000 0.000 0.000 0.000 0.000
0.000 0.000 0.000 0.000 0.000
0.000 0.000 0.000 0.000 0.000
0.000 0.000 0.000 0.000 0.000
0.000 0.000 0.000 0.000 0.000
1.311 9.123 0.000 15.888 0.000
0.000 0.000 0.000 0.000 0.000
0.000 0.000 0.000 0.000 0.000
2.964 0.000 0.000 7.862 0.000
0.000 0.000 0.000 0.000 0.000
0.000 0.000 0.000 0.000 0.000
0.000 0.000 0.000 0.000 0.000
0.000 0.000 0.000 0.000 0.000
0.000 0.000 0.000 0.000 0.000
0.000 9.225 0.000 5.282 0.000
0.000 0.000 0.000 0.000 0.000
0.000 0.000 0.000 0.000 0.000
0.000 0.000 0.000 0.000 0.000
0.000 0.000 0.000 0.000 0.000
0.000 0.000 0.000 2.459 0.000
0.000 0.000 0.000 0.000 0.000
0.000 0.000 0.000 0.000 0.000
0.000 0.000 0.000 0.000 0.000
0.000 0.000 0.000 0.000 0.000
2.773 0.000 0.000 5.696 0.000
0.000 2.651 0.000 0.000 0.000
0.000 0.000 0.000 0.000 0.000
3.092 0.000 0.000 11.565 0.000
0.000 3.282 0.000 7.928 0.000
0.000 0.000 0.000 3.810 3.921
0.000 0.000 0.000 0.000 0.000
0.000 0.000 0.000 0.000 0.000
0.000 0.000 0.000 0.000 0.000
1.831 0.000 0.000 2.884 0.000
0.000 0.000 0.000 2.456 0.000
0.414 0.000 0.000 3.562 0.000
0.000 0.000 0.000 0.000 0.000
0.000 0.000 0.000 0.000 0.000
0.000 0.000 0.000 0.000 0.000
0.000 0.000 0.000 0.000 6.062
0.000 0.000 0.000 0.000 0.000
0.101 0.539 0.000 2.283 0.000
2.389 4.182 0.000 5.177 0.000
2.816 0.000 0.000 2.702 0.000
0.000 0.000 0.000 0.000 0.000
0.000 8.014 0.000 8.909 0.000
0.000 0.000 0.000 0.000 0.000
0.000 0.000 0.000 0.000 0.000
0.000 0.000 0.000 3.863 0.000
0.000 0.000 0.000 0.000 0.000
2.495 0.000 0.000 5.094 0.000
0.000 0.000 0.000 0.000 0.000
3.445 0.000 0.000 3.973 0.000
0.000 0.000 0.000 0.000 0.000
0.945 0.000 0.000 0.000 0.000
0.000 0.000 0.000 0.000 0.000
3.064 0.000 0.000 0.000 0.000
0.000 0.000 0.000 0.000 0.000
0.000 0.000 0.000 0.000 0.000
6.175 0.000 0.000 2.790 0.000
0.000 0.000 0.000 0.000 0.000
0.000 0.000 0.000 0.000 3.293
1.751 0.000 0.000 7.535 0.000
0.000 0.000 0.000 0.000 0.000
0.000 0.000 0.000 0.000 0.000
3.693 0.000 0.000 7.831 0.000
0.000 0.000 0.000 0.000 0.000
0.000 0.000 0.000 0.000 0.000
0.000 0.000 0.000 0.000 0.000
0.000 0.000 0.000 0.787 0.000
0.000 0.000 0.000 0.000 0.000
0.000 0.000 0.000 6.759 0.000
0.000 0.000 0.000 0.000 0.000
0.000 0.000 0.000 0.000 0.000
0.000 0.000 0.000 0.000 0.000
0.000 0.000 0.000 0.000 0.000
0.000 0.000 0.000 0.000 0.000
0.000 0.000 0.000 0.000 3.872
0.000 0.000 0.000 3.804 0.000
3.579 0.000 0.000 0.000 0.000
0.000 0.000 0.000 0.000 0.000
0.000 3.828 0.000 5.210 0.000
0.000 0.000 0.000 0.000 0.000
0.000 0.000 0.000 0.000 0.000
0.000 0.000 0.000 2.672 0.000
0.000 0.000 0.000 0.000 0.000
0.000 0.000 0.000 0.000 0.000
0.000 0.000 0.000 0.000 0.000
0.000 0.000 0.000 0.000 0.000
1.821 0.000 0.000 3.999 0.000
0.000 0.000 0.000 0.000 0.000
2.053 0.000 0.000 2.932 0.000
1.148 0.000 0.000 4.550 0.000
0.000 0.000 0.000 0.000 0.000
0.000 0.000 0.000 0.000 0.000
0.000 0.000 0.000 0.000 4.987
0.000 0.000 0.000 0.000 0.000
0.000 0.000 0.000 0.000 0.000
0.000 0.000 0.000 0.000 0.000
0.000 7.862 0.000 7.681 0.000
0.000 0.000 0.000 0.000 0.000
0.000 0.000 0.000 0.000 1.673
0.000 0.000 0.000 0.000 0.000
0.000 0.000 0.000 0.000 3.598
2.509 0.000 0.000 18.345 0.000
0.000 0.000 0.000 0.000 0.000
3.028 0.000 0.000 13.176 0.000
0.000 0.000 0.000 5.613 0.000
0.000 0.000 0.000 0.000 0.000
0.000 0.000 0.000 0.000 0.000
0.000 0.000 0.000 0.000 0.000
0.000 0.000 0.000 2.911 0.000
0.000 0.000 0.000 0.000 0.000
0.000 0.000 0.000 0.000 0.000
0.000 2.490 5.820 0.000 1.797
0.000 0.000 0.000 0.000 0.000
0.000 0.000 0.000 0.000 0.000
0.000 0.000 0.000 0.000 0.000
0.000 0.000 0.000 0.000 0.000
4.384 0.000 0.000 5.095 0.000
0.000 0.000 0.000 0.000 0.000
0.000 0.000 0.000 0.000 0.000
0.000 0.000 0.000 0.000 0.000
0.000 0.000 0.000 0.000 0.000
0.000 0.000 0.657 0.000 0.000
0.000 0.000 0.000 0.000 0.000
0.000 0.000 0.000 0.000 0.000
1.799 0.000 0.000 13.790 0.000
0.000 0.000 0.000 0.000 0.000
0.000 0.000 0.000 0.000 0.000
0.000 0.000 0.000 0.000 0.000
0.000 0.000 0.000 0.000 0.000
0.000 0.000 0.000 0.000 0.000
0.000 0.000 0.000 0.000 0.000
0.000 0.000 0.000 0.000 2.794
1.056 3.844 0.000 4.832 0.000
4.964 0.000 0.000 1.877 0.000
0.000 0.000 0.000 0.000 7.055
0.000 0.000 3.278 0.000 2.151
0.000 0.000 0.000 0.000 0.000
0.000 0.000 0.000 0.000 0.000
0.000 0.000 0.000 0.000 0.000
0.000 0.000 0.000 0.000 3.256
0.000 0.000 0.000 0.000 0.000
0.000 0.000 0.000 0.000 0.000
1.104 0.000 0.000 9.659 0.000
0.000 0.000 0.000 22.750 0.000
0.000 0.000 0.000 0.000 0.000
5.746 0.000 0.000 0.000 0.000
0.000 0.000 0.000 0.000 0.000
0.000 0.000 0.000 0.000 0.000
0.000 0.000 0.000 7.278 0.000
0.000 0.000 0.000 0.000 0.000
0.000 0.000 0.000 0.000 0.000
0.000 0.000 0.000 0.000 2.925
0.000 0.000 0.000 5.501 0.000
0.000 0.000 0.000 0.000 0.000
0.000 0.000 0.000 0.000 0.000
1.321 0.000 0.000 0.000 0.000
0.000 0.000 0.000 0.000 0.000
0.000 0.000 0.000 0.000 0.000
0.000 4.271 0.000 25.439 0.000
0.000 0.000 0.000 0.000 0.000
0.000 0.000 0.000 4.684 0.000
3.782 0.000 0.000 3.767 4.873
0.000 0.000 0.000 0.000 0.000
0.000 0.000 0.000 0.000 0.000
5.559 0.000 0.000 0.000 0.000
4.581 0.000 0.000 11.289 0.000
0.000 0.000 0.000 0.000 0.000
1.999 0.000 0.000 13.154 0.000
1.974 0.000 0.000 0.678 0.000
0.000 0.000 0.000 0.000 0.000
0.000 0.000 0.000 0.000 3.947
0.000 0.000 0.000 0.000 0.000
5.964 0.000 0.000 6.792 0.000
2.322 0.000 0.000 2.918 3.661
0.000 0.000 0.000 0.000 0.000
0.000 0.000 0.000 0.000 0.000
0.000 0.000 0.000 0.000 0.000
6.805 0.000 0.000 5.220 0.000
0.000 0.000 0.000 0.000 0.000
0.000 0.000 0.000 0.000 0.000
0.037 0.000 0.000 11.783 0.000
0.000 0.000 0.000 0.000 0.000
0.000 0.000 0.000 0.000 0.000
0.000 0.000 0.000 0.000 0.000
0.000 0.000 0.000 0.000 0.000
0.000 0.000 0.000 0.336 0.000
2.936 5.298 0.000 18.841 0.000
0.000 0.000 0.000 0.000 3.575
0.000 0.000 0.000 0.000 0.000
0.000 0.000 0.000 0.000 0.000
0.917 3.578 0.000 16.729 0.000
0.000 0.000 0.000 0.000 3.714
0.000 0.000 0.000 0.000 0.000
0.000 0.000 0.000 0.000 0.000
0.000 0.000 0.000 12.050 0.000
2.929 0.000 0.000 4.823 0.000
0.000 0.000 0.000 0.527 0.000
0.000 0.000 0.000 3.236 0.000
0.000 0.000 0.000 0.000 0.000
0.000 0.000 0.000 0.000 2.175
0.000 0.000 0.000 3.571 0.000
4.647 0.000 0.000 10.389 0.000
0.000 1.440 0.000 10.036 0.000
0.000 0.000 0.000 0.000 0.000
0.000 0.000 0.000 0.000 0.000
0.000 0.000 0.000 0.000 0.000
0.000 0.000 0.000 0.000 4.456
3.384 0.000 0.000 1.406 0.000
0.998 0.000 0.000 12.356 0.000
0.000 0.000 0.000 0.000 0.000
0.000 0.000 0.000 0.000 0.000
0.000 0.000 0.000 0.000 0.000
0.000 0.000 0.000 0.000 0.000
0.000 0.000 0.000 0.000 0.000
0.000 0.000 0.000 0.000 0.000
0.000 0.000 0.000 0.000 0.000
5.155 0.000 0.000 4.074 0.000
0.000 0.000 0.000 0.000 0.000
4.977 0.000 0.000 4.459 0.000
0.000 0.000 0.000 0.269 0.000
3.978 0.000 0.000 5.955 0.000
0.000 0.000 0.000 0.000 0.000
0.000 0.000 0.000 6.497 0.000
0.000 0.000 0.000 0.000 0.000