0 0 3.719 0 4.813 0 1
1.485 0 0 6.126 0 1 1
0 0 2.846 0 3.134 0 1
5.653 2.429 0 3.732 0 1 1
4.033 0 0 0 0 1 1
0 0 0 0 1.616 0 1
4.867 0 0 3.44 0 1 1
4.441 2.418 0 5.464 0 1 1
0 0 0 0 2.55 0 1
4.776 0 0 8.566 0 1 1
6.154 0 0 4.116 0 1 1
0 0 0 2.71 0 0 1
6.005 0 0 5.154 3.639 1 1
5.626 3.027 0 4.938 0 1 1
3.071 0 0 3.152 0 1 1
2.716 0.415 0 1.336 0 1 1
3.155 0 0 0 0 0 1
0 0 0 2.015 0 0 1
7.919 0 0 0 0 0 1
4.788 0 0 27.043 0 1 1
3.517 0 0 3.861 0 1 1
5.363 0 0 2.728 0 1 1
0 0 0 3.239 0 0 1
3.64 0 0 1.863 0 1 1
2.002 0 0 5.342 0 0 1
2.854 0 0 1.531 0 0 1
12.766 4.188 0 2.426 5.064 1 1
7.688 0 0 0.966 0 1 1
2.132 4.141 0 8.202 0 0 1
4.872 0 0 5.356 0 1 1
0 0 0 0 6.727 0 1
3.409 0 0 5.064 0 1 1
4.729 0 0 2.527 0 1 1
6.462 0 0 0 0 1 1
0 0 0 0 2.295 0 1
3.997 0 0 4.044 0 1 1
3.323 1.555 0 6.266 0 1 1
4.649 0 0 0 0 1 1
0 0 0 0 4.447 0 1
5.961 2.424 0 20.952 0 1 1
2.285 0 0 0 0 0 1
7.211 0 0 3.339 0 1 1
6.57 0 0 6.806 0 1 1
0 0 0 2.294 0 0 1
0 0 0 0 1.775 0 1
0 0 0 3.395 0 0 1
7.617 0 0 5.611 0 1 1
3.583 0 0 6.523 0 1 1
3.743 0 0 0 0 0 1
0.259 0 0 7.024 0 0 1
0 0 0 0 1.86 0 1
0 3.334 0 0 3.782 0 1
3.352 0 0 0 0 0 1
1.686 0 0 2.28 0 0 1
1.211 0 0 3.445 0 0 1
4.011 0 0 0 1.362 0 1
6.976 0 0 2.987 0 1 1
3.37 0 0 3.624 0 1 1
2.409 0 0 0 0 0 1
0 0 0 3.696 0 0 1
4.431 0 0 12.336 0 1 1
0 0 4.341 0 0 0 1
4.595 0 0 0 0 1 1
3.253 0 0 2.639 4.549 0 1
5.039 0 0 4.049 0 1 1
3.046 0 0 0 0 1 1
2.615 0 0 4.824 0 1 1
1.613 0 0 5.64 0 1 1
0.134 0 0 0 0 0 1
2.74 0 0 0 0 0 1
8.284 0 0 14.307 0 1 1
0 0 0 0 3.579 0 1
0 0 0 0 1.147 0 1
4.473 2.747 0 7.715 0 1 1
6.343 3.305 0 10.143 0 1 1
0 0 0 0.959 0 0 1
0 0 0 1.308 0 0 1
0.748 0 0 1.667 3.157 0 1
2.789 0 0 0 0 0 1
3.204 0 0 2.75 0 1 1
0 0 0 0 2.027 0 1
3.837 0 0 0 0 0 1
4.097 0 0 0 0 0 1
0 0 0 2.125 0 0 1
2.373 0 0 0 0 0 1
5.642 0 0 4.166 3 1 1
4.551 0 0 0 4.431 0 1
4.525 0.297 0 4.447 0 1 1
0 3.556 3.065 0 4.269 0 1
1.126 0 0 0.819 0 0 1
5.572 6.034 0 8.627 0 1 1
6.607 0.524 0 2.392 0 0 1
3.113 0 0 2.664 0 0 1
5.484 0 0 0 0 1 1
6.974 0 0 3.86 0.899 1 1
3.329 0 0 0 2.83 0 1
0 0 0 0 5.249 0 1
5.706 0 0 13.322 0 1 1
2.58 0 0 0 0 0 1
0 0 0 0 2.474 0 1
5.085 0 0 0 1.394 1 1
2.589 0 0 2.914 4.564 0 1
0.086 0 0 0 0 0 1
0 0 0 0 2.929 0 1
2.736 0 0 4.931 0 1 1
0 0 0 0 3.888 0 1
2.453 0 0 0 0 0 1
4.149 0 0 2.226 0 0 1
1.757 0 0 0 0 0 1
0.528 0.961 0 3.584 0 0 1
2.641 0 0 5.849 0 1 1
0 0 0 0 2.402 0 1
2.736 0 0 0 0 0 1
5.045 0 0 6.82 0 1 1
0.05 1.641 0 10.504 0 0 1
3.336 0 0 0 3.907 1 1
10.276 0 0 13.655 0 1 1
0 0 0 3.11 0 0 1
3.614 0 0 3.93 0 0 1
2.38 1.948 0 5.898 0 1 1
5.931 0 0 16.4 2.82 1 1
0 0 0 0 3.764 0 1
8.153 0 0 2.771 0 1 1
0 0 0 0.1 0 0 1
0 0 0 0 0.892 0 1
4.185 0 0 0 2.543 1 1
6.487 0 0 0 0 1 1
3.91 1.635 0 6.205 0 1 1
3.08 0 0 0 0 0 1
0 0 0 2.727 0 0 1
4.242 0 0 6.64 0 1 1
0 0 0 0 3.783 0 1
7.259 0 0 22.991 0 1 1
0 0 0 0 2.45 0 1
4.312 0 0 0 0 0 1
0 3.287 0 5.314 0 0 1
3.225 0 0 4.125 0 1 1
3.769 0 0 3.563 0 1 1
4.097 0 0 4.554 0 0 1
0 0 0 0 2.908 0 1
0 3.342 0 0 0 0 1
7.402 0 0 2.379 0 1 1
3.405 0 0 0 3.944 0 1
4.324 0 0 0 0 0 1
0 0 0 0 1.107 0 1
0 0 0 2.609 0 0 1
4.641 0 0 1.402 3.657 1 1
0 0 0 0 1.6 0 1
3.857 0 0 6.57 0 1 1
0 0.323 4.245 0 1.911 0 1
9.923 2.484 0 19.244 0 1 1
2.561 0 0 0 0 0 1
0 0 0 5.028 0 0 1
0 3.396 0 0 0 0 1
6.262 0 0 12.763 0 1 1
0 0 0 0 0.98 0 1
5.471 5.208 0 2.811 0 1 1
0 0 0 0 4.874 0 1
1.916 0 0 0 0 0 1
1.688 0 0 0 0 0 1
0 0 0 2.121 0 0 1
3.823 0.645 0 14.599 0 1 1
2.499 0 0 0 0 0 1
0 0 0 0 3.256 0 1
4.969 0 0 5.161 0 0 1
4.171 0 0 5.618 0 1 1
4.251 0 0 2.429 0 1 1
0 1.915 0 0 0 0 1
0 4.132 0 3.886 0 0 1
2.739 0 0 0 0 0 1
5.688 0 0 3.486 0 0 1
3.028 0 0 0 0 1 1
0 0 2.758 0 0 0 1
9.325 0 0 3.78 0 1 1
3.431 0 0 0 0 1 1
3.674 0 0 0 0 0 1
5.06 0 0 5.68 0 1 1
3.185 0 0 0 0 1 1
3.211 0 0 0 2.092 0 1
3.47 0 0 0 2.942 1 1
0 0 0 0 1.962 0 1
0 0 0 0 2.186 0 1
6.414 3.97 0 4.575 0 1 1
0 0 0 0 3.39 0 1
4.58 3.464 0 15.999 0 1 1
0.576 0 1.512 0 4.064 0 1
0 0 0 0 2.51 0 1
4.619 0 0 2.957 0 0 1
0 0 2.776 0 4.447 0 1
3.679 0 0 4.726 0 1 1
1.922 0 0 3.008 1.657 1 1
6.244 0 0 6.405 0 1 1
2.556 0 0 0 0 0 1
0 0 4.251 0 0 0 1
2.707 0 0 1.648 0 0 1
4.891 0 0 0.642 0 1 1
5.109 0 0 0 0 0 1
0 0 0.07 0 0 0 1
0 4.088 3.916 0 0 0 1
2.588 0 0 3.558 3.251 1 1
2.211 0 0 0 1.201 0 1
0 7.633 1.249 0 4.932 0 1
3.804 0 0 0 0 1 1
4.378 0 0 8.045 0 1 1
0 0 0 0 2.676 0 1
2.881 0 0 4.38 0 1 1
3.088 0 0 0 0 1 1
4.127 0 0 6.287 0 1 1
0 0 0 0 1.23 0 1
5.011 0 0 3.064 1.23 1 1
0 0 0 3.257 0 0 1
3.863 0 0 4.318 0 1 1
6.47 0 0 4.319 0.721 1 1
0 0 0 0 3.003 0 1
5.621 0 0 0 2.82 1 1
0.896 0 0 13.705 0 0 1
2.947 0 0 0 0 0 1
7.836 0 0 4.935 0.18 1 1
3.176 0 0 0 0.967 1 1
0 0 0 0 2.507 0 1
6.038 0 0 0 0 1 1
3.592 0 0 0 3.595 0 1
5.092 0 0 6.571 5.253 0 1
2.776 2.557 0 10.502 0 1 1
3.066 0.757 0 23.968 0 1 1
10.097 8.701 0 18.151 0 1 1
0 0 0 7.933 0 0 1
4.934 0 0 5.865 0 1 1
5 0 0 3.021 0 1 1
1.801 0 0 4.302 0 1 1
0.645 0 0 4.349 1.594 0 1
2.194 0 0 4.647 0 0 1
3.845 0 0 0 0 0 1
5.595 0 0 2.901 4.201 0 1
10.744 0 0 7.284 0 1 1
6.143 0 0 15.467 1.034 1 1
3.925 0 0 0 0 1 1
0.117 0 0 0 0 0 1
0 2.785 0 12.804 0 0 1
4.875 4.073 0 5.702 0 1 1
2.67 0 0 0 4.272 0 1
5.071 0 0 2.022 0 1 1
3.543 0 0 3.609 0 1 1
2.824 0 0 5.034 0 1 1
2.812 0 0 1.86 0 1 1
0 0 0 0 4.643 0 1
0 0 0 2.127 0 0 1
0 0 0 0 1.126 0 1
7.259 0 0 5.238 0 1 1
0 0 0 0 2.465 0 1
0 0 0 0 3.701 0 1
3.025 0 0 0 0 1 1
6.958 0 0 6.813 0 1 1
3.591 0 0 0 0 0 1
0.436 0 0 2.042 0 0 1
2.136 0 0 2.988 0 1 1
2.551 0 0 0.549 0 1 1
1.723 0 0 0.769 0 0 1
7.419 2.174 0 5.069 0 1 1
0 0 0 0 0 0 1
4.224 0 0 4.754 0 1 1
0 0 0 0 0 0 1
0 0 0 0 0 0 1
0 0 0 0 4.543 0 1
0 0 0 0 0 0 1
0 0 0 0 0 0 1
0 0 0 0 0 0 1
0 0 0 0 2.106 0 1
0 0 0 0 0 0 1
5.233 0 0 9.395 0 1 1
5.218 0 0 4.296 0 1 1
2.588 0 0 0 0 0 1
1.259 0 0 0.741 0 0 1
0 0 0 0 0 0 1
0 0 0 0 0 0 1
0 0 0 0 0 0 1
3.771 0 0 0 0 1 1
2.941 0 0 0 0 1 1
0 0 0 0 0 0 1
4.395 0 0 1.358 0 1 1
0 0 0 0 0 0 1
0 0 0 0 0 0 1
1.273 0 0 5.578 0 0 1
0 0 0 0 0 0 1
0 0 0 0 0 0 1
3.771 0 0 0 0 1 1
9.919 5.177 0 40.432 0 1 1
1.777 0 0 4.919 0 0 1
2.954 0 0 4.354 0 0 1
0 0 0 0 0 0 1
0 0 0 0 0 0 1
2.556 2.563 0 5.977 0 0 1
0 0 0 0 0 0 1
0 0 0 0 0 0 1
4.802 0 0 2.684 0 1 1
3.253 0 0 0 0 1 1
3.899 0 0 6.02 0.805 1 1
0 0 0 0 0 0 1
0 0 0 0 0 0 1
4.155 0 0 0 0 1 1
1.448 3.247 0 14.136 0 1 1
0 0 0 0 0 0 1
0 0 0 0 0.678 0 1
0 0 0 0 4.317 0 1
0 0 0 0 0 0 1
0 0 0 0 0 0 1
7.027 3.392 0 13.641 0 1 1
0 0 0 0 0 0 1
0 0 0 0 0 0 1
0 0 0 0 0 0 1
0 0 0 0 0 0 1
0 0 0 0 0 0 1
0 0 0 0 4.417 0 1
0 0 0 0 0 0 1
0 0 0 0 0 0 1
0 0 0 0 0 0 1
0 0 0 0 0 0 1
0 0 0 0 0 0 1
0 0 0 0 0 0 1
4.004 0 0 5.031 1.406 0 1
1.64 0 0 8.32 0 0 1
0 0 0 0 0 0 1
0 0 0 0 0 0 1
0 0 0 0 4.235 0 1
4.757 0 0 0 0 0 1
3.893 0 0 3.643 0 1 1
4.352 0 0 5.445 0 0 1
5.229 0 0 0 0 1 1
0 0 0 0 0 0 1
0 0 0 0 0 0 1
0 0 0 0 0 0 1
0 0 0 0 0 0 1
3.274 1.473 0 7.185 0 1 1
0 0 0 0 0 0 1
0 0.458 2.216 0 0 0 1
0 0 0 0 0 0 1
0 0 0 0 0 0 1
0 0 0 0 0 0 1
0 0 0 0 0 0 1
7.935 0 0 7.817 0 1 1
0 0 0 0 0 0 1
0 0 0 0 3.447 0 1
3.175 0 0 0 0 0 1
0 0 0 0 0 0 1
0 0 0 0 0 0 1
0.227 0 0 0.427 3.506 0 1
2.3 0 0 0 0 0 1
0 0 0 0 0 0 1
0 0 0 0 0 0 1
0 0 0 0 2.031 0 1
0 0 0 0 0 0 1
0 0 0 0 0 0 1
0 0 0 0 0 0 1
0 0 0 0 0 0 1
0 0 0 0 2.494 0 1
0 0 0 4.349 0 0 1
0 0 0 0 0 0 1
4.008 0.745 0 9.645 0 1 1
3.738 0 0 0 0 1 1
0 0 0 0 0 0 1
0 0 0 0 0 0 1
5.435 4.141 0 2.98 2.904 1 1
3.34 0 0 4.252 0 0 1
4.879 0.441 0 3.883 0 1 1
0 0 0 0 0 0 1
7.996 0 0 0 2.61 0 1
0 0 0 0 0 0 1
0 0 0 0 0 0 1
4.719 0 0 2.953 0 1 1
1.034 0 0 3.384 0 0 1
0 0 0 0 0 0 1
0 0 0 0 0 0 1
0 0 0 0 0 0 1
0 0 0 0 0 0 1
2.96 0 0 2.093 0 1 1
0 0 0 0 0 0 1
5.865 0 0 7.073 0 1 1
0 0 0 0 0 0 1
0 0 0 0 0 0 1
0 0 0 0 0 0 1
0 0 0 0 3.657 0 1
0 0 0 0 0 0 1
0 0 0 0 0 0 1
3.193 2.09 0 0 0 1 1
0 0 0 0 0 0 1
0 0 0 0 0 0 1
1.814 3.818 0 2.337 0.685 1 1
0 0 0 0 0 0 1
0 0 0 0 0 0 1
0 0 0 0 0 0 1
0 0 0 3.462 3.165 0 1
0 0 0 0 0 0 1
1.334 0 0 4.435 0 0 1
0 0 0 0 2.532 0 1
1.012 3.497 0 0 3.454 1 1
0 0 0 2.28 2.58 0 1
7.046 0 0 7.728 0 1 1
0 0 0 0 0 0 1
0 0 0 0.578 3.365 0 1
0 0 0 0 0 0 1
4.766 0 0 5.949 0 1 1
0 0 0 0 0 0 1
0 0 0 0 0 0 1
0 0 0 0 0 0 1
0 0 0 0 0 0 1
6.725 0 0 0 0 1 1
4.213 0 0 3.402 3.091 1 1
1.539 0 0 3.656 0 0 1
0.959 0 0 0 0 0 1
1.633 3.278 0 7.85 0 1 1
2.154 0 0 4.992 4.064 0 1
0 0 0 0 0 0 1
3.689 0 0 8.754 0 1 1
0 0 0 0 0 0 1
0 0 0 0 0 0 1
2.783 4.393 0 10.017 0 1 1
0 0 0 0 0 0 1
3.064 0 0 4.146 0 1 1
3.599 0 0 0 0 1 1
0 0 0 0 0 0 1
0 0 0 0 0 0 1
0 0 0 0 0 0 1
1.809 0 0 4.409 0 0 1
0 0 0 0 0 0 1
0 0 0 0 4.074 0 1
0 0 0 0 0 0 1
0 0 0 0 0 0 1
0 0 0 5.36 2.818 0 1
0 0 0 0 0 0 1
3.253 0 0 0 0 0 1
0 0 0 0 0 0 1
3.578 0 0 3.42 0 1 1
0 0 0 0 0 0 1
0 0 0 0 0 0 1
0 0 0 0 0 0 1
0 0 0 0 0 0 1
0 0 0 0 0 0 1
0 0 0 0 0 0 1
0 0 0 0 0 0 1
0 0 0 0 0.111 0 1
0 0 0 0 0 0 1
0 0 0 0 0 0 1
7.1 0 0 0 0 1 1
0 0 0 0 0 0 1
0 0 0 0 0 0 1
2.511 0 0 1.945 0 0 1
0 0 0 0 0 0 1
4.174 0 0 5.732 0 1 1
0 0 0 0 0 0 1
0 0 0 0 0 0 1
0 0 0 0 0 0 1
0 0 0 0 0 0 1
0 0 0 0 0 0 1
0 0 0 0 0 0 1
0 0 0 0 0 0 1
0 0 0 0 0 0 1
3.732 0 0 2.128 0 1 1
3.272 0 0 4.967 0 1 1
0 0 0 0 0 0 1
0 0 0 0 0 0 1
0 0 0 0 0 0 1
1.754 0 0 0 0 1 1
0 0 0 0 0 0 1
0 0 0 0 0 0 1
0 0 0 0 0 0 1
1.586 0 0 0 0 0 1
0 0 0 0 0 0 1
0 0 0 0 0 0 1
0 0 0 0 0 0 1
0 0 0 0 0 0 1
0 0 0 0 0 0 1
0 0 0 0 0 0 1
3.107 0 0 5.782 0 1 1
0 0 0 0 0 0 1
0 0 0 0 0 0 1
5.395 0 0 7.277 0 1 1
0 0 0 0 3.115 0 1
0.75 0 0 4.055 0 0 1
0 0 0 0 0 0 1
3.71 0 0 6.435 0 1 1
0 0 0 0 0 0 1
0 0 0 0 0 0 1
0 0 0 0 0 0 1
0 0 0 0 0 0 1
2.667 0 0 2.349 0 1 1
0 0 0 0 0 0 1
0 0 0 3.036 0 0 1
0 0 0 0 0 0 1
0 0 0 0 0 0 1
2.295 0 0 2.14 1.029 1 1
5.542 0 0 12.198 0 1 1
8.51 0 0 8.27 0 1 1
0 0 0 0 0 0 1
0 0 0 0 5.605 0 1
4.262 0 0 0 0 1 1
0 0 0 0 0 0 1
3.892 0 0 0 0 1 1
2.046 0 0 3.018 0 1 1
0 0 0 0 5.656 0 1
0 3.681 2.484 0 0 0 1
0 0 0 0 0 0 1
0 0 0 0 0 0 1
3.93 0 0 4.554 0 0 1
0 0 0 0 0 0 1
0 0 0 0 0 0 1
9.728 2.918 0 14.244 0 1 1
0 0 0 0 0 0 1
0 0 0 0 0 0 1
3.961 0 0 0 0 1 1
0 0 0 0 0 0 1
0 1.304 0 7.474 0 0 1
3.675 0 0 0 0 0 1
0 0 0 0 0 0 1
0 0 0 0 0 0 1
0 0 0 0 0 0 1
0 0 0 0 0 0 1
0 0 0 0 0 0 1
5.849 5.762 0 7.851 0 1 1
5.537 0 0 0 3.393 0 1
2.932 0 0 7.668 0 1 1
0 0 0 0 0 0 1
0 0 0 0 0 0 1
0 0 0 0 3.716 0 1
0 0 0 0 0 0 1
0 0 0 0 0 0 1
0 0 0 0 0 0 1
4.307 0 0 5.973 0 1 1
0 0 0 0 3.953 0 1
0 0 0 7.933 0 0 1
0 0 0 0 0 0 1
2.795 0 0 2.548 0 1 1
0 0 0 0 0 0 1
6.919 0 0 4.595 0 1 1
0 0 0 0 0 0 1
3.532 0 0 0 3.447 0 1
0 0 0 0 0 0 1
0 0 0 1.419 0 0 1
0 0 0 0 0 0 1
5.279 0 0 0 0 0 1
4.364 0 0 3.382 0 1 1
0 0 0 0 0 0 1
0 0 0 1.917 0 0 1
0 0 0 0 0 0 1
0 0 0 0 0 0 1
0 0 0 0 0 0 1
0 0 0 0 0 0 1
2.386 0 0 0 0 0 1
6.971 0 0 9.936 0 1 1
0 0 0 0 0 0 1
0 0 0 0 3.097 0 1
1.273 0 0 0 0 0 1
0 0 0 0 0 0 1
0 0 0 0 0 0 1
0 0 0 0 0 0 1
0 0 0 0 0 0 1
0 0 0 0 0 0 1
0 0 0 0 0 0 1
0 0 0 0 4.941 0 1
4.773 0 0 5.633 4.81 0 1
0 0 0 0 0 0 1
3.45 0 0 0 3.925 0 1
0 0 0 0 0 0 1
3.119 0 0 0 0 0 1
0 0 0 0 0 0 1
6.134 3.225 0 8.679 0 1 1
0 0 0 0 0 0 1
2.668 0 0 0 0 0 1
2.364 0 0 3.884 0 0 1
0 0 0 0 0 0 1
4.483 0.902 0 15.937 0 1 1
0 2.412 1.86 0 0 0 1
0 0 0 0 1.55 0 1
5.785 0 0 0 0 1 1
0 0 0 0 0 0 1
10.121 0 0 8.72 0 1 1
3.566 0 0 0 0 1 1
1.108 1.501 0 6.197 0 0 1
1.692 0 0 3.604 0 0 1
4.626 0 0 3.239 0 0 1
0 0 0 0 0 0 1
0 0 0 0 0 0 1
0 0 0 0 0 0 1
0 0 0 0 0 0 1
0 0 0 0 0 0 1
0 0 0 0 0 0 1
0 0 0 2.695 0 0 1
0 3.733 3.205 0 6.022 0 1
0 0 0 0 0 0 1
0 0 0 0 0 0 1
4.788 0 0 4.149 0 1 1
6.467 2.933 0 4.958 0 1 1
0 0 0 0 0 0 1
0 0 0 0 0 0 1
0 0 0 1.971 5.281 0 1
0 0 0 0 0 0 1
0 0 0 0 1.785 0 1
0 0 0 0 0 0 1
0 0 0 0 0 0 1
0 0 0 0 0 0 1
0 0 0 0 1.726 0 1
0 0 0 0 0 0 1
0.667 0 0 3.696 0 0 1
4.536 0 0 0 0 0 1
6.239 0 0 9.513 0 1 1
0 0 0 0 0 0 1
5.791 0 0 11.8 0 1 1
0 0 0 0 0 0 1
6.151 0 0 3.217 0 1 1
0 0 0 0 0 0 1
0 0 3.138 0 0 0 1
0 0 0 0 0 0 1
5.461 0 0 0 1.771 1 1
2.094 2.399 0 20.241 0 1 1
0 0 0 0 2.295 0 1
0 0 0 0 0 0 1
0 0 0 0 0 0 1
0 0 0 0 0 0 1
0 0 0 1.85 0 0 1
0 0 0 0 0 0 1
6.556 0 0 0 0 0 1
0 0 0 0 4.447 0 1
0 0 0 0 0 0 1
2.807 0 0 0 0 0 1
2.92 0 0 0 0 0 1
5.297 0 0 7.669 0 1 1
0 0 0 0 0 0 1
0 0 0 0 0 0 1
0 0 0 0 0 0 1
0 0 0 0 0 0 1
0 0 0 0 0 0 1
0 0 0 0 0 0 1
0 0 0 0 0 0 1
0 0 3.88 0 0 0 1
5.737 0 0 5.45 3.489 1 1
2.894 0 0 0 4.757 1 1
0 0 0 0 3.308 0 1
0 0 0 0 0 0 1
4.858 0 0 10.353 0 1 1
0 0 0 0 0 0 1
0 0 0 0 0 0 1
5.582 1.808 0 12.045 0 1 1
0 0 0 0 0 0 1
3.567 0 0 3.339 0 1 1
0 0 0.55 0 0 0 1
0 0 0 0 0 0 1
0 0 0 0 0 0 1
7.078 0 0 0 0 1 1
0 2.76 0 0 0 0 1
0 0 0 4.349 3.264 0 1
0 0 0 0 0 0 1
4.533 0 0 4.187 0 0 1
5.932 0 0 4.946 0 1 1
4.324 0 0 0 0 0 1
0 0 0 0 0 0 1
3.749 1.449 0 8.694 0 1 1
0 2.324 0 0 0.965 0 1
0 0 0 0 0 0 1
5.199 0 0 15.657 0 0 1
0 0 0 0 0 0 1
0 0 0 0 0 0 1
0 0 0 0 0 0 1
0 0 0 0 0 0 1
0 0 0 0 0 0 1
0 0 0 0 0 0 1
3.887 0 0 12.48 0 1 1
0 0 0 0 0 0 1
4.573 0 0 10.863 0 1 1
0 0 0 0 0 0 1
0 0 0 0 0 0 1
0 0 0 0 0 0 1
3.155 0 0 4.416 0 1 1
0 0 0 0 0 0 1
0 0 0 0 0 0 1
0 0 0 0 0 0 1
0 0 0 0 2.82 0 1
0 0 0 0 0 0 1
2.332 0 0 0.96 0 1 1
0 0 0 0 0 0 1
0 0 0 0 0 0 1
0 0 0 0 0 0 1
0 0 0 0 1.832 0 1
0 0 0 0 0 0 1
0 0 0 0 0 0 1
2.588 0 0 0 0 0 1
0 0 0 0 0 0 1
4.646 2.999 0 11.319 0 1 1
0 0 0 3.576 0 0 1
0 0 0 0 1.181 0 1
0 0 0 0 0 0 1
0 0 0 0 0 0 1
0 0 0 0 0 0 1
0 0 0 0 0 0 1
4.161 0 0 0 0 1 1
1.979 0 0 0 0 0 1
2.588 0 0 7.25 0 1 1
0 0 0 0 0 0 1
0 0 0 0 0 0 1
1.016 0 0 6.871 0 0 1
0 0 0 0 0 0 1
0 0 0 0 0 0 1
0 0 0 0 0 0 1
0 4.048 0 6.009 0 0 1
0 0 0 0 0 0 1
0 0 0 0 0 0 1
2.939 0 0 2.308 0 1 1
0 0 0 0 0 0 1
1.162 0 0 0 0 0 1
7.528 0 0 3.171 0 1 1
3.035 0 0 3.809 0 1 1
0 0 0 0 0 0 1
0 0 0 0 0 0 1
0 0 0 0 0 0 1
4.148 0 0 0 0 0 1
0 0 0 0 0 0 1
0 0 0 0 0 0 1
0 0 0 0 0 0 1
0 0 0 0 0 0 1
4.122 0 0 3.544 2.152 1 1
0 0 0 0 0 0 1
0 0 0 0 0 0 1
7.609 0 0 3.537 0 1 1
7.9 3.715 0 7.125 0 1 1
3.091 0 0 8.586 0 1 1
1.422 0 0 12.245 0 1 1
0 0 0 0 0 0 1
1.115 0 0 2.313 4.244 0 1
0 0 0 0 0 0 1
2.36 0 0 6.753 0 1 1
0 0 0 0 0 0 1
0 0 0 0 3.571 0 1
1.021 0 0 0 1.495 0 1
5.982 0 0 2.295 0 1 1
1.152 0 0 0 5.105 0 1
6.055 0 0 5.547 0 1 1
0 0 0 0 0 0 1
0 0 0 0 0 0 1
1.163 0 0 0.105 0 0 1
0 0 0 0 3.783 0 1
0 0 0 0 0 0 1
0 0 0 0 0 0 1
0 0 0 0 1.885 0 1
0 0 0 0 0 0 1
0.805 0 0 0 0 0 1
0 9.137 0 27.138 0 1 1
0 0 0 0 0 0 1
0 0 0 0 1.541 0 1
0 0 0 0 0 0 1
0 0 0 0 0 0 1
0 0 0 0 0 0 1
0 0 0 0 0 0 1
0 0 3.385 0 0 0 1
0 0 0 0 0 0 1
0 4.132 0 0 0 0 1
0 0 0 0 0 0 1
0.226 0 0 1.105 0 0 1
0 0 0 0 0 0 1
0 0 0 0 0 0 1
0 0 0 0 0 0 1
0 0 0 0 0 0 1
0 0 0 0 0 0 1
0 0 0 0 0 0 1
0 0 0 0 0 0 1
0 0 0 0 0 0 1
0 0 0 0 0 0 1
0 0 0 0 0 0 1
0 0 0 0 0 0 1
0 0 0 0 4.081 0 1
0 0 0 0 0 0 1
12.109 0 0 0 2.308 1 1
0 0 0 0 0 0 1
0 0 0 0 0 0 1
0 0 0 0 0 0 1
5.876 0 0 3.992 0 1 1
0 0 0 0 0 0 1
0 0 0 0 0 0 1
0 0 0 0 0 0 1
0 0 0 0 0 0 1
0 0 0 0 0 0 1
0 0 0 0 0 0 1
0.636 0 0 3.001 0 1 1
0 0 0 0 0.092 0 1
4.704 0 0 4.82 0 0 1
0 0 0 0 0 0 1
0 0 0 0 0 0 1
0 0 0 0 0 0 1
0 0 0 0 0 0 1
0 0 0 0 0 0 1
0 0 0 0 0 0 1
4.6 0 0 3.132 0 1 1
0 0 0 0 0 0 1
0 0 0 0 0 0 1
0 0 0 0 4.101 0 1
0 0 0 0 0 0 1
4.808 0 0 9.277 0 1 1
1.103 2.536 0 24.337 0 1 1
6.381 0 0 3.189 0 1 1
0 0 0 6.632 3.312 0 1
0 0 0 0 0 0 1
0 0 0 0 0 0 1
0 0 0 0 0 0 1
0 0 0 0 0 0 1
0 0 0 0 0 0 1
9.957 2.547 0 5.591 0 1 1
0 0 0 0 0 0 1
0 0 0 0 0 0 1
3.539 0 0 0 0 0 1
9.75 4.132 0 7.254 0 1 1
0 0 0 0 0 0 1
0 0 0 0 0 0 1
0 0 0 0 0 0 1
0 2.365 2.092 0 4.396 0 1
0 0 0 0 2.707 0 1
0 0 0 0 0 0 1
0 0 0 0 0 0 1
0 0 0 0 0 0 1
0 0 0 0 3.492 0 1
0 0 0 0 0 0 1
0 0 0 0 0 0 1
0 0 0 0 0 0 1
0 0 0 0 0 0 1
0 0 0 0 0 0 1
0 0 0 0 4.096 0 1
0 0 0 0 0.307 0 1
2.193 0 0 2.647 0 0 1
0 0 0 0 0 0 1
0.621 0 0 0 0 0 1
0 0 0 0 0 0 1
5.921 3.152 0 4.607 0 1 1
3.256 0 0 4.132 0 1 1
2.306 4.081 0 5.767 0 0 1
0 0 0 0 0 0 1
0 0 0 0 0 0 1
0 0 0 0 0 0 1
0 0 0 0 0 0 1
1.522 0 0 1.83 0 0 1
0 0 0 0 0 0 1
0 0 0 0 0 0 1
6.135 0 0 15.134 0 1 1
0 0 0 0 0 0 1
0 0 0 0 0 0 1
3.074 0 0 0 0 0 1
0 0 0 0 0 0 1
3.388 3.5 0 6.802 0 1 1
0 0 0 0 0 0 1
0 0 0 0 0 0 1
0 0 0 0 0 0 1
0 0 0 0 0 0 1
0 0 0 0 0 0 1
0 0 0 0 0 0 1
0 0 0 0 0 0 1
0 0 0 0 0 0 1
5.94 0 0 4.79 0 1 1
0 0 0 0 0 0 1
3.134 0 0 9.511 0 1 1
0 0 0 0 0 0 1
0 0 0 0 0 0 1
8.003 0 0 3.036 0 1 1
0 0 0 0 0 0 1
5.256 0 0 4.183 0 1 1
0 0 0 0 0 0 1
0 0 0 0 2.15 0 1
1.768 0 0 0 0 1 1
5.227 0 0 3.501 4.237 1 1
0 0 0 0 0 0 1
0 0 0 0 0 0 1
0 0 0 0 0 0 1
0 0 0 3.286 0.769 0 1
0 0 0 0 0 0 1
0 0 0 0 0 0 1
0 0 0 0 0 0 1
0 0 0 3.148 0 0 1
6.015 0 0 0 0 1 1
4.45 0 0 0.619 0 1 1
3.814 0 0 0 0 1 1
0 0 0 0 0 0 1
0 0 0 0 0 0 1
0 0.498 0 3.76 0 0 1
0 0 0 0 0 0 1
6.948 0 0 0 1.632 1 1
0 0 0 3.09 0 0 1
0 0 0 0 0 0 1
0 0 0 0 0 0 1
0 0 0 0 0 0 1
0 0 0 0 4.123 0 1
0 0 0 0 4.323 0 1
0 0 0 0 0 0 1
0 0 0 0 0 0 1
0 0 0 0 0 0 1
0 0 0 0 0 0 1
0 0 0 0 0 0 1
0 0 0 0 0 0 1
3.317 0 0 0 0 1 1
0 0 0 0 0 0 1
0 0 0 0 0 0 1
0 0 0 0 4.17 0 1
7.852 0 0 3.43 0 1 1
5.842 0 0 10.418 0 1 1
0 0 0 0 0 0 1
0 0 0 0 0 0 1
6.5 1.7 0 12.515 0 1 1
5.278 2.392 0 13.4 0 1 1
0 0 0 0 0 0 1
0 0 0 0 0 0 1
0 0 0 6.33 0 0 1
2.998 0 0 7.776 0 1 1
0 0 0 0 0 0 1
0 0 0 0 0 0 1
0 1.945 0 0 4.771 0 1
6.352 0 0 5.145 0 1 1
0 0 0 0 6.536 0 1
0 0 0 0 0 0 1
0 0 0 0 0 0 1
1.84 0 0 3.499 0 1 1
0 0 0 0 0 0 1
0 0 0 0 0 0 1
0 0 0 0 0 0 1
0 0 0 0 5.929 0 1
0 0 0 0 0 0 1
0 0 0 0 0 0 1
7.994 5.79 0 7.23 0 1 1
0 0 0 0 0 0 1
4.348 2.162 0 5.355 0 1 1
4.185 2.961 0 14.9 0 0 1
2.037 0 0 0 3.493 0 1
2.327 0 0 3.462 0 0 1
4.097 0 0 0 0 0 1
0 0 0 0 2.451 0 1
0 0 0 0 0 0 1
1.989 2.785 0 0 0 0 1
0 0 0 0 0 0 1
0 0 0 0 0 0 1
0 0 0 0 2.139 0 1
1.777 0 0 5.86 0.4 0 1
5.483 0 0 3.211 0 1 1
0 0 0 0 0 0 1
4.247 0 0 0 0 1 1
0 0 0 0 0 0 1
3.206 0 0 0 4.528 0 1
1.799 0 0 0 0 0 1
0 0 0 0 0 0 1
5.279 0 0 0 2.555 1 1
3.398 0 0 7.473 0 1 1
0 0 0 0 0 0 1
0 0 0 0 0 0 1
0 0 0 0 0 0 1
0 0 0 0 0 0 1
0 0 0 0 0 0 1
3.888 0 0 0 0 1 1
4.625 4.141 0 7.27 0 1 1
0 0 0 0 2.71 0 1
0 0 0 0 0 0 1
4.275 0 0 3.268 0 1 1
0 0 0 0 0 0 1
0 0 0 0 0 0 1
0 0 0 0 0 0 1
0 0 0 0 0 0 1
4.719 0 0 3.612 0 1 1
0 0 0 0 0 0 1
0 0 0 0 0 0 1
0 0 0 0 0 0 1
0 0 0 0 0 0 1
0 0 0 0 0 0 1
0 0 0 0 0 0 1
0 0 0 0 0 0 1
0 1.913 0 0 3.282 0 1
0 0 0.112 0 0 0 1
6.54 0 0 0 0 1 1
1.335 0 0 0 0 0 1
0 0 0 0 0 0 1
0 0 0 0 0 0 1
3.892 0 0 0 2.173 0 1
0 0 0 0 0 0 1
0 0 0 0 0 0 1
0 0 0.897 0 2.395 0 1
3.253 4.285 0 8.345 0 1 1
1.981 0 0 0 0 0 1
0 0 0 0 3.251 0 1
0 0 0 0 0 0 1
1.115 0 0 1.179 0 0 1
7.716 0 0 4.074 0 1 1
0 0.774 0 0 0.465 0 1
0 0 0 0 0 0 1
0 0 0 0 0 0 1
0 0 0 0 0 0 1
2.852 3.298 0 8.424 0 1 1
0 2.731 1.514 0 2.315 0 1
2.826 3.371 0 6.549 0 1 1
0 0 0 0 0 0 1
2.767 1.919 0 17.019 0 1 1
0 0 0 0 0 0 1
3.035 0 0 0 0 0 1
0 0 0 0 0 0 1
0 0 0 0 0 0 1
0 0 0 0 0 0 1
4.316 0 0 0.962 0 0 1
0 0 0 0 0 0 1
0 0 0 0 0 0 1
0 0 0 2.453 1.661 0 1
0 0 0 0 3.402 0 1
6.397 2.691 0 6.891 0 1 1
0 0 0 0 0 0 1
0 0 0 0 0 0 1
6.006 0 0 0.491 0 1 1
0 0 0 0 0 0 1
0 0 0 3.38 0 0 1
3.207 0 0 3.158 0 1 1
0 0 2.895 0 0 0 1
0 0 0 0 0 0 1
0 0 0 0 0 0 1
0 0 0 0 0 0 1
0 0 0 0 0 0 1
0 0 0 0 3.551 0 1
0 0 0 0 0 0 1
0 0 0 0 0 0 1
0 0 0 0 3.868 0 1
0 0 0 0.855 0 0 1
0 0 0 0 0 0 1
0 0 0 0 2.805 0 1
0 0 0 0 0 0 1
1.154 0 0 1.758 0 1 1
6.045 0 0 7.498 0 1 1
0 0 0 4.016 0 0 1
0.073 0 0 0 0 0 1
0 0 0 0 0 0 1
0 0 0 0 0 0 1
3.163 0 0 0 0 0 1
0 0 0 0 0 0 1
0 0 0 0 0 0 1
0 0 0 0 0 0 1
0 0 0 4.212 0 0 1
0 0 0 0 0 0 1
0 0 0 0 0 0 1
0 0 0 1.779 0 0 1
0 0 0 0 0 0 1
0.58 0 0 0 0 0 1
0 0 0 3.342 0 0 1
0 0 0 0 4.636 0 1
4.013 0 0 0 0 0 1
0 0 0 0 0 0 1
0 0 0 0 3.459 0 1
0 0 0 0 0 0 1
0 0 0 0 0 0 1
0 0 0 0 2.143 0 1
0 0 0 0 0 0 1
0.615 0 0 0 0 0 1
0 0 0 0 0 0 1
0 0 0 0 0 0 1
9.351 0 0 3.864 0 1 1
0 0 0 0 0 0 1
0.494 0 0 0 0 0 1
0 0 0 0 0 0 1
0 0 0 0 0 0 1
2.376 0 0 4.54 0 1 1
0 0 0 0 2.459 0 1
0 0 0 0 0 0 1
0 0 0 1.081 0 0 1
0 0 0 0 0 0 1
0 0 0 0 0 0 1
8.368 0 0 1.202 0 1 1
0 0 0 0 0 0 1
3.579 0 0 0 0 0 1
1.435 0 0 0 0 0 1
0 0 0 0 0 0 1
0 0 0 3.339 0 0 1
0 0 0 0 0 0 1
0 0 0 0 0 0 1
0 0 3.618 0 0 0 1
0 0 0 0 0 0 1
0 0 0 0 0 0 1
0 0 0 0 0 0 1
1.197 0 0 0 0 0 1
5.185 0 0 17.398 0 1 1
0 0 0 0 0 0 1
0.775 0 0 1.298 0 0 1
0 0 0 0 0 0 1
0 0 0 0 0 0 1
0 0 0 0 0 0 1
4.308 0 0 0 0 1 1
0 0 0 0 0 0 1
0 0 0 0 0 0 1
3.615 0 0 3.741 0 1 1
0 0 0 0 0 0 1
0 0 0 0 0 0 1
0 0 0 0 0 0 1
0 2.79 0 0 2.854 0 1
0 0 0 0 0 0 1
0 0 0 0 1.941 0 1
0 0 0 0 0 0 1
0 0 0 0 0 0 1
0 0 0 0 4.425 0 1
0 0 4.363 0 0 0 1
0 0 0 0 0 1 1
0 0 0 0 0 0 1
0 0 0 0 0 0 1
0 0 0 0 0 0 1
0 0 0 0 0 0 1
0 0 0 0 0 1 1
2.588 0 0 0 3.657 0 1
0 0 0 0 0 0 1
0 0 0 4.084 0 0 1
0 0 0 3.661 4.114 0 1
0 0 0 0 0 0 1
0 0 0 0 3.739 0 1
0 0 0 0 3.459 0 1
0 0 0 0 0.808 0 1
0 0 0 0 0 0 1
3.8 0 0 0 0 1 1
3.892 0 0 0 0 0 1
2.936 0 0 7.001 0 1 1
0 0 0 0 0 0 1
3.69 0 0 0 0 1 1
0 0 0 0 0 0 1
0 0 0 0 0 0 1
4.596 2.74 0 10.288 0 1 1
0 0 0 0 0 0 1
0 0 0 0 0 0 1
0 0 0 0 0 0 1
6.572 0 0 0 0 1 1
0 0 0 0 0 0 1
8.498 0 0 17.041 0 1 1
0 0 0 0 0 0 1
0 0 0 5.828 0 0 1
0 0 0 0 0 0 1
0 0 0 0 0 0 1
0 0 0 0 0 0 1
0 0 0 0 0 0 1
0 0 0 0 0 0 1
1.969 0 0 0 0 1 1
5.656 0 0 11.497 0 1 1
4.6 0 0 4.857 0 0 1
0 0 0 0 0 0 1
2.174 0 0 1.626 3.455 1 1
2.071 1.379 0 25.687 0 1 1
0 0 0 0 0 0 1
0 0 0 0 5.283 0 1
1.626 0 0 0 0 0 1
0 0 0 0 1.475 0 1
0 0 0 0 0 0 1
0 0 0 0 0 0 1
3.335 0 0 3.29 0 1 1
2.385 0 0 0 0.092 0 1
0 0 0 0 0 0 1
4.816 3.122 0 33.295 0 1 1
0 0 0 0 0 0 1
0 0 0 0 0 0 1
0 0 0 0 2.471 0 1
0 0 0 0 0 0 1
5.321 0 0 5.655 0 1 1
4.786 0 0 2.628 0 1 1
0 0 0 0 0 0 1
0 0 0 0 0 0 1
0 0 0 0 0 0 1
5.113 0 0 0 0 1 1
0 0 0 0 0 0 1
5.969 0 0 0 0 1 1
0 0 0 0 0 0 1
0 0 0 0 0 0 1
0 0 0 2.242 0 0 1
0 0 0 0 0 0 1
0 0 0 0 0 0 1
0 0 0 0 0 0 1
0 0 0 3.262 0.378 0 1
1.938 0 0 2.937 0 0 1
0 0 0 0 0 0 1
0 0 0 0 0 0 1
7.357 7.419 0 9.614 0 0 1
0 0 0 0 0.555 0 1
0 0 0 0.16 0 0 1
0 0 0 0 0 0 1
0 0 0 0 0 0 1
0 0 0 0 0 0 1
0 0 2.407 0 0 0 1
5.526 0 0 0 0 1 1
0 0 0 0 0 0 1
0 0 0 0 0 0 1
0 0 0 0 0 0 1
0 0 0 0 0 0 1
0 0 0 0 0 0 1
0 0 0 0 0 0 1
0 0 0 0 0 0 1
0 0 0 0 0 0 1
0 0 0 0 0 0 1
0 0 0 0 0 0 1
0 0 0 0 0 0 1
3.696 0 0 0 0 0 1
0 0 0 0 0 0 1
2.875 0 0 0 0 0 1
0 0 0 0 0 0 1
5.471 3.681 0 10.651 0 1 1
3.394 0 0 0 3.76 0 1
0 0 0 0 0 0 1
3.482 0 0 13.079 0 1 1
4.073 0 0 1.324 0 1 1
0 0 0 0 0 0 1
4.601 0 0 0 0 1 1
0 0 0 0 0 0 1
0 0 0 0 0 0 1
0 0 0 0 1.526 0 1
0 0 0 0 0 0 1
0 0 0 0 0 0 1
0 0 0 0 2.729 0 1
9.167 0 0 8.243 0 1 1
0 0 0 0 0 0 1
0 0 0 3.339 0 0 1
0 3.503 0 0 0 0 1
0 0 0 0 0 0 1
0 0 0 1.31 3.128 0 1
0 0 0 0 0 0 1
0 0 0 0 0 0 1
1.359 0 0 6.086 0 0 1
0 0 0 0 0 0 1
1.866 0 0 0 0 1 1
0 0 0 0 0 0 1
0 0 0 0 0 0 1
0 0 0 0 0 0 1
0 0 0 0 0 0 1
0 0 0.23 0 1.157 0 1
3.52 0 0 0 0 0 1
0 0 0 0 0 0 1
0.878 0 0 5.581 2.874 0 1
2.729 0 0 2.692 0 0 1
0 0 0 0 0 0 1
5.656 0 0 0 0 0 1
0 0 0 0 0 0 1
0 0 0 0 0 0 1
0 0 0 0 0 0 1
0 0 0 0 0 0 1
0 0 0 0 3.459 0 1
5.254 0 0 3.036 0 1 1
0 0 0 0 3.778 0 1
0 0 0 0 0 0 1
0 0 0 0 0 0 1
0.923 0 0 6.101 0 0 1
1.778 0 0 6.301 0 0 1
0 0 0 0 0 0 1
0 0 0 0 0 0 1
0 0 0 0 0 0 1
0 0 0 0 3.224 0 1
5.168 0 0 4.104 0 0 1
0 0 0 0 0.054 0 1
0 0 0 0 0 0 1
3.967 5.057 0 16 0 0 1
4.577 0 0 0 4.081 1 1
0 0 0 0 0 0 1
0 0 0 0 0 0 1
0 3.464 0 0 0 0 1
0.972 0 0 0 0 0 1
0 0 0 0 0 0 1
4.218 0 0 0 0 1 1
0 0 0 1.019 0 0 1
0 0 0 0 0 0 1
0 0 0 0 0 0 1
0 0 0 0 0 0 1
0 0 0 0 0 0 1
2.454 0 0 2.722 0 1 1
0 0 0 0 0 0 1
3.418 2.964 0 4.778 0 1 1
0 0 0 0 0 0 1
0 0 0 0 0 0 1
0 0 0 0 0 0 1
0 0 0 0 0 0 1
0 0 0 0 0 0 1
0 0 0 0 0 0 1
0 0 0 0 5.979 0 1
0 0 0 0 0 0 1
3.738 0 0 0 0 0 1
0 0 0 0 0 0 1
0.793 0 0 0 0 0 1
4.521 0 0 4.196 0 1 1
0 0 0 0 3.609 0 1
0 0 0 0 3.157 0 1
0 0 0 0 0 0 1
0 0 0 0 0 0 1
0 0 0 0 0 0 1
6.548 3.375 0 5.922 0 1 1
0 0 0 0 0 0 1
4.264 0 0 1.327 0 1 1
0 0 0 0 0 0 1
0 0 0 1.454 4.291 0 1
0 0 0 0 2.655 0 1
0 0 0 0 0 0 1
3.709 0 0 0 3.676 1 1
3.373 0 0 11.015 0 1 1
7.386 0 0 4.03 0 1 1
2.165 0 0 0 0 0 1
0 0 0 0 0 0 1
0 0 0 0 1.592 0 1
3.46 0 0 9.894 0 1 1
0 0 0 0 0 0 1
0 0 0 0 0 0 1
0 0 0 0 0 0 1
0 0 0 0 0 0 1
0 0 0 0 0 0 1
0 0 0 0 0 0 1
2.948 0 0 5.137 0 1 1
0 0 0 0 4.684 0 1
0 0 0 0 0 0 1
0 0 0 0 0 0 1
0 0 0 0 0 0 1
0 0 0 0 0 0 1
0 0 0 0 0 0 1
0 0 0 0 2.484 0 1
0 0 0 4.49 0 0 1
0 0 0 0 0 0 1
0 0 0 0 0 0 1
0 0 0 0 0 0 1
0 0 0 0 0 0 1
0 0 0 0 0 0 1
1.818 0 0 0 0 0 1
0 0 0 0 0 0 1
2.373 3.375 0 3.163 0 1 1
0 0 0 0 0 0 1
0 0 0 3.885 0 0 1
0 0 0 0 0 0 1
6.331 0 0 2.559 0 1 1
0 0 0 0 0 0 1
0 0 0 0 0 0 1
2.75 0 0 0 0 0 1
0 0 0 0 0 0 1
0 0 0 0 0 0 1
0 0 0 0 0 0 1
2.588 0 0 0 0 0 1
0 0 0 0 0 0 1
0 0 0 0 0 0 1
0 0 0 0 0 0 1
3.718 0 0 7.6 0 1 1
0 0 0 0 0 0 1
3.771 6.928 0 7.517 0 1 1
0 0 0 0 0 0 1
4.197 0 0 6.355 3.953 1 1
2.389 1.064 0 0 0 0 1
0 0 0 0 0 0 1
0 0 0 0 0 0 1
0 0 0 0 0 0 1
0 0 0 0 0 0 1
0 0 0 0 3.34 0 1
3.632 0 0 8.839 0 1 1
0 0 0 0 3.1 0 1
0 0 0 0 0 0 1
3.423 0 0 1.002 0 1 1
4.319 0.115 0 5.56 0 1 1
0 0 0 0 0 0 1
0 0 0 0 2.861 0 1
0 0 0 0 0 0 1
4.184 0 0 3.42 0 1 1
0 0 0 0 0 0 1
0 0 0 0 0 0 1
0 0 0 0 0 0 1
0 0 0 0 0 0 1
0 0 0 0 0 0 1
3.879 0 0 0 3.457 0 1
0 0 0 0 1.93 0 1
0 0 0 0 0 0 1
0 0 0 0 0 0 1
0 0 0 0 0 0 1
0 0 0 0 2.21 0 1
0 0 0 0 0 0 1
0 0 0 0 0 0 1
4.547 3.647 0 16.824 0 1 1
3.261 0 0 3.747 3.005 1 1
0 0 0 0 2.689 0 1
0 0 0 0 0 0 1
0 0 0 0 0 0 1
0.896 0.501 0 3.263 0 0 1
0 0 0 0 0 0 1
0 0 0 0 3.255 0 1
0 0 0 0 0 0 1
0 0 0 0 0 0 1
7.584 0 0 2.842 0 1 1
4.057 0 0 0 0 1 1
0 0 0 0 0 0 1
0 0 0 0 0 0 1
0 0 0 0 0 0 1
0 3.342 0.949 0 0 0 1
0 0 0 0 0 0 1
0 0 0 0 0 0 1
0 0 0 0 0 0 1
0 0 0 0 3.57 0 1
0 0 0 0 0 0 1
0 0 0 0 0 0 1
0 0 0 0 0 0 1
0.875 0 0 1.8 0 0 1
0 0 0 0 2.138 0 1
0 0 0 0 0 0 1
4.986 0 0 1.888 0 1 1
3.404 0 0 9.632 0 1 1
0 0 0 0 0 0 1
0 0 0 0 2.586 0 1
1.899 0 0 0 0 0 1
0 0 0 0 0 0 1
0.429 0 0 0 0 0 1
3.376 0 0 3.76 0 1 1
0 0 0 0 0 0 1
0 0 0 0 0 0 1
0 0 0 0 0 0 1
7.231 0 0 0 0 0 1
0 0 0 0 2.372 0 1
0 0 0 0 0 0 1
0 0 0 0 0 0 1
1.292 0 0 3.03 0 0 1
3.066 0 0 0 0 1 1
0 0 0 0 0 0 1
0 1.441 2.051 0 0 0 1
0 0 0 0 0 0 1
6.77 0 0 0 0 1 1
0 0 0 0 0 0 1
0 0 0 2.455 0 0 1
3.372 0 0 7.03 0 1 1
0 0 0 0 0 0 1
0 0 0 0 0 0 1
0 0 0 0 0 0 1
0.556 0 0 8.603 0 0 1
0 0 0 0 0 0 1
1.727 0 0 2.466 0 0 1
0 0 0 0 0 0 1
0 0 0 0 0.036 0 1
0 0 0 0 0 0 1
1.707 4.088 0 4.141 0 1 1
2.918 0 0 1.977 0 1 1
2.29 0 0 0 0 0 1
0 0 0 0 0 0 1
4.066 0 0 6.218 0 1 1
1.671 0 0 0 0 0 1
0 0 0 0 3.459 0 1
0 0 0 0 0 0 1
0 0 0 0 0 0 1
0 0 0 0 0 0 1
0 0 0 0 0 0 1
0 0 0 0 0 0 1
0 0 0 0 0 0 1
2.039 4.45 0 7.207 0 1 1
0 0 0 0 0 0 1
1.157 0 0 0 0 0 1
0 0 0 0 0 0 1
0 0 0 0 0 0 1
3.442 0 0 0 0 0 1
4.99 0 0 1.894 0 1 1
0 0 0 0 0 0 1
0 0 0 0 0 0 1
2.551 1.631 0 4.983 3.536 1 1
0 0 0 0 0 0 1
5.68 4.185 0 4.714 0 1 1
0 0 0 0 0 0 1
6.176 1.796 0 4.878 3.154 1 1
0 0 0 0 0 0 1
0 0 0 0 0 0 1
0.104 0 0 0 0 0 1
0 0 0 0 0 0 1
0 0 0 0 0 0 1
2.918 0 0 0.202 0 1 1
1.197 0 0 0 0 1 1
0.002 0 0 0.251 0 0 1
0 0 0 0 0 0 1
0 0 0 0 0 0 1
3.361 0 0 0 0 1 1
5.243 0 0 1.283 0 1 1
2.73 0 0 3.818 0 1 1
0 0 0 0 0 0 1
0 0 0 0 0 0 1
0 0 0 0 0 0 1
0 0 0 0 0 0 1
1.502 0 0 1.936 0 1 1
0 0 0 0 0 0 1
0 0 0 0 0 0 1
3.941 0 0 1.974 0 1 1
0 0 0 0 0 0 1
0 0 0 0 0 0 1
0 0 0 0 0 0 1
0 0 0 0 0 0 1
0 0 0 0 0 0 1
0 0 0 0 0 0 1
0 0 0 0 0 0 1
0 0 0 0 3.552 0 1
8.785 0 0 7.481 0 1 1
0 0 0 0 0 0 1
0 0 0 0 0 0 1
6.054 0 0 0 0 0 1
3.711 3.616 0 0 0 0 1
6.599 0 0 6.692 0 1 1
2.909 1.336 0 4.446 0 1 1
3.006 0 0 2.97 3.241 1 1
7.283 0 0 4.779 0 1 1
0 0 0 0 0 0 1
0 0 0 0 0 0 1
0 0 0 0 3.657 0 1
0 0 0 0 0 0 1
2.761 0 0 0 0 0 1
0 0 2.762 0 0 0 1
0 0 0 0 0 0 1
2.94 6.867 0 13.8 0 1 1
0 5.291 2.928 0 0 0 1
2.472 0.793 0 7.011 0 1 1
3.749 0 0 8.709 0 1 1
0 0 0 5.45 0 0 1
6.017 0 0 6.271 0 1 1
2.251 1.419 0 5.102 0 1 1
0.495 0 0 3.16 1.109 0 1
0 0 0 0 0 0 1
0 0 0 0 0 0 1
0 0 0 0 0 0 1
7.536 0.761 0 1.735 0 1 1
0 0 0 0 4.724 0 1
6.244 0 0 8.102 0 0 1
0 0 0 0 2.527 0 1
0 0 0 0 0 0 1
0 0 0 0 0 0 1
0 0 0 0 0 0 1
9.816 0 0 14.304 0 1 1
3.339 0 0 7.118 0 1 1
4.029 0 0 3.998 0 0 1
1.087 0 0 2.102 0 1 1
0 0 0 3.954 0 0 1
3.46 0 0 0 0 0 1
0 0 0 0 0 0 1
2.318 0.184 0 5.511 0 1 1
0 0 0 0 1.247 0 1
7.986 0 0 5.813 0 1 1
0 0 0 0 0 0 1
0 0 0 0 0 0 1
0 0 0 0 0 0 1
0 0 0 0 0 0 1
4.054 0 0 0 0 1 1
0 0 0 0 0 0 1
0 0 0 0 0 0 1
0 0 0 0 0 0 1
5.536 0.313 0 12.436 0 1 1
0 0 0 0 0 0 1
0 0 0 0 2.689 0 1
4.374 0 0 2.174 0 1 1
3.497 0 0 0 0 1 1
0 0 0 0 0 0 1
6.787 0 0 4.945 0 0 1
1.502 0 0 0 0 0 1
12.323 0 0 6.657 1.637 1 1
0.199 0 0 8.821 0 0 1
2.655 0 0 3.03 0 0 1
0 0 0 0 0 0 1
0 3.381 0.768 0 2.193 0 1
0 0 0 1.244 0 0 1
0 0 0 0 0 0 1
0 0 0 0 0 0 1
0 0 0 0 4.447 0 1
8.57 0 0 9.784 0 1 1
0 0 0 0 0 0 1
0 0 0 0 0 0 1
0 0 0 0 6.368 0 1
0 0 0 0 4.84 0 1
7.868 0 0 5.473 0 1 1
7.164 0 0 0.348 0 0 1
7.534 0 0 0 0 1 1
0 0 0 3.45 0 0 1
0 0 0 0 3.59 0 1
0 0 0 0 0 0 1
3.893 0 0 0 0 0 1
0 0 0 0 0 0 1
11.132 0 0 5.781 0 1 1
0 0 0 0 0 0 1
0 0 0 0 0 0 1
0 0 0 0 0 0 1
7.026 0 0 0 0.334 0 1
5.358 0 0 4.98 0 1 1
4.634 0 0 5.489 0 1 1
0 0 0.033 0 0 0 1
4.367 0 0 3.445 0 1 1
3.277 0 0 4.865 0 1 1
0 0 0 0 0 0 1
0 0 0.155 0 0 0 1
0 0 0 0 0 0 1
0 0 0 0 3.76 0 1
2.529 2.84 0 4.696 0 0 1
4.572 0 0 2.223 2.763 1 1
2.827 2.39 0 11.379 0 1 1
1.527 3.639 0 15.098 0 0 1
5.793 0 0 0 0 0 1
0 0 0 0 0 0 1
0 0 0 0 0 0 1
3.224 0 0 0 0 1 1
0 0 0 0 1.799 0 1
0 0 0 0 0 0 1
3.506 0 0 0 0 0 1
0 0 0 0 0 0 1
0 0 0 0 0 0 1
0 0 0 0 0 0 1
0 0 0 0 0 0 1
4.285 0 0 0 0 0 1
0 0 0 0 0 0 1
5.663 0 0 0 0 1 1
0 0 0 0 0 0 1
0 0 0 0 0 0 1
2.021 0 0 0 0 0 1
0 0 0 0 0 0 1
0 0 0 0 0 0 1
0 0 0 0 0 0 1
5.43 0 0 10.882 0 1 1
0 0 0 0 0 0 1
0 0 0 0 0 0 1
5.047 0.256 0 9.636 0 1 1
3.903 0 0 0 0 1 1
0 0 0 0 0 0 1
0 0 0 0 0 0 1
2.631 0 0 11.246 0 1 1
1.313 0 0 0 0 0 1
0 0 0 0 0 0 1
5.785 0 0 0 0 1 1
0 0 0 0 0 0 1
0 0 0 0 0 0 1
0 0 0 0 1.711 0 1
0 0 0 0 0 0 1
0 0 0 0 0 0 1
0 0 0 0 0 0 1
1.851 0 0 0 0 0 1
2.119 0 0 7.113 0 0 1
3.799 0 0 0 0 0 1
0 0 0 0 0 0 1
3.454 0 0 5.411 0 1 1
0 0 0 0 0 0 1
0 0 2.538 0 0 0 1
0 0 0 0 0 0 1
0 0 0 0 0 0 1
0 0 0 0 0 0 1
7.296 0 0 4.059 0 1 1
0 0 0 0 0 0 1
0 0 0 0 1.879 0 1
10.566 0 0 9.902 0 1 1
0 0 0 0 0 0 1
0 0 0 0 0 0 1
0 0 0 0 0 0 1
0 0 0 0 0 0 1
9.569 4.158 0 11.19 0 1 1
0 0 0 0 0 0 1
0 0 0 3.036 0 0 1
0 0 0 0 0 0 1
0 0 0 0 0.323 0 1
2.908 0 0 0 0 1 1
0 0 0 0 3.347 0 1
0 0 0 0 0 0 1
0 0 0 0 0 0 1
6.264 0 0 0.218 0 1 1
3.676 0 0 0 0 1 1
0 0 0 0 0 0 1
2.254 0 0 0 0 0 1
0 3.342 0 4.962 0 0 1
3.679 0 0 3.155 2.47 0 1
5.234 2.54 0 11.77 0 1 1
0 0 0 0 0 0 1
0.251 0 0 0 0 0 1
1.524 1.835 0 8.922 0 1 1
0 0 0 0 0 0 1
0 0 0 5.862 0 0 1
9.997 1.837 0 6.757 0 1 1
0 0 0 6.58 0 0 1
0 0 0 0 0 0 1
0 0 0 0 0 0 1
4.399 3.485 0 48.63 0 1 1
2.238 0 0 2.833 0 0 1
7.458 0 0 3.67 0 1 1
0 0 0 0 0 0 1
0 0 0 0 0 0 1
0 0 0 0 0 0 1
5.577 0 0 5.126 0 0 1
0 0 0 0 1.333 0 1
0 0 0 0 0 0 1
0 0 0 0 3.761 0 1
0 0 0 0 0 0 1
4.73 2.898 0 3.643 0 1 1
2.119 0 0 7.638 0 1 1
0 0 0 0 0 0 1
0 0 0 0 0 0 1
6.201 0 0 1.564 0 1 1
0 0 0 3.279 0 0 1
0 0 0 0 0 0 1
0 0 0 0 0 0 1
0 0 0 0 0 0 1
0 0 0 0 0 0 1
0 0 0 0 0 0 1
0 0 0 0 0 0 1
7.722 0 0 4.342 3.114 1 1
0 0 0 0 0 0 1
2.807 0 0 3.386 0 0 1
1.255 0 0 0 0 0 1
0 0 0 0 0 0 1
3.587 0 0 6.051 3.657 1 1
0 5.363 0 18.512 0 0 1
0 0 0 0 0 0 1
3.211 0 0 3.155 0 1 1
0 0 0 0 0 0 1
0 0 0 0 0 0 1
0 0 0 0 0 0 1
0 0 0 0 0 0 1
0 0 0 0 0 0 1
3.489 0 0 3.305 0 1 1
5.265 0 0 0 0 1 1
0 0 0 0 0 0 1
7.218 0 0 2.79 0 1 1
0 0 0 0 0 0 1
0 0 0 0 0 0 1
0 0 0 0 0 0 1
0 0 0 0 1.258 0 1
0 0 0 0 0 0 1
6.138 3.48 0 4.938 0 1 1
0 0 0 0 0 0 1
0 0 0 0 0 0 1
0 0 0 5.013 0 0 1
3.892 0 0 0 0 1 1
0 0 0 0 0 0 1
0 0 0 0 0 0 1
0 0 0 0 1.468 0 1
0 0 0 0 0 0 1
2.283 0 0 5.066 0 0 1
0 0 0 4.59 0 0 1
0 0 0 0 0 0 1
0 0 0 0 0 0 1
0 0 0 0 0 0 1
0.989 0 0 4.465 0 0 1
0 0 0 0 0 0 1
3.08 0 0 0 0 0 1
0 0 0 0 0 0 1
2.875 0 0 0 4.22 0 1
0 0 0 0 0 0 1
10.141 3.317 0 6.886 0 1 1
0 0 0 0 0 0 1
0 0 0 0 0 0 1
0 0 0 0 0 0 1
0 0 0 0 0 0 1
0 2.711 0 0 0 0 1
4.897 0 0 2.88 0 0 1
0 0 0 0 0 0 1
0 0 3.127 0 0 0 1
1.666 0 0 0 1.946 0 1
7.312 0.117 0 6.075 0 1 1
0 0 0 0 0 0 1
0 0 0 0 0 0 1
0 0 0 0 0 0 1
0 0 0 0 0 0 1
0 0 0 0 0 0 1
0 0 0 0 0 0 1
0 0 0 0 3.505 0 1
1.638 0 0 0 0 0 1
0 0 0 0 5.473 0 1
4.71 0 0 0 1.862 1 1
6.531 0 0 4.363 3.759 1 1
0 0 0 0 0 0 1
0 0 0 0 0 0 1
0 9.591 1.267 0 4.941 0 1
0 0 0 0 0 0 1
2.841 0 0 4.323 0 1 1
5.622 0 0 6.192 0 1 1
8.084 0 0 0 0 0 1
1.919 0 0 3.545 0 0 1
0 0 0.156 0 0 0 1
0 0 0 0 0 0 1
0 0 0 0 0 0 1
4.266 0.838 0 6.063 0 1 1
3.425 0 0 1.21 0 1 1
0 0 0 0 0 0 1
0 0 0 0 0 0 1
3.931 0 0 0 0 1 1
0 0 0 0 0 0 1
4.948 0 0 6.217 0 0 1
2.638 0 0 8.883 0 1 1
0 0 0 0 0 0 1
0 0 0 1.236 0 0 1
0 0 0 0 0 0 1
0 0 0 0 0 0 1
0 0 0 0 0 0 1
0 0 0 0 0.899 0 1
0 0 0 0 0 0 1
0.101 0 0 2.412 0 0 1
9.292 4.297 0 9.06 0 1 1
0 0 0 3.342 0 0 1
5.375 0 0 8.685 0 1 1
0 0 0 0 0 0 1
3.9 0 0 4.542 2.405 0 1
7.51 0 0 4.849 0 1 1
0 0 0 0 0 0 1
1.873 0 0 0 0 0 1
0 0 0 0 0 0 1
2.575 0 0 0 2.003 0 1
0 0 0 0 0 0 1
0 0 0 0 0 0 1
3.172 0 0 6.757 0 0 1
3.448 0 0 0 0 0 1
0 0 0 0 0 0 1
2.752 0 0 0 0 0 1
0 0 0 0 0 0 1
3.639 0 0 8.867 0 1 1
0 0 0 0 0 0 1
0 0 0 0 0 0 1
0 0 0 0 0 0 1
10.136 0 0 3.701 0 1 1
0 0 0 0 0 0 1
0 0 0 0 0 0 1
0 0 0 0 0 0 1
0 0 0 0 0 0 1
0 0 0 0 0 0 1
0 0 0 3.76 3.61 0 1
0 0 0 0 0 0 1
0 0 0 0 0 0 1
3.252 0 0 0 0 0 1
0 0 0 0 0 0 1
0 0 0 0 0 0 1
6.299 0 0 2.883 4.159 1 1
0 0 0 0 0 0 1
4.679 0 0 3.629 3.423 0 1
0 0 0 0 0 0 1
5.567 3.319 0 15.741 0 1 1
2.616 0 0 0 0 0 1
0 0 0 0 0 0 1
0 0 0 0 0 0 1
0 0 0 0 0 0 1
2.428 0 0 3.339 0 0 1
0 0 0 0 0 0 1
5.377 0 0 13.263 0 1 1
0 0 0 0 0 0 1
5.949 0 0 0 0 1 1
5.172 2.09 0 7.511 0 0 1
0 0 0 0 0 0 1
0 0 0 0 0 0 1
0 0 0 0 0 0 1
0 0 0 0 0 0 1
4.476 3.925 0 2.662 0 1 1
5.164 0 0 7.782 0 0 1
0 0 0 0 0 0 1
0 0 0 3.696 0 0 1
0 0 0 0 0 0 1
2.937 1.58 0 6.045 0 1 1
0 0 0 0 0 0 1
6.636 0 0 0 0 0 1
0 0 0 0 0 0 1
0 0 0 0 3.123 0 1
0 0 0 0 0 0 1
0 0 0 0 0 0 1
0 0 0 0 0 0 1
3.846 0 0 4.2 0 1 1
0 0 0 0 0 0 1
0 0 0 0 0 0 1
3.376 0 0 3.11 2.912 1 1
0 0 0 0 0 0 1
3.437 0 0 0 0 0 1
2.274 0 0 4.177 3.075 1 1
0 0 0 0 0 0 1
0 0 0 0 0 0 1
6.342 0 0 9.089 1.594 1 1
0 0 0 0 0 0 1
0 0 0 0 2.592 0 1
0 0 0 0 0 0 1
0 0 0 0 0 0 1
0 3.613 0 0 0 0 1
0 0 0 0 0 0 1
0 0 0 0 0 0 1
0 0 0 0 0 0 1
0 0 0 0 0 0 1
0 0 0 0 0 0 1
3.564 0 0 4.278 0 1 1
0 0 0 0 0 0 1
0 0 0 0 0 0 1
0 0 0 0 0 0 1
3.908 2.785 0 0 0 1 1
0 0 0 0 0 0 1
3.892 0 0 4.261 0 0 1
4.324 0 0 5.818 2.878 1 1
9.83 1.938 0 6.511 0 1 1
0 0 0 0 0 0 1
0 0 0 0 0 0 1
0 0 0 0 0 0 1
0.526 0 0 0 0 0 1
0 0 0 0 0 0 1
0 0 0 0 0 0 1
1.733 0 0 5.73 0 0 1
0 0 0 0 0 0 1
6.91 0 0 3.922 0 1 1
0 0 0 0 0 0 1
0 0 0 0 0 0 1
8.211 0 0 22.008 0 1 1
1.273 0 0 4.285 0 0 1
0 0 0 0 0 0 1
3.694 0 0 0 0 1 1
3.47 0 0 3.473 0 1 1
0 0 0 0 0 0 1
3.393 0 0 1.323 0 1 1
0 0 0 2.059 3.947 0 1
0 0 0 0 0 0 1
0 0 0 0 0 0 1
0 0 0 0 0 0 1
0 0 0 0 0 0 1
0 0 0 0 0 0 1
0 0 0 0 0 0 1
0 0 0 0 1.742 0 1
4.137 0 0 2.66 0 1 1
5.355 0 0 0 6.353 1 1
8.088 0 0 0 0 0 1
0 0 0 0 0 0 1
0 0 0 0 0 0 1
3.189 5.377 0 4.447 0 0 1
4.313 0 0 0 0 0 1
4.276 0 0 0 1.675 0 1
0 0 0 0 0 0 1
0 0 0 0 0 0 1
0 0 0 0 1.753 0 1
0 0 0 0 0 0 1
1.9 0 0 0 0 0 1
0 0 0 0 0 0 1
0 0 0 0 1.893 0 1
4.097 0 0 0 0 0 1
5.487 8.31 0 10.978 0 1 1
3.496 0 0 6.893 0 1 1
9.202 6.35 0 16.562 0 1 1
0 0 0 0 0 0 1
0 0 0 0 0 0 1
0 0 0 0 0 0 1
0 0 0 0 0 0 1
1.072 0 0 5.354 0 0 1
4.601 0 0 0 0.696 0 1
0 0 0 0 0 0 1
2.866 0 0 0 0 0 1
5.026 0 0 4.126 0 1 1
0 0 0 0 0 0 1
3.397 0 0 4.667 0 1 1
0 0 3.254 0 0 0 1
0 0 0 0 0 0 1
5.656 0.163 0 17.031 0 1 1
0 0 0 0 0 0 1
0 0 0 0 0 0 1
0 0 0 0 0 0 1
0 3.675 0 0 0 0 1
0 0 0 0 0 0 1
0 0 0 0 0 0 1
0 0 0 0 0 0 1
0 3.819 0 0 0 0 1
0 0 0 0 0 0 1
0 0 0 0 0 0 1
0 0 0 0 0 0 1
0 0 0 0 0 0 1
0.948 0 0 5.951 0 1 1
5.792 0 0 4.654 0 1 1
3.412 2.816 0 0 8.825 0 1
0 0 0 0 0 0 1
0 0 0 0 0 0 1
0 0 0 0 0 0 1
0 0 0 0 0 0 1
0 0 0 0 0 0 1
0 0 0 0 0 0 1
4.966 0 0 13.146 0 1 1
3.489 0 0 0 2.098 1 1
0 0 0 0 0 0 1
10.144 0 0 0 0 1 1
0 0 0 0 3.251 0 1
0 0 0 0 0 0 1
0 0 0 0 0 0 1
3.46 0 0 0.234 0 0 1
0 0 0 0 3.819 0 1
0 0 0 0 0 0 1
0 0 0 0 6.096 0 1
3.839 3.342 0 7.763 0 1 1
0 0 0 0 0 0 1
0 0 0 0 0.162 0 1
0 0 0 0 0 0 1
0 0 0 0 0 0 1
5.348 0 0 0 0 1 1
0 0 0 0 0 0 1
0 0 0 0 0 0 1
5.038 2.433 0 3.391 0 1 1
0 0 0 0 0 0 1
3.544 0 0 0 0 0 1
0.437 0 0 0.224 0 0 1
0 0 0 0 0 0 1
2.516 0 0 0 0 0 1
0 0 0 0 0 0 1
0 0 0 0 3.192 0 1
0 0 0 0 0 0 1
3.871 0 0 4.105 0 1 1
4.706 0 0 9.892 0 1 1
0 0 0 0 0 0 1
6.15 3.365 0 6.54 0 1 1
0 0 0 0 0 0 1
0 0 0 0 0 0 1
0 0 0 0 0 0 1
0 0 0 0 0 0 1
0 0 0 0 0 0 1
0 0 0 0 0 0 1
0 0 0 0 0 0 1
0 0 0 0 2.863 0 1
0 0 0 0 0 0 1
3.887 0 0 0 0 0 1
0 0 0 0 0 0 1
0 0 0 0 2.333 0 1
0 0 0 0 0 0 1
2.222 0 0 0 0 0 1
6.93 4.842 0 18.881 0 1 1
0 0 0 0 0 0 1
3.738 0 0 0 0 0 1
0 0 0 0 0 0 1
0 0 0 0 0 0 1
0 0 0 0 0 0 1
5.279 0 0 4.214 0 0 1
3.388 0 0 0.129 0 1 1
0 0 0 0 0 0 1
0 0 0 0 5.211 0 1
0 0 0 0 0 0 1
2.968 0 0 2.163 0 0 1
4.947 0 0 4.819 0 1 1
1.704 0 0 0 0 0 1
0 0 0 0 0 0 1
0 0 0 3.638 0 0 1
0 0 0 0 0 0 1
0.323 0 0 1.663 0 0 1
0 0 0 6.241 0.177 0 1
5.985 0 0 5.328 0 1 1
0 0 0 0 0 0 1
0 0 0 0 0 0 1
0 0 0 0 0 0 1
4.443 2.255 0 2.764 0 1 1
0 0 0 0 3.134 0 1
0 0 0 0 1.442 0 1
0 0 0 0 0 0 1
0 0 0 0 0 0 1
0.159 0 0 0 2.789 0 1
3.917 0 0 3.72 0 1 1
0 0 0 0 0 0 1
0 0 0 0 0 0 1
1.303 0 0 0 0 0 1
5.768 0 0 3.544 2.407 1 1
0 0 0 0 0 0 1
0 0 0 0 0 0 1
0 0 0 0 0 0 1
0 0 0 0 0 0 1
0 0 0 0 0 0 1
5.336 3.374 0 3.561 2.243 1 1
0 0 0 0 0 0 1
0 0 0 0 0 0 1
0 0 0 0 0 0 1
0 0 0 0 0 0 1
0 0 0 0 0 0 1
0 0 0 0 0 0 1
2.266 0 0 6.833 0 1 1
0 0 0 0 0 0 1
3.252 0 0 0 0 0 1
0 0 0 0 0 0 1
0 0 0 0 0 0 1
0 0 0 0 3.657 0 1
0 0 0 0 0 0 1
0 0 0 0 0 0 1
0 0 0 0 2.295 0 1
0 0 0 0 0 0 1
0 0 0 0 0 0 1
0 0 0 0 0 0 1
3.892 0 0 0 0 0 1
2.452 0 0 0 0 0 1
0 0 0 0 0 0 1
0 0 0 0 0 0 1
0 0 0 0 0 0 1
0 0 0 0 0 0 1
0 0 0 3.954 0 0 1
0 0 0 0 0 0 1
0 0 0 0 0 0 1
0 0 0 0 0 0 1
0 0 0 0 0 0 1
0 0 0 0 0 0 1
4.329 0 0 0 0 1 1
0 0 0 0 0 0 1
0 0 0 0 0 0 1
0 3.899 0 10.351 0 0 1
0 0 0 0 0 0 1
0 0 0 0 0 0 1
0 0 0 0 0 0 1
0 0 0 0 0 0 1
2.317 8.214 0 4.522 0 1 1
3.253 1.163 0 0 0 0 1
0 0 0 0 0 0 1
0 0 0 0 0 0 1
0 0 0 0 0 0 1
7.186 0 0 9.045 0 1 1
2.892 0 0 4.623 0 1 1
2.818 0 0 0 0 1 1
1.784 0 0 7.123 0 1 1
0 0 0 0 3.531 0 1
0 0 0 0 0 0 1
5.594 0 0 10.628 0 1 1
0 0 0 2.376 0 0 1
0 0 2.355 0 0 0 1
0 0 0 0 0 0 1
0.917 0 0 0 0 0 1
0 0 0 0 4.85 0 1
6.526 0.364 0 0 0 1 1
0 0 0 0 0 0 1
1.694 0 0 11.713 0 1 1
6.448 0 0 2.607 0 1 1
6.579 0 0 8.537 0 1 1
5.463 0 0 0 0 0 1
3.591 0 0 11.93 0 1 1
0 0 0 0 0 0 1
0 0 0 0 0 0 1
0 0 0 0 0 0 1
3.215 0 0 0 0 1 1
0 0 0 0 0 0 1
0 0 0 0 0 0 1
4.422 0.861 0 14.111 0 1 1
0 0 0 0 0 0 1
4.676 0 0 0 0 1 1
0 0 0 0 1.8 0 1
0 0 0 0 0 0 1
0 0 0 0 0 0 1
0 0 0 0 0 0 1
0 0 0 2.915 0 0 1
0 0 0 0 0 0 1
0 0 2.931 0 2.151 0 1
0 0 0 0 0 0 1
0 0 0 0 0 0 1
0 0 0 0 0 0 1
0 0 0 0 0 0 1
4.097 0 0 0 0 0 1
3.139 0 0 4.431 0 1 1
0 0 0 0 0 0 1
0 0 0 0 0 0 1
0 0 0 0 0 0 1
0 0 0 0 0 0 1
0 0 0 0 0 0 1
0 0 0 0 0 0 1
0 0 0 0 0 0 1
0 0 0 0 0 0 1
3.26 0 0 11.581 0 1 1
0 0 0 0 0 0 1
0 0 0 0 0.943 0 1
0 0 0 0 0 0 1
6.226 4.141 0 18.739 0 1 1
0 0 0 0 0 0 1
1.894 0 0 1.93 0 0 1
0 0 0 0 0 0 1
4.589 3.899 0 8.8 0 1 1
0 0 0 0 0 0 1
0 0 0 0 0 0 1
3.675 0 0 4.726 0 1 1
6.8 4.028 0 10.266 0 1 1
0 0 0 0 0 0 1
0 0 0 0 0 0 1
0 0 0 0 0 0 1
0 0 0 0 0 0 1
0 0 0 0 0 0 1
0 0 0 0 0 0 1
0 0 0 0 0 0 1
4.967 0 0 0 0 1 1
5.667 0 0 0 0 1 1
0 0 0 0 0 0 1
0 0 0 0 0 0 1
12.351 0 0 16.159 0 1 1
3.434 0.714 0 6.358 0 1 1
0 0 0 0 0 0 1
0 0 0 0 0 0 1
0 0 0 0 0 0 1
3.343 3.614 0 3.643 0 1 1
0 0 0 0 0 0 1
1.771 0 0 0 0.266 0 1
0 0 0 0 0 0 1
0 0 0 0 0 0 1
0 0 0 0 0 0 1
0 0 0 0 0 0 1
4.941 0 0 13.172 0 1 1
0 0 0 0 0 0 1
0 0 0 0 4.376 0 1
0 0 0 0 0 0 1
0 0 0 0 0 0 1
0 0 0.985 0 0 0 1
2.749 3.681 0 10.353 0 0 1
3.771 0 0 8.09 0 1 1
0 0 0 0 0 0 1
0 0 0 0 0 0 1
5.109 0 0 0 0 0 1
0 3.012 2.38 0 1.564 0 1
0 0 0 0 0 0 1
9.665 0 0 6.085 0 1 1
0 0 0 0 0 0 1
0 0 0 0 0 0 1
0 0 0 0 0 0 1
4.767 0 0 9.305 1.701 1 1
1.502 0 0 3.732 0 1 1
2.684 0 0 4.571 0 1 1
0.915 5.896 0 28.026 0 1 1
1.945 0 0 0 0 0 1
0 0 0 0 0 0 1
0 0 0 0 0 0 1
0 0 0 0 0 0 1
2.891 0 0 4.13 0 1 1
0 0 0 0 0 0 1
0 0 0 0 0 0 1
4.025 0 0 3.867 0 1 1
0 0 0 0 0.884 0 1
6.466 0 0 0 0 1 1
9.06 0 0 0 0 1 1
0 0 0 0 0 0 1
0 0 0 0 0 0 1
0 0 0 0 0 0 1
4.459 0 0 3.425 0 1 1
0 0 0 0 0 0 1
3.806 0 0 0 0 1 1
0 0.581 0 3.76 0 0 1
5.701 0 0 0 0 1 1
3.578 0 0 0.949 3.459 0 1
0 0 0 0 0 0 1
0 0 0 0 0 0 1
11.234 0.431 0 14.533 0 1 1
0 0 0 0 0 0 1
0 0 0 0 0 0 1
0 0 0 2.863 0 0 1
0 0 0 0 2.875 0 1
0 0 0 0 0 0 1
0 0 0 2.158 0 0 1
3.181 0 1.044 0 0 0 1
5.581 0 0 0 0 0 1
5.151 0 0 3.678 0 1 1
0 0 0 3.18 0 0 1
0 0 0 0 0 0 1
0 0 0 0 3.825 0 1
0 0 0 0 0 0 1
0.968 0 0 0 0 0 1
12.73 2.678 0 3.851 0 0 1
5.082 0 0 3.558 3.885 0 1
2.226 2.929 0 12.467 0 1 1
0 0 0 0 0 0 1
0 0 0 0 0 0 1
0 0 0 0 0 0 1
4.757 0 0 0 0 0 1
2.602 3.294 0 1.294 0 0 1
4.6 0 0 0 0 0 1
0 0 0 0 0 0 1
1.589 0 0 2.581 3.958 0 1
3.274 3.468 0 7.116 0 0 1
0 0 0 0 0 0 1
0 0 0 0 0 0 1
0.125 0 0 0 0 0 1
0 0 0 0 0 0 1
0 0 0 0 0 0 1
0 0 0 0 0 0 1
4.05 0 0 0 0 0 1
5.726 0 0 1.887 0 0 1
0 0 0 0 0 0 1
0 0 0 0 0 0 1
4.013 0 0 14.87 0 1 1
0 0 0 0 0 0 1
0 0.21 2.771 0 0 0 1
0 0 0 0 2.694 0 1
5.314 1.895 0 6.968 0 0 1
0 0 0 0 0 0 1
0 0 0 0 3.679 0 1
0 0 0 4.095 0 0 1
0 0 0 0 0 0 1
0 0 0 0 0 0 1
4.216 0 0 16.845 0 1 1
3.253 0 0 0 0 0 1
0 0 0 0 0 0 1
0 0 0 0 0 0 1
0 0 0 0 0 0 1
0 0 0 0 0 0 1
0 0 0 0.198 0.126 0 1
0 0 0 0 3.06 0 1
0 0 0 0 0 0 1
2.846 0 0 0 0 0 1
4.525 0 0 0 2.149 0 1
0 0 0 0 0 0 1
0 0 0 0 0 0 1
3.691 0 0 7.524 0 1 1
3.043 0 0 0 0 0 1
2.735 0 0 8.217 0 1 1
0 0 0 0 0 0 1
0 1.279 0 0 1.311 0 1
6.158 0 0 4.12 0 1 1
0 0 0 0 0 0 1
2.379 0 0 0 0 0 1
5.754 2.384 0 4.177 0 1 1
2.796 0 0 3.57 0 1 1
0 0 0 0 0 0 1
3.334 0 0 0 0 0 1
0 0 0 0 2.319 0 1
0 0 0 0 0 0 1
0 0 0 0 2.188 0 1
2.875 0 0 0 0 0 1
0 0 0 0 0.272 0 1
0 0 0 0 0 0 1
0 0 0 0 0 0 1
0 0 0 0 0 0 1
0 0 0 0 0 0 1
0 0 0 0 0 0 1
0 0 0 0 0 0 1
0 0 0 0 0 0 1
0 0 0 0 0 0 1
0 0 0 5.23 0 0 1
0 0 0 0 0 0 1
0 0 0 0 2.318 0 1
3.892 0 0 8.961 0 1 1
0 0 0 0 0 0 1
2.956 0 0 0 0 0 1
0 0 0 0 0 0 1
0 0 0 0 0 0 1
0 0 0 0 0 0 1
0 0 0 0 0 0 1
0 0 0 0 0 0 1
3.286 0 0 3.927 1.928 1 1
0 0 0 0 0 0 1
6.981 0 0 4.555 0 1 1
7.108 0 0 7.686 0 1 1
0 0 0 0 0 0 1
0 2.689 0.181 0 0.837 0 1
0 0 0 2.714 4.231 0 1
5.026 0 0 3.944 0 1 1
3.438 0 0 2.748 0 1 1
0 0 0 0 0 0 1
0 0 0 0 0 0 1
0 0 0 0 1.796 0 1
0 0 0 0 0 0 1
8.115 0 0 1.834 0 1 1
0 0 0 0 0 0 1
5.437 0 0 4.755 0 1 1
0 0 0 0 0 0 1
0 0 0 0 0 0 1
6.311 0 0 3.644 0 1 1
0 0 0 0 0 0 1
0 0 0 0 0 0 1
0 0 2.997 0 0 0 1
4.66 0 0 0 0 0 1
0 0 0 0 1.521 0 1
0 0 0 0 0 0 1
0 0 0 0 0 0 1
0 0 0 0 0 0 1
5.279 0 0 0 0 0 1
0 0 0 0 0 0 1
2.161 0 0 0 0 0 1
0 0 0 0 0 0 1
0 0 0 0 0 0 1
0 0 0 0 0 0 1
0 0 0 0 0 0 1
3.724 0 0 0 0 0 1
1.778 0 0 2.325 0 0 1
1.131 0 0 3.401 0 0 1
0 1.359 0 0 0 0 1
0 0 0 0 0 0 1
0 0 0.315 0 0 0 1
0 0 0 0 0 0 1
0 0 0 0 0 0 1
0 0 0 0 0 0 1
4.694 4.892 0 12.955 0 1 1
0 0 0 0 0 0 1
0 0 0 0 0 0 1
6.166 0 0 6.673 0 1 1
0 0 0 0 0.253 0 1
0 0 0 0 0 0 1
0 0 0 0 0 0 1
0 0 0 0 0 0 1
0 0 0 0 0 0 1
0 5.155 0 5.535 0 0 1
0 0 0 0 0 0 1
0 0 0 0 0 0 1
0 0 0 0 0 0 1
0 0 0 0 0 0 1
0 0 0 0 0 0 1
2.114 0 0 0.888 0 0 1
0 0 0 0 0 0 1
0 0 0 0 0 0 1
5.98 2.785 0 7.042 0.511 1 1
5.033 0 0 0 0 0 1
0 0 0 0 3.54 0 1
5.264 0 0 15.972 0 1 1
0 0 0 0 0 0 1
0 0 0 0 0 0 1
0 0 0 0 0 0 1
2.453 2.621 0 4.754 4.809 1 1
0 0 0 0 0 0 1
4.807 0 0 4.861 0 0 1
0 0 0 0 4.125 0 1
0 0 0 0 1.889 0 1
1.948 0 0 1.672 0 0 1
0.974 0 0 2.417 0 0 1
4.277 4.714 0 8.469 0 1 1
0 0 0 0 0 0 1
0 9.073 0 20.076 0 0 1
0 0 0 0 3.26 0 1
0 0 0 0 0 0 1
2.729 0 0 3.281 0 1 1
10.277 0 0 5.445 0 1 1
0 0 0 0 0 0 1
2.745 0 0 0 0 1 1
0 0 0 0 0 0 1
4.287 0 0 4.53 0 1 1
0 0 0 0 0 0 1
4.113 0 0 4.667 0 1 1
0 0 0 0 0 0 1
0 0 0 0 0 0 1
10.145 0 0 4.268 0 1 1
0 0 0 0 0 0 1
0 0 0 0 0 0 1
3.241 0 0 2.733 0 1 1
0 0 0 0 0 0 1
0 0 0 0 0 0 1
5.335 0 0 0 0 0 1
0 0 0 0.054 0 0 1
0 0 0 0 0 0 1
1.924 0.968 0 3.643 0 0 1
0 0 0 2.486 0 0 1
0 0 0 0 0 0 1
0 0 0 0 0 0 1
0 0 0 0 0 0 1
0 0 0 0 0 0 1
0 0 0 0 3.92 0 1
0 0 0 3.645 0 0 1
2.889 0 0 4.168 4.201 1 1
3.509 3.395 0 6.781 0 1 1
8.429 0 0 0 0 0 1
0 0 0 0 0 0 1
3.167 0 0 0 0 1 1
0 0 0 0 0 0 1
0 4.456 0 0 0 0 1
0 0 0 0 0 0 1
9.713 0 0 15.912 0 1 1
0 0 0 0 0 0 1
5.611 0 0 4.135 0 1 1
2.447 0 0 3.034 0 0 1
0 0 0 0 0 0 1
0 0 0 0 0 0 1
1.027 0 0 0 0 0 1
0 0 0 0 0 0 1
0 0 0 0 0 0 1
0 0 0 0 0 0 1
4.888 0 0 0 0 1 1
0 0 0 0 2.067 0 1
0 0 0 0 0 0 1
0 0 0 0 3.876 0 1
3.101 0 0 12.085 0 1 1
0 0 0 0 0 0 1
0 0 0 5.377 0 0 1
3.892 0 0 0 0 0 1
0 0 0 0 0 0 1
0 0 0 0 0 0 1
0 0 0 0 0 0 1
0 0 0 0 0 0 1
0 0 0 0 0 0 1
0 0 1.224 0 0 0 1
0 0 0 0 0 0 1
3.234 0 0 0 0 0 1
0 0 0 0 0 0 1
0 0 0 0 0 0 1
3.871 0 0 6.388 0 1 1
0 0 0 0 0 0 1
0 0 0 0 0 0 1
0 0 0 0 0 0 1
0 0 0 0 4.906 0 1
0 0 0 0 0 0 1
0 0 0 0 1.716 0 1
0 0 0 0 0 0 1
3.329 0 0 4.515 0 1 1
0 0 0 0 0 0 1
0 0 0 0 0 0 1
3.37 0 0 3.624 0 1 1
0 0 0.462 0 2.242 0 1
0 0 0 0 0 0 1
0 0 0 0 0 0 1
0 0 0 0 0 0 1
1.82 0.435 0 6.066 0 0 1
5.28 0 0 0 0.565 1 1
0 0 0 3.743 3.083 0 1
0 0 0.795 0 4.275 0 1
0 0 0 0 0 0 1
0 0 0 0 0 0 1
0 0 0 0 0 0 1
0 0 0 0 2.89 0 1
4.685 0 0 0 0 0 1
0 0 0 0 0 0 1
1.566 0 0 6.469 0 0 1
0.429 0.941 0 21.974 0 1 1
0 0 0 0 0 0 1
5.214 0 0 0 0 1 1
5.314 0 0 0 0 0 1
0 0 0 0 0 0 1
2.935 0 0 4.217 0 1 1
0 0 0 0 0 0 1
0 0 0 0 0 0 1
0 0 0.587 0 3.852 0 1
2.254 0 0 3.171 0 0 1
0 0 0 0 0 0 1
0 0 0 0 0 0 1
4.785 0 0 0 0 1 1
0 0 0 0 0 0 1
8.149 0 0 0 0 1 1
0 3.623 4.25 0 0 0 1
0 0 0 1.641 0 0 1
3.926 0 0 2.765 2.149 1 1
0 0 0 0 0 0 1
0 0 0 0 0 0 1
5.376 0 0 4.178 0 1 1
4.915 0 0 6.781 0 1 1
0.917 0 0 0 0 0 1
0 0 0 0 0 0 1
0 0 0 0 2.341 0 1
0 0 0 0 0 0 1
2.077 0 0 12.317 0 1 1
2.977 0 0 2.137 2.9 1 1
0 0 0 0 0 0 1
0 0 0 0 0 0 1
0 1.947 0 0 0 0 1
0 0 0 0 4.379 0 1
6.652 0 0 10.202 0 1 1
0 0 0 0 0 0 1
0 0 0 0 0 0 1
0 0 0 0 0 0 1
0 0 0 0 0 0 1
4.148 0 0 0.042 0 0 1
3.423 7.164 0 9.689 0 1 1
0 0 0 0 1.107 0 1
0 0 0 0 3.386 0 1
0 0 0 0 0 0 1
2.595 2.552 0 12.812 0 1 1
0 0 0 0 3.048 0 1
0 0 0 0 0 0 1
0 0 0 0 0 0 1
4.54 0 0 1.293 0 1 1
0 0 0 5.013 0 0 1
0 0 0 0 0 0 1
3.74 0 0 0 1.818 1 1
2.536 0 0 4.55 1.231 0 1
6.713 0 0 7.088 0 1 1
3.808 0 0 7.182 0 1 1
0 0 0 0 0 0 1
2.686 0 0 0 0 0 1
0 0 0 0 0 0 1
2.959 0 0 0.239 0 1 1
4.205 0 0 2.5 0 1 1
0 0 0 0 0 0 1
0 0 0 0 0 0 1
0 0 0 0 0 0 1
0 0 0 0 0 0 1
0 0 0 0 0 0 1
0 0.906 4.363 0 0 0 1
0 0 0 0 0 0 1
0 0 0 0 0 0 1
1.692 3.714 0 2.718 0 1 1
0 0 0 0.32 0 0 1
8.328 1.256 0 5.094 0 1 1
0 0 0 0 0 0 1
0 0 0 6.955 0 0 1
0 0 0 0 0 0 1
