0 0 0 0 0 0 1
4.977 0 0 11.673 0 1 1
0 0 0 0 3.226 0 1
5.565 2.781 0 8.458 0 1 1
1.759 0 0 6.078 0 1 1
1.706 0 0 5.338 0 1 1
1.84 0 0 6.464 0 1 1
4.977 0 0 12.998 0 1 1
3.777 0 0 0 0 0 1
1.061 0 0 7.65 5.731 1 1
9.743 0 0 3.534 0 1 1
2.957 0 0 0 0 1 1
0 0 0 4.804 4.354 0 1
4.467 1.32 0 8.04 0 1 1
0 0 0 0 0.798 0 1
4.256 0 0 19.669 0 1 1
0 0 0 2.842 0 1 1
1.199 0 0 0 0 1 1
1.477 0 0 0.962 0 1 1
0.049 0 0 5.825 0 0 1
0.814 0 0 2.796 0 0 1
2.494 3.656 0 7.692 0 1 1
4.216 0 0 1.258 0 1 1
0 0 0 5.276 0 0 1
0 0 0 5.449 0 0 1
0 0 0 3.778 0 1 1
0 0 0 0 0.711 0 1
3.437 0 0 0 0.356 1 1
1.806 0 0 4.589 0 1 1
3.461 0 0 0 0 1 1
0 0 0 4.627 0 1 1
5.095 0 0 2.915 0 1 1
5.624 0 0 0 0 1 1
1.625 6.404 0 7.935 0 1 1
2.99 0 0 5.9 0 1 1
0 0 0 5.039 0 0 1
0 0 0 6.961 0 1 1
0 0 0 10.2 0 1 1
3.024 0 0 4.942 0 0 1
0 0 0 0 3.591 0 1
0 0 0.794 0 0 0 1
0 0 0 0.607 0 0 1
0.148 0 0 0 0 0 1
0 0 0 4.418 0 0 1
0 0 0 0 2.755 0 1
5.437 0 0 5.831 0 1 1
0.978 0 0 5.711 0 1 1
0 0 3.4 0 0 0 1
3.527 0 0 0 0 1 1
0 0 0 5.484 4.334 0 1
1.793 0 0 3.863 0 1 1
5.718 0 0 0 0 1 1
0 0 0 4.877 0 1 1
2.043 8.045 0 4.49 0 1 1
0 0 0 1.719 0 0 1
0.159 0 0 7.733 0 1 1
0 0 0 0 3.998 0 1
0.028 0 0 3.26 0 1 1
3.317 0 0 6.593 0 1 1
0 0 0 2.753 0 0 1
0 0 0 2.8 0 0 1
2.019 0 0 2.042 0 1 1
1.482 0 0 0 0 1 1
0 0 0 0 3.129 0 1
5.125 0 0 4.393 0 1 1
0 0 0 0 3.692 0 1
0 0 1.347 0 8.178 0 1
2.485 0 0 1.459 0 0 1
3.399 2.219 0 7.796 0 1 1
0 2.414 0 2.116 0 0 1
4.484 0 0 10.747 0.779 1 1
0 0 0 0 3.522 0 1
2.821 0 0 12.743 0 1 1
0 0 0 4.175 0 0 1
0 0 0 0 2.792 0 1
0 0 0 0 2.987 0 1
0 0 0 0 0 1 1
0 0 0 3.467 0 0 1
2.098 0 0 7.521 0 1 1
0 0 0 0 0 1 1
0.939 0 0 0 1.254 0 1
2.072 0 0 0 0 0 1
0 2.893 0 4.428 0 0 1
0 0 0 0 0 1 1
2.724 0 0 4.535 0 1 1
0 4.733 0 7.852 0 0 1
2.919 0 0 0 0 1 1
3.262 2.134 0 12.274 0 1 1
0 0 0 2.474 0 0 1
0 2.463 0 5.585 0 1 1
3.51 0 0 5.497 0 1 1
0 0 0 0 4.188 0 1
3.997 0 0 6.554 0 1 1
0 0 0 0 2.721 0 1
2.661 0 0 0 5.363 1 1
5.579 0 0 0 0 1 1
5.93 2.879 0 7.235 0 1 1
3.123 0 0 9.725 0 1 1
0 0 0 0 4.813 0 1
2.93 0 0 8.977 0 1 1
0 0 0 2.511 0 0 1
0 0 0 5.379 0 0 1
0 0 0 5.021 0 0 1
2.084 0 0 7.318 0 1 1
0 0 0 0 0 1 1
0 0 0 0 2.642 0 1
4.915 0 0 0 0 1 1
3.133 0 0 9.329 3.293 1 1
0 0 0 0 1.663 0 1
2.578 0 0 11.613 0 1 1
0 0 3.379 0 0 0 1
5.686 0 0 11.589 0 1 1
0 6.179 0 7.707 0 0 1
1.398 0 0 15.332 0 1 1
0 0 0 0 2.059 0 1
3.879 4.694 0 2.309 0 1 1
0 0.266 0 3.166 0 0 1
0 5.207 0 20.833 0 1 1
0 0 0 4.172 0 0 1
0 0 0 4.451 0 1 1
0 0 0 0 0 1 1
0 3.706 0 0 0 0 1
0 3.076 0 4.125 0 0 1
0 0 0 1.043 0 0 1
2.443 0 0 3.217 0 1 1
5.456 0 0 4.841 0 1 1
0 0 0 0 0 1 1
1.292 0 0 6.077 0 1 1
0 0 0 0 0 1 1
0 0 0 0 3.152 0 1
0 0 0 0 3.789 0 1
4.209 0 0 4.223 0.505 1 1
0 0 0 0 3.393 0 1
0 7.509 0 4.48 0 1 1
0 0 0 0 2.536 0 1
0 1.376 0 15.71 0 1 1
3.224 0 0 3.132 0 1 1
2.41 0 0 3.81 0 1 1
1.655 1.922 0 5.313 0 1 1
0 0 0 5.185 0 0 1
1.097 0 0 2.925 0 1 1
0 0 0 0 0.933 0 1
0 4.141 0.909 0 0 0 1
3.302 0 0 3.81 0 1 1
1.582 0 0 0 2.69 0 1
0 2.763 3.873 0 0 0 1
3.713 0 0 0 0 1 1
4.058 0 0 8.868 0 1 1
0 0 0 0 0 1 1
2.749 0 0 0 0 1 1
2.726 0 0 7.054 0 1 1
0 0 0 0 3.441 0 1
0 0 0 0 0 1 1
4.219 0 0 6.014 0 1 1
2.04 0 0 5.816 0 1 1
0 0 0 0 4.019 0 1
3.501 0 0 2.702 4.273 1 1
0 0 0 11.691 0 0 1
0 0 0 1.74 0 0 1
3.306 0 0 0 0 1 1
1.929 0 0 0 2.148 1 1
2.471 0 0 0 0 1 1
0 0 0 0 2.25 0 1
1.237 0 0 2.517 3.236 0 1
0 4.203 0 24.143 0 1 1
1.711 1.169 0 28.663 0 1 1
0 2.452 0 16.713 0 1 1
0 0 0 5.151 0 0 1
0.265 0 0 3.802 0 1 1
3.688 0 0 0 0 1 1
4.487 3.861 0 10.37 0 1 1
0 3.51 0 7.964 0 0 1
0.89 0 0 5.69 2.863 0 1
2.024 0 0 7.201 0 1 1
0.836 0 0 16.284 0 1 1
3.566 0 0 0 0 1 1
0 0 0 0 3.34 0 1
0 0 0 5.561 0 0 1
0 3.217 0 4.837 0 1 1
3.746 0 0 8.929 0 1 1
4.814 0 0 8.118 3.716 1 1
3.75 0 0 5.499 0 1 1
2.572 0 0 2.17 0 1 1
3.809 0 0 3.97 0 1 1
0 0 0 0 2.992 0 1
0 0 0 0 4.266 0 1
2.715 0 0 0 0 1 1
0 0 0 0 3.408 0 1
2.806 0 0 10.108 0 1 1
1.249 0 0 0 0 0 1
0 0 0 2.712 0 0 1
4.448 0 0 5.968 0 1 1
4.024 0 0 1.044 0 1 1
1.879 0 0 5.106 0 0 1
3.492 0 0 4.762 0 1 1
0 0 0 0 0 0 1
2.09 0 0 6.141 0 1 1
0 0 0 0 0 0 1
0 0 0 0 0 0 1
0 0 0 0 2.58 0 1
0 0 0 0 0 0 1
0 0 0 0 0 0 1
0 0 0 0 0 0 1
0 0 0 0 0 0 1
0 0 0 0 0.621 0 1
0 0 0 0 0 0 1
1.931 0 0 12.372 0 1 1
3.778 0 0 4.535 0 1 1
0 0 0 0 2.656 0 1
0.865 0 0 2.253 0 0 1
0 0 0 0 0 0 1
0 0 0 0 0 0 1
0 0 0 0 0 0 1
2.19 0 0 0 0 1 1
0 0 0 0 0 0 1
1.813 0 0 2.537 0 1 1
0 0 0 0 0 0 1
0 0 0 0 0 0 1
0 0 0 4.375 0 0 1
0 0 0 0 0 0 1
0 0 0 0 0 0 1
2.672 0 0 0 0 1 1
4.716 13.044 0 21.133 0 1 1
0 0 0 10.148 0 0 1
0 0 0 3.083 0 0 1
0 0 0 0 0 0 1
0 0 0 0 0 0 1
0 4.057 0 3.603 0 0 1
0 0 0 0 0 0 1
0 0 0 0 0 0 1
0 0 0 3.463 0 1 1
0 0 0 0 0 1 1
4.346 0 0 1.548 0 1 1
0 0 0 0 0 0 1
0 0 0 0 0 0 1
0 0 0 0 0 0 1
0 0 0 0 0 0 1
0 0 0 0 0 1 1
2.094 1.435 0 15.681 0 1 1
0 0 0 0 0 0 1
0 0 0 0 0 0 1
0 0 0 0 0 0 1
0 0 0 0 0 0 1
0 0 0 0 0 0 1
3.209 4.44 0 13.59 0 1 1
0 0 0 0 0 0 1
0 0 0 0 0 0 1
0 0 0 0 0 0 1
0 0 0 0 0 0 1
0 0 0 0 0 0 1
0 0 0 0 1.101 0 1
0 0 0 0 0 0 1
0 0 0 0 0 0 1
0 0 0 0 0 0 1
0 0 0 0 0 0 1
0 0 0 0 0 0 1
0 0 0 0 0 0 1
0 0 0 2.834 0 0 1
1.202 0 0 9.263 0 0 1
0 0 0 0 0 0 1
0 0 0 0 0 0 1
0 0 0 0 0 0 1
0.861 0 0 0 0 0 1
0 0 0 0 0 1 1
0 0 0 4.648 0 0 1
3.097 0 0 0 0 1 1
0 0 0 0 0 0 1
0 0 0 0 0 0 1
0 0 0 0 0 0 1
0 0 0 0 0 0 1
0.857 4.342 0 8.219 0 1 1
0 0 0 0 0 0 1
0 0 1.627 0 0 0 1
0 0 0 0 0 0 1
0 0 0 0.261 0 0 1
0 0 0 0 0 0 1
0 0 0 0 0 0 1
0 0 0 0 0 0 1
4.231 2.72 0 14.771 0 1 1
0 0 0 0 0 0 1
0 0 0 0 0 0 1
0 0 0 0 0 0 1
0 0 0 0 0 0 1
0 0 0 0 0 0 1
0 0 0 0 0 0 1
0 0 0 2.808 0 0 1
3.796 0 0 0 0 0 1
0 0 0 0 0 0 1
0 0 0 0 0 0 1
0 0 0 0 5.87 0 1
0 0 0 0 0 0 1
0 0 0 0 0 0 1
0 0 0 0 0 0 1
0 0 0 0 0 0 1
0 0 0 0 2.454 0 1
0 0 0 5.765 0 0 1
0 0 0 0 0 0 1
2.831 0 0 17.559 0 1 1
0 0 0 0 0 1 1
0 0 0 0 0 0 1
0 0 0 0 0 0 1
5.289 0 0 0.473 0 1 1
0 0 0 0 0 0 1
4.703 4.167 0 3.002 0 1 1
0 0 0 0 0 0 1
0.465 0 0 0 0 0 1
0 0 0 0 0 0 1
0 0 0 0 0 0 1
0 0 0 0 0 0 1
0 0 0 3.829 0 1 1
0 0 0 0 0 0 1
0 0 0 0 0 0 1
0 0 0 0 0 0 1
0 0 0 0 0 0 1
0 0 0 0 0 0 1
0 0 0 0 0 0 1
3.962 0 0 4.79 0 1 1
0 0 0 0 0 0 1
3.969 0 0 2.772 0 1 1
0 0 0 0 0 0 1
0 0 0 0 0 0 1
0 0 0 2.194 0 0 1
0 0 0 0 0 0 1
0 0 0 0 0 0 1
0 0 0 0 0 0 1
1.326 3.424 0 2.632 0 1 1
0 0 0 0 0 0 1
0 0 0 0 0 0 1
0.787 0.502 0 0.549 0 1 1
0 0 0 0 0 0 1
0 0 0 0 0 0 1
0 0 0 0 0 0 1
0 0 0 6.385 3.828 0 1
0 0 0 0 0 0 1
1.084 0 0 6.772 0 0 1
0 0 0 0 3.848 0 1
3.481 3.39 0 0.538 0 1 1
0 0 0 0 0 0 1
3.382 0 0 5.064 0 1 1
0 0 0 0 0 0 1
0 0 0 0 4.626 0 1
0 0 0 0 0 0 1
3.28 0 0 2.029 0 1 1
0 0 0 0 1.614 0 1
0 0 0 0 0 0 1
0 0 0 0 0 0 1
0 0 0 0 0 0 1
3.523 0 0 0 0 1 1
4.247 0 0 3.304 0 1 1
1.511 0 0 3.249 0 0 1
1.401 0 0 0 0 0 1
1.068 2.51 0 20.499 0 1 1
0 0 0 0.566 1.034 0 1
0 0 0 0 0 0 1
0 0 0 5.444 0 1 1
0 0 0 0 0 0 1
0 0 0 0 0 0 1
2.304 2.539 0 10.035 0 1 1
0 0 0 0 0 0 1
2.93 0 0 7.002 0 1 1
1.692 0 0 0 0 1 1
0 0 0 0 0 0 1
0 0 0 0 0 0 1
0 0 0 0 0 0 1
0 0 0 0 0 0 1
0 0 0 0 0 0 1
0 0 0 0 0 0 1
0 0 0 0 0 0 1
0 0 0 0 0 0 1
0 0 0 6.799 2.637 0 1
0 0 0 0 0 0 1
0 0 0 0 0 0 1
0 0 0 0 0 0 1
2.365 0 0 1.552 0 1 1
0 0 0 0 0 0 1
0 0 0 0 0 0 1
0 0 0 0 0 0 1
0 0 0 0 0 0 1
0 0 0 0 0 0 1
0 0 0 0 0 0 1
0 0 0 0 0 0 1
0 0 0 0 1.244 0 1
0 0 0 0 0 0 1
0 0 0 0 0 0 1
2.259 0 0 0 0 1 1
0 0 0 0 0 0 1
0 0 0 0 0 0 1
0 0 0 0 0 0 1
0.492 0 0 1.595 0 0 1
0 0 0 0 0 0 1
4.609 0 0 5.225 0 1 1
0 0 0 0 0 0 1
0 0 0 0 0 0 1
0 0 0 0 0 0 1
0 0 0 0 0 0 1
0 0 0 0 0 0 1
0 0 0 0 0 0 1
0 0 0 0 0 0 1
0.257 0 0 1.443 0 1 1
3.605 0 0 3.583 0 1 1
0 0 0 0 0 0 1
0 0 0 0 0.04 0 1
0 0 0 0 0 0 1
2.288 0 0 0.285 0 1 1
0 0 0 0 0 0 1
0 0 0 0 0 0 1
0 0 0 0 0 0 1
0 0 0 0 0 0 1
0 0 0 0 0 0 1
0 0 0 0 0 0 1
0 0 0 0 0 0 1
0 0 0 0 0 0 1
0 0 0 0 0 0 1
0 0 0 0 0 0 1
0.729 0 0 6.831 0 1 1
0 0 0 0 0 0 1
0 0 0 0 0 0 1
0 0 0 0 0 0 1
3.923 0 0 5.355 0 1 1
0 0 0 0 1.163 0 1
0 0 0 3.326 0 0 1
0 0 0 0 0 0 1
4.328 0 0 6.595 0 1 1
0 0 0 0 0 0 1
0 0 0 0 1.592 0 1
0 0 0 0 0 0 1
0 0 0 0 0 0 1
3.555 0 0 6.486 0 1 1
0 0 0 0 0 0 1
0 0 0 0 0 0 1
0 0 0 0 0 0 1
3.254 0 0 5.944 2.796 1 1
2.474 0 0 5.458 0 1 1
3.357 0 0 5.441 0 1 1
0 0 0 0 0 0 1
0 0 0 0 0 0 1
3.69 0 0 0 0 1 1
0 0 0 0 0 0 1
0 0 0 0 0 1 1
6.184 0 0 8.952 0 1 1
0 0 0 0 0 0 1
0 0 0 0 2.892 0 1
0 3.284 1.957 0 0 0 1
0 0 0 0 0 0 1
0 0 0 0 0 0 1
0 0 0 0 0 0 1
0 0 0 6.27 0 0 1
0 0 0 0 0 0 1
0 0 0 0 0 0 1
2.782 0 0 4.885 0 1 1
0 0 0 0 0 0 1
0 0 0 0 0 0 1
3.911 0 0 0 0 1 1
0 0 0 0 0 0 1
0.952 6.724 0 3.603 0 0 1
0 0 0 0 0 0 1
0 0 0 0 0 0 1
0 0 0 0 0 0 1
0 0 0 0 0 0 1
0 0 0 0 0 0 1
0 0 0 0 0 0 1
1.465 14.463 0 14.658 0 1 1
0 0 0 0 3.191 0 1
5.296 0 0 7.722 0 1 1
0 0 0 0 0 0 1
0 0 0 0 0 0 1
0 0 0 0 0 0 1
0 0 0 0 0 0 1
0 0 0 0 0 0 1
0 0 0 0 0 0 1
0 0 0 0 0 0 1
2.158 0 0 4.571 0 1 1
0 0 0 0 0 0 1
0 0 0 5.151 0 0 1
0 0 0 0 0 0 1
0 0 0 11.269 0 1 1
0 0 0 0 0 0 1
4.009 0 0 0 0 1 1
0 0 0 0 0 0 1
0 0 0 0 0 0 1
0 0 0 0 0 0 1
0 0 0 7.671 0 0 1
0 0 0 9.021 0 0 1
0 0 0 0 0 0 1
0.935 0 0 0 0 1 1
0 0 0 0 0 0 1
0 0 0 0 0 0 1
0 0 0 0 0 0 1
0 0 0 0 0 0 1
0 0 0 1.429 0 0 1
0 0 0 0 0 0 1
0.082 0 0 0 0 0 1
4.701 0 0 12.991 0 1 1
0 0 0 0 0 0 1
0 0 0 0 0 0 1
0 0 0 0 0 0 1
0 0 0 0 0.606 0 1
0 0 0 0 0 0 1
0 0 0 0 0 0 1
0 0 0 0 0 0 1
0 0 0 0 0 0 1
0 0 0 0 0 0 1
0 0 0 0 0 0 1
0 0 0 0 0 0 1
0 0 0 0 0 0 1
0 0 0 0 0 0 1
0 0 0 0 0 0 1
0 0 0 0 0 0 1
0 0 0 0 0 0 1
0 0 0 0 0 0 1
3.343 0.819 0 1.764 0 1 1
0 0 0 0 0 0 1
0 0 0 0 0 0 1
0 0 0 0.602 0 0 1
0 0 0 0 0 0 1
5.321 0 0 14.212 0 1 1
0 0 0 0 0 0 1
0 0 0 0 4.797 0 1
2.256 0 0 0 0 1 1
0 0 0 0 0 0 1
7.327 0 0 6.388 0 1 1
2.266 0 0 0 0 1 1
0.632 0 0 11.813 0 0 1
0 0 0 1.883 0 0 1
0 0 0 3.303 0 0 1
0 0 0 0 0 0 1
0 0 0 0 0 0 1
0 0 0 0 3.878 0 1
0 0 0 0 0 0 1
0 0 0 0 0 0 1
0 0 0 0 0 0 1
0 0 0 0 0 0 1
0 0 0 0 0 0 1
0 0 0 0 0 0 1
0 0 0 0 0 0 1
0 0 0 0 0 0 1
3.178 0 0 0 0 0 1
4.71 0 0 10.518 0 1 1
2.073 4.325 0 4.599 0 1 1
0 0 0 0 0 0 1
0 0 0 0 0 0 1
0 0 0 2.859 3.53 0 1
0 0 0 0 0 0 1
0 0 0 0 0 0 1
0 0 0 0 0 0 1
0 0 0 0 0 0 1
0 0 0 0 0 0 1
0 0 0 0 0.169 0 1
0 0 0 0 0 0 1
0 0 0 4.241 0 0 1
0 0 0 0 0 0 1
0 0 0 11.553 0 1 1
0 0 0 0 0 0 1
4.734 0 0 9.557 0 1 1
0 0 0 0 0 0 1
2.49 0 0 5.265 0 1 1
0 0 0 0 0 0 1
0 0 0 0 0 0 1
0 0 0 0 0 0 1
2.38 0 0 0 0 1 1
2.902 5.152 0 24.325 0 1 1
0 0 0 0 0 0 1
0 0 0 0 0 0 1
0 0 0 0 0 0 1
0 0 0 0 0 0 1
0 0 0 3.044 4.087 0 1
0 0 0 0 0 0 1
0 0 0 2.289 0 0 1
0 0 0 0 0 0 1
0 0 0 0 0 0 1
0 0 0 0 0 1 1
2.54 0 0 1.438 0 0 1
0 0 0 0 0 0 1
4.048 0 0 8.29 0 1 1
0 0 0 0 0 0 1
0 0 0 0 0 0 1
0 0 0 0 0 0 1
0 0 0 0 0 0 1
0 0 0 3.73 0 0 1
0 0 0 0 0 0 1
0 0 0 0 0 0 1
0 0 0.458 0 0 0 1
0 0 0 3.659 0 1 1
0 0 0 0 0 1 1
0 0 0 0 2.913 0 1
0 0 0 0 0 0 1
6.099 0 0 7.23 0 1 1
0 0 0 0 0 0 1
0 0 0 0 0 0 1
3.039 5.023 0 7.067 0 1 1
0 0 0 0 0 0 1
4.83 0 0 0 0 1 1
0 0 1.793 0 0 0 1
0 0 0 0 0 0 1
0 0 0 0 0 0 1
3.888 0 0 4.859 0 1 1
0 0 0 0 0 0 1
0 0 0 0 3.195 0 1
0 0 0 0 0 0 1
0 0 0 5.253 0 0 1
0 0 0 3.339 0 1 1
0 0 0 0 0 0 1
3.153 0 0 0 0 1 1
0 0 0 0 0 0 1
3.31 3.195 0 3.047 0 1 1
0 0 0 0 0 0 1
0 0 0 0 0 0 1
0 0 0 5.505 0 0 1
0 0 0 0 0 0 1
0 0 0 0 0 0 1
0 0 0 0 0 0 1
0 0 0 0 0 0 1
0 0 0 0 0 0 1
0 0 0 0 0 0 1
6.078 0 0 10.322 0 1 1
0 0 0 0 0 0 1
3.024 0 0 14.271 0 1 1
0 0 0 0 3.64 0 1
0 0 0 0 1.32 0 1
0 0 0 0 0 0 1
0 0 0 0 0 0 1
0 0 0 3.358 0 1 1
0 0 0 0 0 0 1
0 0 0 0 0 0 1
0 0 0 0 0 0 1
0 0 0 0 0 0 1
0 0 0 0 0 0 1
1.935 0 0 4.317 0 1 1
0 0 0 0 0 0 1
0 0 0 0 0 0 1
0 0 0 0 0 0 1
0 0 0 0 0 0 1
0 0 0 0 0 0 1
0 0 0 0 0 0 1
0 0 0 0 0 0 1
0 0 0 0 0 0 1
0 6.832 0 14.895 0 1 1
0 0 0 6.276 0 0 1
0 0 0 0 5.809 0 1
0 0 0 0 0 0 1
0 0 0 0 0 0 1
0 0 0 0 0 0 1
0 0 0 0 0 0 1
0 0 0 0 0 1 1
0 0 0 0 0 0 1
1.367 0 0 3.589 0 1 1
0 0 0 0 0 0 1
0 0 0 0 0 0 1
1.481 0 0 0.704 0 0 1
0 0 0 0 0 0 1
0 0 0 0 0 0 1
0 0 0 0 0 0 1
0 12.503 0 5.851 0 0 1
0 0 0 0 0 0 1
0 0 0 0 0 0 1
1.547 0 0 0 0 1 1
0 0 0 0 0 0 1
0 0 0 0 0 0 1
0 0 0 0 0 0 1
5.074 0 0 3.182 0 1 1
5.32 0 0 3.775 0 1 1
0 0 0 0 0 0 1
0 0 0 0 0 0 1
0 0 0 0 0 0 1
0 0 0 0 0 0 1
0 0 0 0 0 0 1
0 0 0 0 0 0 1
0 0 0 0 0 0 1
0 0 0 0 0 0 1
4.224 0 0 0 0 1 1
0 0 0 0 0 0 1
0 0 0 0 0 0 1
5.365 0 0 6.973 0 1 1
4.204 0 0 3.926 0 1 1
1.623 0 0 4.866 0 1 1
3.568 0 0 12.876 0 1 1
0 0 0 0 3.011 0 1
0 0 0 0 0 0 1
0 0 0 3.033 3.939 0 1
0 0 0 0 0 0 1
1.566 0 0 12.651 0 1 1
0 0 0 0 0 0 1
0 0 0 0 0 0 1
0 0 0 0 3.324 0 1
0 0 0 0 0 0 1
4.492 0 0 3.089 0 1 1
0 0 0 0 0 0 1
0 0 0 0 0 1 1
0 0 0 0 0 0 1
0 0 0 0 0 0 1
0 0 0 1.829 0 0 1
0 0 0 0 0.953 0 1
0 0 0 0 0 0 1
0 0 3.903 0 0 0 1
0 0 0 0 0.913 0 1
0 0 0 0 0 0 1
0 0 0 0 0 0 1
0 10.819 0 16.655 0 1 1
0 0 0 0 0 0 1
0 0 0 0 4.188 0 1
0 0 0 0 0 0 1
0 0 0 0 0 0 1
0 0 0 0 0 0 1
0 0 0 0 0 0 1
0 0 0 0 0 0 1
0 0 0 0 0 0 1
0 0 0 0 0 0 1
0 0 0 0 0 0 1
0 1.549 0 1.352 0 0 1
0 0 0 0 0 0 1
0 0 0 0 0 0 1
0 0 0 0 0 0 1
0 0 0 0 0 0 1
0 0 0 0 0 0 1
0 0 0 0 0 0 1
0 0 0 0 0 0 1
0 0 0 0 0 0 1
0 0 0 0 0 0 1
0 0 0 0 0 0 1
0 0 0 0 0 0 1
0 0 0 0 0 0 1
0 0 0 0 3.588 0 1
0 0 0 0 0 0 1
4.926 0 0 0 0 1 1
0 0 0 0 0 0 1
0 0 0 0 0 0 1
0 0 0 0 0 0 1
0 0 0 1.974 0 1 1
0 0 0 0 0 0 1
0 0 0 0 0 0 1
0 0 0 0 0 0 1
0 0 0 0 0 0 1
0 0 0 0 0 0 1
0 0 0 0 0 0 1
0 0 0 0 0 0 1
3.699 0 0 1.954 0 1 1
0 0 0 0 0 0 1
0 0 0 8.676 0 0 1
0 0 0 0 0 0 1
0 0 0 0 0 0 1
0 0 0 0 0 0 1
0 0 0 0 0 0 1
0 0 0 0 0 0 1
2.723 0 0 6.292 0 1 1
0 0 0 0 0 0 1
0 0 0 0 0 0 1
0 0 0 0 5.818 0 1
0 0 0 0 0 0 1
2.144 0 0 5.543 0 1 1
4.581 5.133 0 18.622 0 1 1
3.094 0 0 7.046 0 1 1
0 0 0 0 0 0 1
0 0 0 0 0 0 1
0 0 0 0 0 0 1
0 0 0 0 0 0 1
0 0 0 0 0 0 1
0 0 0 0 0 0 1
2.338 0 0 6.467 0 1 1
0 0 0 0 0 0 1
0 0 0 0 0 0 1
0 0 0 0 0 0 1
3.763 8.353 0 12.336 0 1 1
0 0 0 0 0 0 1
0 0 0 0 0 0 1
0 0 0 0 0 0 1
0 0 0 0 0 0 1
0 0 0.426 0 4.063 0 1
0 0 0 0 3.164 0 1
0 0 0 0 0 0 1
0 0 0 0 0 0 1
0 0 0 0 0 0 1
0 0 0 0 0 0 1
0 0 0 0 3.527 0 1
0 0 0 0 0 0 1
0 0 0 0 0 0 1
0 0 0 0 0 0 1
0 0 0 0 0 0 1
0 0 0 0 0 0 1
0 0 0 0 2.38 0 1
0 0 0 0 0 0 1
0.984 0 0 0 0 0 1
0 0 0 0 0 0 1
0 0 0 0 0 0 1
0 0 0 0 0 0 1
5.047 5.178 0 4.138 0 1 1
0 0 0 8.015 0 1 1
0.105 7.113 0 7.105 0 0 1
0 0 0 0 0 0 1
0 0 0 0 0 0 1
0 0 0 0 0 0 1
0 0 0 0 0 0 1
0 0 0 0 0 0 1
0 0 0 0 0 0 1
0 0 0 0 0 0 1
2.411 0 0 12.446 0 1 1
0 0 0 0 0 0 1
0 0 0 0 0 0 1
0 0 0 0 0 0 1
0 0 0 0 0 0 1
0.28 8.784 0 6.869 0 1 1
0 0 0 0 0 0 1
0 0 0 0 0 0 1
0 0 0 0 0 0 1
0 0 0 0 0 0 1
0 0 0 0 0 0 1
0 0 0 0 0 0 1
0 0 0 0 0 0 1
3.824 0 0 5.959 0 1 1
0 0 0 0 0 0 1
4.042 0 0 11.759 0 1 1
0 0 0 0 0 0 1
0 0 0 0 0 0 1
0 0 0 3.564 0 1 1
0 0 0 0 0 0 1
1.797 0 0 2.987 0 1 1
0 0 0 0 0 0 1
0 0 0 0 0 0 1
4.806 0 0 2.184 0 1 1
0.541 0 0 0 0 1 1
0 0 0 0 0 0 1
0 0 0 0 0 0 1
0 0 0 0 0 0 1
0 0 0 0 0 0 1
0 0 0 0 0 0 1
0 0 0 0 0 0 1
0 0 0 0 0 0 1
0 0 0 0 0 0 1
2.137 0 0 4.21 0 1 1
0.171 0 0 0 0 1 1
3.996 0 0 0 0 1 1
0 0 0 0 0 0 1
0 0 0 0 0 0 1
0 0 0 4.93 0 0 1
0 0 0 0 0 0 1
1.262 0 0 1.087 2.193 1 1
0 0 0 3.563 0 0 1
0 0 0 0 0 0 1
0 0 0 0 0 0 1
0 0 0 0 0 0 1
0 0 0 0 0 0 1
0 0 0 0 0 0 1
0 0 0 0 0 0 1
0 0 0 0 0 0 1
0 0 0 0 0 0 1
0 0 0 0 0 0 1
0 0 0 0 0 0 1
0 0 0 0 0 0 1
0 0 0 0 0 0 1
0 0 0 0 0 0 1
3.956 0 0 0 0 1 1
0 0 0 0 0 0 1
0 0 0 0 0 0 1
0 0 0 0 0 0 1
2.008 0 0 0 0 1 1
2.261 0 0 27.125 0 1 1
0 0 0 0 0 0 1
0 0 0 5.201 0 0 1
0.955 1.995 0 7.788 0 1 1
2.365 3.667 0 14.223 0 1 1
0 0 0 0 0 0 1
0 0 0 0 0 0 1
0 0 0 3.447 0 0 1
4.267 0 0 2.644 0 1 1
0 0 0 0 0 0 1
0 0 0 0 0 0 1
0 0 0 0 0 0 1
0 2.896 0 0 3.979 0 1
2.918 0 0 3.907 0 1 1
0 0 0 0 4.354 0 1
0 0 0 0 0 0 1
0 0 0 0 0 0 1
0 0 0 0 0 0 1
2.329 0 0 0.934 0 1 1
0 0 0 0 0 0 1
0 0 0 0 0 0 1
0 0 0 0 0 0 1
0 0 0 0 0 0 1
0 0 0 0 0 0 1
0 0 0 0 0 0 1
2.345 4.835 0 10.262 0 1 1
0 0 0 0 0 0 1
1.619 0 0 5.192 0 1 1
0.335 2.592 0 14.289 0 0 1
2.389 0 0 0 0 0 1
0 0 0 0 0 0 1
0 0 0 0 0 0 1
0 0 0 0 5.826 0 1
0 0 0 0 0 0 1
1.008 0 0 3.729 0 0 1
0 0 0 0 0 0 1
0 0 0.628 0 0 0 1
0 0 0 0 2.208 0 1
0 0 0 2.011 0 0 1
3.966 0 0 4.278 0 1 1
0 0 0 0 0 0 1
0 0 0 0 0 0 1
6.611 0 0 0 0 1 1
0 0 0 0 0 0 1
0 0 0 0 0 0 1
0 0 0 0 0 0 1
0 0 0 0 0 0 1
3.69 0 0 0 0 1 1
0 0 0 0 0 0 1
3.97 0 0 7.196 0 1 1
0 0 0 0 0 0 1
0 0 0 0 0 0 1
0 0 0 0 0 0 1
0 0 0 0 0 0 1
0 0 0 0 0 0 1
5.396 0 0 0 0 1 1
3.803 0 0 5.195 0 1 1
0 0 0 0 0 0 1
0 0 0 0 0 0 1
5.842 0 0 0 0 1 1
0 0 0 0 0 0 1
0 0 0 0 0 0 1
0 0 0 0 0 0 1
0 0 0 0 0 0 1
0 0 0 0 0 0 1
2.072 0 0 4.347 0 1 1
0 0 0 0 0 0 1
0 0 0 0 0 0 1
0 0 0 0 0 0 1
0 0 0 0 0 0 1
0 0 0 0 0 0 1
0 0 0 0 0 0 1
0 0 0 0 0 0 1
0 0 0 0 0 0 1
0 0 0 0 0 0 1
0 0 0 0 0 0 1
0 0 0 0 0 0 1
1.909 0 0 0 0 1 1
0 0 0 0 0 0 1
0 0 0 0 0 0 1
0 0 0 0 0 0 1
0 0 0 0 0 0 1
0 0 0 0 2.648 0 1
0 0 0 0 0 0 1
0 0 0.227 0 3.16 0 1
0 8.626 0 7.122 0 1 1
0 0 0 0 0 0 1
0 0 0 0 6.287 0 1
0 0 0 0 0 0 1
1.379 0 0 5.856 0 0 1
3.04 0 0 5.229 0 1 1
0 0 0 0 0 0 1
0 0 0 0 0 0 1
0 1.877 0 0 0 0 1
0 0 0 0 0 0 1
1.765 5.501 0 3.351 0 1 1
0 0 0 0 3.49 0 1
0 2.92 0 8.602 0 1 1
0 0 0 0 0 0 1
0 0 0 7.649 0 1 1
0 0 0 0 0 0 1
0 0 0 0 0 0 1
0 0 0 0 0 0 1
0 0 0 0 0 0 1
0 0 0 0 0 0 1
0 0 0 1.968 0 0 1
0 0 0 0 0 0 1
0 0 0 0 0 0 1
0 0 0 0 6.505 0 1
0 0 0 0 3.249 0 1
3.992 5.983 0 4.22 0 1 1
0 0 0 0 0 0 1
0 0 0 0 0 0 1
2.724 0 0 1.242 0 1 1
0 0 0 0 0 0 1
0 0 0 0 0 0 1
4.634 0 0 7.86 0 1 1
0 0 0 0 0 0 1
0 0 0 0 0 0 1
0 0 0 0 0 0 1
0 0 0 0 2.936 0 1
0 0 0 0 0 0 1
0 0 0 0 0 0 1
0 0 0 0 0 0 1
0 0 0 0 0 0 1
0 0 0 0 0 0 1
0 0 0 2.153 0 0 1
0 0 0 0 0 0 1
0 0 0 0 0 0 1
0 0 0 0 0 0 1
2.969 0 0 6.041 0 1 1
2.799 2.96 0 12.123 0 1 1
0 0 0 0 0 0 1
0 0 0 0 0 0 1
0 0 0 0 0 0 1
0 0 0 2.511 0 0 1
0 0 0 0 0 0 1
0 0 0 0 0 0 1
0 0 0 0 0 0 1
0 0 0 0 0 0 1
0 0.68 0 5.016 0 0 1
0 0 0 0 0 0 1
0 0 0 0 0 0 1
0 0 0 1.473 0 0 1
0 0 0 0 3.042 0 1
0.345 0 0 0 0 0 1
0 0 0 3.66 0 0 1
0 0 0 0 0 0 1
0 0 0 2.785 0 0 1
0 0 0 0 0 0 1
0 0 0 0 0 0 1
0 0 0 0 0 0 1
0 0 0 0 0 0 1
0 0 0 0 3.098 0 1
0 0 0 0 0 0 1
0 0 0 0 0 0 1
0 0 0 0 0 0 1
0 0 0 0 0 0 1
3.532 0 0 6.622 0 1 1
0 3.143 0 0 0 0 1
0 0 0 0 0 0 1
0 0 0 0 0 0 1
0 0 0 0 0 0 1
2.219 0 0 4.128 0 1 1
0 0 0 0 0 0 1
0 0 0 0 0 0 1
0 0 0 0 0 0 1
0 0 0 0 0 0 1
0 0 0 0 0 0 1
0 0 0 0 0 0 1
4.07 0 0 0 0 1 1
0 0 0 0 0 0 1
0 0 0 0 0 0 1
0 0 0 0.398 0 0 1
0 0 0 0 0 0 1
0 0 0 3.729 0 0 1
0 0 0 0 0 0 1
0 0 0 0 0 0 1
0 0 0 0 2.643 0 1
0 0 0 0 0 0 1
0 0 0 0 0 0 1
0 0 0 0 0 0 1
0 0 0 0 0 0 1
3.582 0 0 11.475 0 1 1
0 0 0 0 0 0 1
0 0 0 4.369 0 0 1
0 0 0 0 0 0 1
0 0 0 0 0 0 1
0 0 0 0 0 0 1
0 0 0 0 3.191 1 1
0 0 0 0 0 0 1
0 0 0 0 0 0 1
2.222 0 0 6.869 0 1 1
0 0 0 0 0 0 1
0 0 0 0 0 0 1
0 0 0 0 0 0 1
0 0 0 0 0 0 1
0 0 0 0 0 0 1
0 0 0 0 0 0 1
0 0 0 0 0 0 1
0 0 0 0 0 0 1
0 0 0 0 0 0 1
3.999 0 0 0 0 1 1
0 0 0 0 0 0 1
0 0 0 0 0 0 1
0 0 0 0 0 0 1
0 0 0 0 0 0 1
3.421 0 0 0 0 1 1
0 0 0 0 0 0 1
0 0 0 0 0 0 1
0 0 0 0 0 0 1
0 0 0 0 0 0 1
0 0 0 4.506 2.728 0 1
0 0 0 0 0 0 1
0 0 0.25 0 0 0 1
0 0 0 0 0 0 1
0 0 0 0 3.714 0 1
0 0 0 0 0 0 1
0 0 0 0 0 1 1
0 0 0 0 1.737 0 1
2.776 3.943 0 6.377 0 1 1
0 0 0 0 0 0 1
0 0 0 0 0 1 1
0 0 0 0 0 0 1
0 0 0 0 0 0 1
1.967 1.921 0 10.416 0 1 1
0 0 0 0 0 0 1
0 0 0 0 0 0 1
0 0 0 0 0 0 1
4.496 0 0 0 0 1 1
0 0 0 0 0 0 1
1.694 0 0 7.714 0 1 1
0 0 0 0 0 0 1
0 0 0 8.156 0 0 1
0 0 0 0 0 0 1
0 0 0 0 0 0 1
0 0 0 0 0 0 1
0 0 0 0 0 0 1
0 0 0 0 0 0 1
2.83 0 0 0 0 1 1
0 0 0 8.251 0 1 1
0 0 0 5.675 0 0 1
0 0 0 0 0 0 1
3.432 0 0 6.504 3.191 1 1
0.036 2.277 0 15.373 0 1 1
0 0 0 0 0 0 1
0 0 0 0 0 0 1
0 0 0 0 0 0 1
0 0 0 0 0 0 1
0 0 0 0 0 0 1
0 0 0 0 0 0 1
0 0 0 0 0 0 1
2.231 0 0 0 0 1 1
0 0 0 0 0 0 1
0 0 0 0 0 0 1
3.54 0 0 7.07 0 1 1
0 0 0 0 0 0 1
0 0 0 0 0 0 1
0 0 0 0 3.792 0 1
0 0 0 0 0 0 1
0.265 0 0 8.88 0 1 1
4.097 0 0 2.712 0 1 1
0 0 0 0 0 0 1
0 0 0 0 0 0 1
0 0 0 0 0 0 1
5.185 0 0 0 0 1 1
0 0 0 0 0 0 1
3.441 0 0 0 0 1 1
0 0 0 0 0 0 1
0 0 0 0 0 0 1
0 0 0 0 0 0 1
0 0 0 0 0 0 1
0 0 0 0 0 0 1
0 0 0 0 0 0 1
0 0 0 0 0 0 1
0 0 0 4.804 0 0 1
1.317 0 0 0 0 0 1
0 0 0 0 0 0 1
0 0 0 0 0 0 1
0 2.222 0 8.691 0 0 1
0 0 0 0 2.097 0 1
0 0.551 0 0 0 0 1
0 0 0 0 0 0 1
0 0 0 0 0 0 1
0 0 0 0 0 0 1
0 0 0 0 0 0 1
0 0 0 0 0 1 1
0 0 0 0 0 0 1
0 0 0 0 0 0 1
0 0 1.526 0 0 0 1
0 0 0 0 0 0 1
0 0 0 0 0 0 1
0 0 0 0 0 0 1
0 0 0 0 0 0 1
0 0 0 0 0 0 1
0 0 0 0 0 0 1
0 0 0 0 3.527 0 1
0 0 0 0 0 0 1
0 0 0 0 0 0 1
0 0 0 0 0 0 1
0 0 0 0 0 0 1
0 0 0 0 0 0 1
2.178 0 0 7.028 0 1 1
0 0 0 0 3.939 0 1
0 0 0 0 0 0 1
3.252 0 0 13.262 0 1 1
5.86 0 0 5.01 0 1 1
0 0 0 0 0 0 1
0 0 0 0 0 1 1
0 0 0 0 0 0 1
0 0 0 0 0 0 1
0 0 0 0 2.197 0 1
0 0 0 0 0 0 1
0 0 0 0 0 0 1
0 0 0 0 4.389 0 1
4.505 0 0 11.96 0 1 1
0 0 0 0 0 0 1
0 0 0 0 0 0 1
0 0 0 0 0 0 1
0 0 0 0 0 0 1
0 0 0 0 0 0 1
0 0 0 0 0 0 1
0 0 0 0 0 0 1
0 0 0 11.998 0 0 1
0 0 0 0 0 0 1
3.188 0 0 0 0 1 1
0 0 0 0 0 0 1
0 0 0 0 0 0 1
0 0 0 0 0 0 1
0 0 0 0 0 0 1
0 0 0 0 0 0 1
0 0 0 0 0 0 1
0 0 0 0 0 0 1
0 0 0 0 0 0 1
0 4.41 0 7.174 0 0 1
0 0 0 0 0 0 1
0 0 0 0 0 0 1
0 0 0 0 0 0 1
0 0 0 0 0 0 1
0 0 0 0 0 0 1
0 0 0 0 0 0 1
0 0 0 0 0 0 1
0 0 0 0 0 0 1
3.611 0 0 0 0 1 1
0 0 0 0 0 0 1
0 0 0 0 0 0 1
0 0 0 0 0 0 1
0 0 0 4.801 0 0 1
0 0 0 0 0 0 1
0 0 0 0 0 0 1
0 0 0 0 0 0 1
0 0 0 0 0 0 1
0 0 0 0 0 0 1
0 0 0 3.543 0 0 1
0 0 0 0 0 0 1
0 0 0 0 0 0 1
0 0 0 0 0 0 1
0 3.286 0 18.774 0 0 1
2.473 0 0 0 0 1 1
0 0 0 0 0 0 1
0 0 0 0 0 0 1
0 0 0 0 0 0 1
0 0 0.141 0 0 0 1
0 0 0 0 0 0 1
0 0 0 0 0 0 1
3.824 0 0 0 0 1 1
2.733 0 0 1.073 0 0 1
0 0 0 0 0 0 1
0 0 0 0 0 0 1
0 0 0 0 0 0 1
0 0 0 0 0 0 1
2.594 0 0 3.767 0 1 1
0 0 0 0 0 0 1
3.199 0 0 4.639 0 1 1
0 0 0 0 0 0 1
0 0 0 0 0 0 1
0 0 0 0 0 0 1
0 0 0 0 0 0 1
0 0 0 0 0 0 1
0 0 0 0 0 0 1
0 0 0 0 1.066 0 1
0 0 0 4.367 0 0 1
0 0 0 0 0 0 1
0 0 0 0 0 0 1
0 0 0 0 0 0 1
3.062 0 0 0 0 1 1
0 0 0 0 0 0 1
0 0 0 0 1.776 0 1
0 0 0 0 0 0 1
0 0 0 0 0 0 1
0 0 0 0 0 0 1
3.194 0 0 9.071 0 1 1
0 0 0 0 0 0 1
4.787 0 0 1.424 0 1 1
0 0 0 0 0 0 1
0 0 0 2.508 1.787 0 1
0 0 0 0 2.626 0 1
0 0 0 0 0 0 1
0 0 0 0 4.509 1 1
3.658 0 0 19.794 0 1 1
2.922 0 0 2.349 0 1 1
0 0 0 0 0 0 1
0 0 0 0 0 0 1
0 0 0 0 0 0 1
0 0 0 0 0.41 0 1
0 0 0 6.211 0 1 1
0 0 0 0 3.214 0 1
0 0 0 0 0 0 1
0 0 0 0 0 0 1
0 0 0 0 0 0 1
0 0 0 0 0 0 1
0 0 0 0 0 0 1
0 0 0 2.338 0 1 1
0 0 0 0 2.082 0 1
0 0 0 0 0 0 1
0 0 0 0 0 0 1
0 0 0 0 0 0 1
0 0 0 0 0 0 1
0 0 0 0 0 0 1
0 0 0 0 0 0 1
0 0 0 3.113 0 0 1
0 0 0 0 0 0 1
0 0 0 0 0 0 1
0 0 0 0 0 0 1
0 0 0 0 0 0 1
0 0 0 0 0 0 1
0.418 0 0 0 0 0 1
2.941 0 0 0 0 1 1
0 0 0 0 0 0 1
0 0 0 0 0 0 1
0 0 0 0 0 0 1
1.279 0 0 4.561 0 1 1
0 0 0 0 0 0 1
0 0 0 0 0 0 1
0 0 0 0 0 0 1
0 0 0 0 0 0 1
0 0 0 0 0 0 1
0 0 0 0 0 0 1
0 0 0 0 0 0 1
0 0 0 0 0 0 1
0 0 0 0 0 0 1
0 0 0 0 0 0 1
0 0 0 10.9 0 1 1
0 0 0 0 0 0 1
0 4.41 0 10.53 0 1 1
0 0 0 0 0 0 1
1.989 0 0 4.669 0 1 1
0 0 0 0 0 0 1
0 0 0 0 0 0 1
0 0 0 0 0 0 1
0 0 0 0 0 0 1
0 0 0 0 0 0 1
0 0 0 0 0 0 1
0 0 0 0 0 0 1
3.059 0 0 9.933 0 1 1
0 0 0 0 4.233 0 1
0 0 0 0 0 0 1
0 0 0 3.348 0 0 1
0 0 0 0.12 0 1 1
4.418 5.077 0 4.057 0 1 1
0 0 0 0 0 0 1
0 0 0 0 1.22 0 1
0 0 0 0 0 0 1
5.429 0 0 5.269 0 1 1
0 0 0 0 0 0 1
0 0 0 0 0 0 1
0 0 0 0 0 0 1
0 0 0 0 0 0 1
0 0 0 0 0 0 1
0 0 0 0 0 0 1
0 0 0 0.533 0 0 1
0 0 0 0 0 0 1
0 0 0 0 0 0 1
0 0 0 0 0 0 1
0 0 0 0 5.973 0 1
0 0 0 0 0 0 1
0 0 0 0 0.437 0 1
1.99 0 0 8.514 0 1 1
5.377 5.455 0 3.612 2.892 1 1
0 0 0 0 0 0 1
0 0 0 0 0 0 1
0 0 0 0 2.51 0 1
0 2.177 0 1.816 0 0 1
0 0 0 0 0 0 1
0 0 0 0 0 0 1
0 0 0 0 0 0 1
0 0 0 0 0 0 1
3.414 0 0 3.272 0 1 1
1.669 0 0 0 0 1 1
0 0 0 0 0 0 1
0 0 0 0 0 0 1
0 0 0 0 0 0 1
0 0 0 0 0 0 1
0 0 0 0 0 0 1
0 0 0 0 0 0 1
0 0 0 0 0 0 1
0 0 0 0 3.806 0 1
0 0 0 0 0 0 1
0 0 0 0 0 1 1
0 0 0 0 0 0 1
0 0 0 0 0 0 1
0 0 0 0 0 0 1
0 0 0 0 3.527 0 1
0 0 0 0 0 0 1
3.927 0 0 0.506 0 1 1
0 0 0 0 0 0 1
0 0 0 13.618 0 1 1
0 0 0 0 0 0 1
0 0 0 0 3.214 0 1
0 0 0 0 0 0 1
0 0 0 0 0 0 1
0 0 0 0 0 0 1
5.367 0 0 4.392 0 1 1
0 0 0 0 0 0 1
0 0 0 0 0 0 1
0 0 0 0 0 0 1
0 0 0 0 0 0 1
0 0 0 0 0 0 1
0 0 0 0 0 0 1
0 0 0 0 0 0 1
0 0 0 0 0 0 1
0 0 0 3.044 0 1 1
0 0 0 0 0 0 1
0 0 0 0 0 0 1
0 0 0 0 0 0 1
0 0 0 0 0 1 1
0 0 0 0 0 0 1
0 0 0 3.133 0 0 1
0 0 0 1.684 0 1 1
0 0 0 0 0 0 1
0 0 0 0 0 0 1
0 0 0 0 0 0 1
0.035 3.342 0 11.511 0 0 1
0 0 0 0 0 0 1
0 0 0 3.65 0 0 1
0 0 0 0 0 0 1
0 0 0 0 0 0 1
0 0 0 0 0 0 1
3.666 0 0 3.876 0 1 1
0.266 0 0 2.364 0 1 1
0 0 0 0 0 0 1
0 0 0 0 0 0 1
1.642 0 0 15.09 0 1 1
0 0 0 0 0 0 1
0 0 0 0 0.567 0 1
0 0 0 0 0 0 1
0 0 0 0 0 0 1
0 0 0 0 0 0 1
0 0 0 0 0 0 1
0 0 0 0 0 0 1
0 0 0 0 0 0 1
2.538 1.575 0 9.089 0 1 1
0 0 0 0 0 0 1
0 0 0 0 0 0 1
0 0 0 0 0 0 1
0 0 0 0 0 0 1
0 0 0 1.571 0 0 1
0.791 0 0 9.066 0 1 1
0 0 0 0 0 0 1
0 0 0 0 0 0 1
3.446 1.551 0 5.14 6.142 1 1
0 0 0 0 0 0 1
1.563 0 0 3.019 0 1 1
0 0 0 0 0 0 1
1.953 0 0 2.917 0 1 1
0 0 0 0 0 0 1
0 0 0 0 0 0 1
0 0 0 0 0 0 1
0 0 0 0 0 0 1
0 0 0 0 0 0 1
0 0 0 1.249 0 1 1
3.367 0 0 0 0 1 1
0 0.972 0 0.973 0 0 1
0 0 0 0 0 0 1
0 0 0 0 0 0 1
3.371 0 0 0 0 1 1
2.977 0 0 4.347 0 1 1
3.506 0 0 6.05 0 1 1
0 0 0 0 0 0 1
0 0 0 0 0 0 1
0 0 0 0.523 0 0 1
0 0 0 0 0 0 1
3.446 0 0 2.525 0 1 1
0 0 0 0 0 0 1
0 0 0 0 0 0 1
2.168 0 0 6.946 0 1 1
0 0 0 0 0 0 1
0 0 0 0 0 0 1
0 0 0 0 0 0 1
0 0 0 0 0 0 1
0 0 0 0 0 0 1
0 0 0 0 0 0 1
0 0 0 0 0 0 1
0 0 0 0 3.214 0 1
1.998 0 0 9.614 0 1 1
0 0 0 0 0 0 1
0 0 0 0 0 0 1
0 0 0 0 0 0 1
0 0 0 0 0 0 1
3.72 0 0 6.818 0 1 1
1.359 0 0 4.683 0 1 1
0.409 0 0 4.338 2.152 1 1
3.658 0 0 6.036 0 1 1
0 0 0 0 0 0 1
0 0 0 0 0 0 1
0 0 0 0 2.526 0 1
0 0 0 0 0 0 1
0 0 0 0 0 0 1
0 0 0 0 0 0 1
0 0 0 0 0 0 1
0 0 0 0 0 0 1
0 11.455 0 16.56 0 1 1
0 0 3.756 0 0 0 1
1.935 0 0 6.436 0 1 1
1.52 0 0 8.019 0 1 1
0.071 0 0 5.613 0 0 1
0 0 0 4.418 0 1 1
0.93 1.464 0 4.813 0 1 1
0 0 0 0 0 0 1
0 0 0 0 0 0 1
0 0 0 0 0 1 1
0 0 0 0 0 0 1
0 0 0 0 0 0 1
0.916 0 2.415 2.693 0 1 1
0 0 0 0 4.377 0 1
0 0 0 1.982 0 0 1
0 0 0 0 0 0 1
0 0 0 0 0 0 1
0 0 0 0 0 0 1
0 0 0 0 0 0 1
4.986 0 0 5.718 0 1 1
0 0 0 8.388 0 1 1
0.82 0 0 4.215 0 0 1
1.763 0 0 5.402 0 1 1
0 0 0 0 0 0 1
0 0 0 0 0 0 1
0 0 0 0 0 0 1
0 0 0 0 0 0 1
0.593 4.197 0 10.415 0 1 1
0 0 0 0 0 0 1
1.462 0 0 0 0 1 1
0 0 0 0 0 0 1
0 0 0 0 0 0 1
0 0 0 0 0 0 1
0 0 0 0 0 0 1
0 0 0 0 0 0 1
0 0 0 0 0 1 1
0 0 0 0 0 0 1
0 0 0 0 0 0 1
0 0 0 0 0 0 1
3.877 3.349 0 14.868 0 1 1
0 0 0 0 0 0 1
0 0 0 0 0 0 1
1.198 0 0 3.403 0 1 1
0.081 0 0 0 0 1 1
0 0 0 0 0 0 1
0.875 0 0 0 0 0 1
0 0 0 0 0 0 1
4.358 0 0 7.587 0 1 1
0 0 0 9.4 0 0 1
0 0 0 0 0 0 1
0 0 0 0 0 0 1
0 0 0 0 0 0 1
0 0 2.96 0 4.438 0 1
0 0 0 1.787 0 0 1
0 0 0 0 0 0 1
0 0 0 0 0 0 1
0 0 0 0 6.038 0 1
6.487 0 0 6.547 0 1 1
0 0 0 0 0 0 1
0 0 0 0 0 0 1
0 0 0 0 3.461 0 1
0 0 0 0 3.653 0 1
4.124 0 0 8.628 0 1 1
0 0 0 2.305 0 0 1
0 0 0 0 0 1 1
2.088 0 0 2.957 0 0 1
0 0 0 0 3.144 0 1
0 0 0 0 0 0 1
0 0 0 0 0 0 1
0 0 0 0 0 0 1
0 0 0 23.398 0 1 1
0 0 0 0 0 0 1
0 0 0 2.267 0 0 1
0 0 0 0 0 0 1
0 0 0 0 0 0 1
1.401 0 0 1.221 0 0 1
5.351 0 0 3.563 0 1 1
6.232 0 0 8.101 0 1 1
0 0 0 0 0 0 1
5.362 0 0 7.487 0 1 1
0 0 0 0 3.341 0 1
2.59 1.972 0 6.788 0 1 1
0 0 0 0 0 0 1
0 0 0 0 0 0 1
0 0 0 0 0 0 1
0 0 0 2.94 0.598 0 1
0 0 0 3.002 0 0 1
0 0 0 3.364 3.749 1 1
2.039 4.209 0 14.063 0 1 1
0 6.558 0 14.555 0 0 1
0 0 0 0 0 0 1
0 0 0 0 0 0 1
0 0 0 0 0 0 1
0 0 0 0 0 0 1
0 0 0 0 0 1 1
0 0 0 0 3.445 0 1
0 0 0 0 0 0 1
0 0 0 0 0 0 1
0 0 0 0 0 0 1
0 0 0 0 0 0 1
0 0 0 0 0 0 1
0 0 0 0 0 0 1
0 0 0 0 0 0 1
0 0 0 0 0 0 1
0 0 0 0 0 0 1
3.481 0 0 0 0 1 1
0 0 0 0 0 0 1
0 0 0 0 0 0 1
0 0 0 0 0 0 1
0 0 0 0 0 0 1
0 0 0 0 0 0 1
0 0 0 0 0 0 1
3.774 0 0 9.194 0 1 1
0 0 0 1.008 0 0 1
0 0 0 0 0 0 1
0.782 1.32 0 4.62 0 1 1
0 0 0 0 0 0 1
0 0 0 0 0 0 1
6.626 0 0 14.675 0 1 1
0 0 0 0 0 0 1
0 0 0 0 0 0 1
3.213 0 0 0 0 1 1
0 0 0 0 0 0 1
0 0 0 0 0 0 1
0 0 0 0 0 0 1
0 0 0 0 1.419 0 1
0 0 0 0 0 0 1
0 0 0 0 0 0 1
0 0 0 0 0 0 1
0 0 0 0 0 0 1
1.21 0 0 3.198 0 0 1
0 0 0 0 0 0 1
0 0 0 0 0 0 1
2.504 0 0 6.419 0 1 1
0 0 0 0 0 0 1
0 1.728 3.956 0 0 0 1
0 0 0 0 0 0 1
0 0 0 0 0 0 1
0 0 0 0 0 0 1
5.369 0 0 3.778 0 1 1
0 0 0 0 0 0 1
0 0 0 0 4.65 0 1
3.131 0 0 11.476 0 1 1
0 0 0 0 0 0 1
0 0 0 0 0 0 1
0 0 0 0 0 0 1
0 0 0 0 0 0 1
2.412 5.101 0 22.583 0 1 1
0 0 0 0 0 0 1
0 0 0 2.86 0 0 1
0 0 0 0 0 0 1
0 0 0 0 0 0 1
0 0 0 0 0 1 1
0 0 0 0 0 0 1
0 0 0 0 0 0 1
0 0 0 0 0 0 1
7.022 0 0 0.23 0 1 1
4.143 0 0 0 0 1 1
0 0 0 0 0 0 1
0 0 0 0 0 0 1
0 0 0 8.335 0 0 1
0 0 0 0 5.788 0 1
5.694 0 0 3.458 0 1 1
0 0 0 0 0 0 1
0 0 0 0 0 0 1
3.79 5.239 0 7.118 0 1 1
0 0 0 0 0 0 1
0.802 0 0 20.87 0 0 1
3.829 0 0 6.724 0 1 1
0 0 0 8.221 0 0 1
0 0 0 0 0 0 1
0 0 0 0 0 0 1
0 3.595 0 43.231 0 1 1
1.03 0 0 4.284 0 0 1
3.171 0 0 3.106 0 1 1
0 0 0 0 0 0 1
0 0 0 0 0 0 1
0 0 0 0 0 0 1
0 0 0 0 0 0 1
0 0 0 0 0 0 1
0 0 0 0 2.646 0 1
0 0 0 0 0 0 1
3.177 0 0 6.402 0 1 1
0 2.147 0 5.18 0 1 1
0 0 0 0 0 0 1
0 0 0 0 0 0 1
2.866 0 0 1.887 0 1 1
0 0 0 4.271 0 0 1
0 0 0 0 0 0 1
0 0 0 0 0 0 1
0 0 0 0 0 0 1
0 0 0 0 0 0 1
0 0 0 0 0 0 1
0 0 0 0 0 0 1
2.403 0 0 6.577 0 1 1
0 0 0 0 0 0 1
1.458 0 0 3.467 0 0 1
0 0 0 0 0 0 1
0 0 0 0 0 0 1
1.201 0 0 6.795 0 1 1
0 7.413 0 9.56 0 0 1
0 0 0 0 0 0 1
1.161 0 0 0 0 1 1
0 0 0 0 0 0 1
0 0 0 0 0 0 1
0 0 0 0 0 0 1
0 0 0 0 0 0 1
0 0 0 0 0 0 1
0 0 0 0 0 1 1
4.394 0 0 4.021 0 1 1
0 0 0 0 0 0 1
0 0 2.301 0 0 0 1
0 0 0 0 0 1 1
1.689 0 0 4.403 0 1 1
0 0 0 0 0 0 1
0 0 0 0 0 0 1
0 0 0 0 0 0 1
0 0 0 0 0 0 1
0 0 0 0 0 0 1
2.326 3.501 0 3.22 0 1 1
0 0 2.621 0 0 0 1
0 0 0 0 0 0 1
0 0 0 2.284 0 0 1
0 0 0 0 0 1 1
0 0 0 0 0 0 1
0 0 0 0 2.642 0 1
0 0 0 0 0 0 1
0 0 0 0 0 0 1
0 0 0 0 0 0 1
0 0 0 3.473 0 0 1
0 0 0 4.703 0 0 1
0 0 0 0 0 0 1
0 0 0 0 0 0 1
0 0 0 0 0 0 1
0 0 0 5.374 0 0 1
0 0 0 0 0 0 1
0 0 0 0 0 0 1
0 0 0 0 0 0 1
0 0 0 0 2.419 0 1
0 0 0 0 0 0 1
4.516 1.434 0 5.967 0 1 1
0 0 0 0 0 0 1
0 0 0 0 0 0 1
0 0 0 0 0 0 1
0 0 0 0 0 0 1
0 0 0 0 0 0 1
0 0 0 5.464 0 0 1
0 0 0 0 0 0 1
0 0 1.39 0 0 0 1
1.443 0 0 3.209 0 0 1
3.413 3.036 0 3.61 0 1 1
0 0 0 0 0 0 1
0 2.942 3.929 0 0 0 1
0 0 0 0 0 0 1
0 0 0 0 0 0 1
0 0 0 0 0 0 1
0 0 0 0 0 0 1
0 0 0 0 0 0 1
0 0 0 0 0 0 1
0 0 0 0 0 0 1
0.038 0 0 0 0 1 1
0 0 0 0 0 0 1
0 0 0 0 0 0 1
0 0 0 0 0 0 1
0 0 0 0 0 0 1
1.318 0 0 1.852 3.288 1 1
0 0 0 2.813 0 1 1
0.257 0 0 0 0 0 1
2.861 0 0 6.577 0 0 1
0 0 0 0 0 0 1
0 0 0 0 0 0 1
0 0 0 0 0 0 1
0 0 0 3.767 0 0 1
1.908 0 0 5.989 0 1 1
0 0 0 0 0 1 1
0 0 0 0 0 0 1
0 0 0 0 0 0 1
0 0 0 0.381 0 1 1
0 0 0 0 1.293 0 1
0 0 0 2.668 0 0 1
0 0 0 5.495 0 1 1
0 0 0 0 0 0 1
0 0 0 0 0 0 1
0 0 0 0 0 0 1
0 0 0 0 0 0 1
0 0 0 0 0 0 1
0 0 0 0 3.814 0 1
0 0 0 0 0 0 1
0 0 0 0 0 0 1
0 0 0 0 0 0 1
3.33 0 0 4.855 0 1 1
0 0 0 0 0 0 1
4.632 0 0 12.121 0 1 1
0 0 0 0 0 0 1
0 0 0 3.964 0 0 1
6.008 0 0 3.001 0 1 1
0 0 0 0 0 0 1
0 0 0 0 0 0 1
0 0 0 0 0 0 1
0 0 0 0 1.853 0 1
0 0 0 0 3.504 0 1
0 0 0 0 0 0 1
0 0 0 0 0 0 1
0 0 0 0 0 0 1
0 0 0 0 0 0 1
0 0 0 0 0 0 1
0 0 0 0 0 0 1
0 0 0 0 0 0 1
0 0 0 12.945 0 1 1
0 0 0 0 0 0 1
0 0 0 0 0 0 1
0 0 0 0 0 0 1
3.004 0 0 1.108 0 1 1
0 0 0 0 0 0 1
0 0 0 0 0 0 1
0 0 0 0 0 0 1
0 0 0 0 0 0 1
0 0 0 0 0 0 1
0 0 0 0 0 0 1
0 0 0 0 0 0 1
0 0 0 0 0 0 1
0 0 0 0 0 0 1
0 0 0 0 0 0 1
0 0 0 0 0 0 1
1.052 0 0 7.9 0 1 1
0 0 0 0 0 0 1
0.918 0 0 1.437 0 0 1
0 0 0 0 0 0 1
2.224 3.751 0 3.359 0 1 1
0 0 0 0 0 0 1
0 0 0 0 0 0 1
0 0 0 0 0 0 1
0 0 0 0 0 0 1
0 0 0 0 0 0 1
0 0 0 0 0 0 1
1.134 2.38 0 12.495 0 1 1
0 0 0 0 0 0 1
3.741 0 0 9.065 0 1 1
0 2.946 0 7.66 0 0 1
0 0 0 0 0 0 1
0 0 0 0 0 0 1
0 0 0 0 0 0 1
0.808 0 0 0 0 1 1
0.203 0 0 2.256 0 0 1
0 0 0 0 0 0 1
0 0 0 0 0 0 1
0 0 0 0 0 0 1
4.013 2.436 0 7.922 0 1 1
0 0 0 0 0 0 1
0 0 0 0.268 0 0 1
0 0 0 0 0 0 1
0 0 0 0 3.493 0 1
0 0 0 0 0 0 1
0 0 0 0 0 0 1
0 0 0 0 0 0 1
0 0 0 5.622 0 1 1
0 0 0 0 0 0 1
0 0 0 0 0 0 1
4.297 0 0 5.713 3.573 1 1
0 0 0 0 0 0 1
0 0 0 0 0 0 1
0 0 0 2.606 0 1 1
0 0 0 0 0 0 1
0 0 0 0 0 0 1
1.034 0 0 3.429 0 1 1
0 0 0 0 0 0 1
0 0 0 0 3.018 0 1
0 0 0 0 0 0 1
0 0 0 0 0 0 1
0 0 0 0 0 0 1
0 0 0 0 0 0 1
0 0 0 0 0 0 1
0 0 0 0 0 0 1
0 0 0 0 0 0 1
0 0 0 0 0 0 1
3.003 0 0 6.608 0 1 1
0 0 0 0 0 0 1
0 0 0 0 0 0 1
0 0 0 0 0 0 1
3.633 0 0 3.729 0 1 1
0 0 0 0 0 0 1
0 0 0 2.163 0 0 1
2.982 0 0 8.288 0 1 1
5.24 3.143 0 10.804 0 1 1
0 0 0 0 0 0 1
0 0 0 0 0 0 1
0 0 0 0 0 0 1
0 0 0 0 0 0 1
0 0 0 6.32 0 0 1
0 0 0 0 0 0 1
0 0 0 0 0 0 1
0 2.24 0 12.557 0 0 1
0 0 0 0 0 0 1
4.712 0 0 5.568 0 1 1
0 0 0 0 0 0 1
0 0 0 2.002 0 0 1
1.574 0 0 19.824 0 1 1
0.503 0 0 4.689 0 0 1
0 0 0 0 0 0 1
5.321 0 0 4.676 0 1 1
2.034 0 0 1.116 0 1 1
0 0 0 0 0 0 1
1.6 0 0 0.147 0 1 1
0 0 0 0 0 0 1
0 0 0 0 0 0 1
0 0 0 0 0 0 1
0 0 0 0 0 0 1
0 0 0 0 0 0 1
0 0 0 0 0 0 1
0 0 0 0 2.784 0 1
3.052 0 0 3.778 0 1 1
2.885 0 0 0 1.833 1 1
0 0 0 0 0 0 1
0 0 0 0 0 0 1
0 0 0 3.814 0 0 1
0 4.362 0 4.38 0 0 1
0 0 0 0 0 0 1
0 0 0 0 4.559 0 1
0 0 0 0 0 0 1
0 0 0 0 0 0 1
0 0 0 0 3.541 0 1
1.234 0 0 0 0 0 1
0 0 0 0 0 0 1
0 0 0 0 3.332 0 1
0 0 0 3.009 0 1 1
0 0 0 0 0 0 1
0 9.086 0 12.41 0 1 1
4.178 0 0 5.533 0 1 1
2.305 1.532 0 14.426 0 1 1
0 0 0 0 0 0 1
0 0 0 0 0 0 1
0 0 0 0 0 0 1
0 0 0 0 0 0 1
0.418 0 0 12.714 0 0 1
0 0 0 0 4.595 0 1
0 0 0 0 0 0 1
0 0 0 0.834 0 0 1
0 0 0 3.943 0 1 1
0 0 0 0 0 0 1
1.55 0 0 7.159 0 1 1
0 0 0 0 0 0 1
0 0 0 0 0 0 1
0 3.099 0 7.944 0 1 1
0 0 0 0 0 0 1
0 0 0 0 0 0 1
0 0 0 0 0 0 1
0 0 0 0 0 0 1
0 0 3.662 0 0 0 1
0 0 0 0 0 0 1
0 0 0 0 0 0 1
0 0 0 0 0 0 1
0 0 0 0 0 0 1
0 0 0 0 0 0 1
0 0 0 0 0 0 1
0 0 0 0 0 0 1
0 0 0 0 0.67 0 1
3.536 0 0 3.721 3.476 1 1
1.533 0 0 3.299 0 1 1
0 0 0 0 0 0 1
0 0 0 0 0 0 1
0 0 0 0 0 0 1
0 0 0 0 0 0 1
0 0 0 0 2.426 0 1
0 0 0 0 0 0 1
0 0 0 0 0 0 1
0 0 0 0 0 0 1
5.198 0 0 2.443 0 1 1
0 0 0 4.148 0 1 1
0 0 0 0 0 0 1
2.787 0 0 0 0 1 1
0 0 0 0 6.251 0 1
0 0 0 0 0 0 1
0 0 0 0 0 0 1
0 0 0 0 0 0 1
0 0 0 0 7.27 0 1
0 0 0 0 0 0 1
0 0 0 0 5.284 0 1
2.774 0 0 3.181 0 1 1
0 0 0 0 0 0 1
0 0 0 0 0 0 1
0 0 0 0 0 0 1
0 0 0 0 0 0 1
2.785 0 0 0 0 1 1
0 0 0 0 0 0 1
0 0 0 0 0 0 1
2.206 4.052 0 9.996 0 1 1
0 0 0 0 0 0 1
0 0 0 0 0 0 1
0 0 0 0 0 0 1
0 0 0 0 0 0 1
0 0 0 0 0 0 1
0 0 0 0 0 0 1
0 0 0 0 0 0 1
0 0 0 0 0 0 1
4.079 0 0 8.044 0 1 1
5.558 0 0 6.994 0 1 1
0 0 0 0 0 0 1
0 5.693 0 11.043 0 1 1
0 0 0 0 3.691 0 1
0 0 0 0 0 0 1
0 0 0 0 0 0 1
0 0 0 0.277 0 0 1
0 0 0 0 0 0 1
0 0 0 0 0 0 1
0 0 0 0 0 0 1
0 0 0 0 0 0 1
0 0 0 0 0 0 1
0 0 0 0 0 0 1
0 0 0 0.231 0 0 1
0 0 0 0 0 0 1
0 0 0 0 0 0 1
0 0 0 0 3.131 0 1
0.263 4.399 0 14.414 0 1 1
0 0 0 0 0 0 1
0 0 0 0 0 0 1
0 0 0 0 0 0 1
0 0 0 0 0 0 1
0 0 0 0 0 0 1
0 0 0 0 0 0 1
0 0 0 3.434 0 1 1
0 0 0 0 0 0 1
0 0 0 0 0 0 1
0 0 0 0 0 0 1
1.158 0 0 1.754 2.96 0 1
2.453 0 0 1.172 0 1 1
6.449 0 0 0 0 0 1
0 0 0 0 0 0 1
0 0 0 5.417 0 0 1
0 0 0 0 0 0 1
0 0 0 1.275 0 0 1
0 0 0 12.561 0 0 1
4.359 0 0 17.437 0 1 1
0 0 0 0 0 0 1
0 0 0 0 0 0 1
0 0 0 0 0 0 1
0.19 1.749 0 1.148 0 1 1
0 0 0 0 3.249 0 1
0 0 0 0 1.391 0 1
0 0 0 0 0 0 1
0 0 0 0 0 0 1
0 0 0 0 0 0 1
4.625 0 0 7.85 0 1 1
0 0 0 0 0 0 1
0 0 0 0 0 0 1
2.888 0 0 0 0 0 1
0 0 0 3.067 0 1 1
0 0 0 0 0 0 1
0 0 0 0 0 0 1
0 0 0 0 0 0 1
0 0 0 0 0 0 1
0 0 0 0 0 0 1
5.879 0 0 5.026 0 1 1
0 0 0 0 0 0 1
0 0 0 0 0 0 1
0 0 0 0 0 0 1
0 0 0 0 0 0 1
0 0 0 0 0 0 1
0 0 0 0 0 0 1
1.275 0 0 15.997 0 1 1
0 0 0 0 0 0 1
0 0 0 0 1.703 0 1
0 0 0 0 0 0 1
0 0 0 0 0 0 1
0 0 0 0 0 0 1
0 0 0 0 0 0 1
0 0 0 0 0 0 1
0 0 0 0 0 0 1
0 0 0 0 0 0 1
0 0 0 0 0 0 1
0 0 0 0 0 0 1
0 0 0 0 0 0 1
0 0 0 0 0 0 1
0 0 0 0 0 0 1
0 0 0 0 0 0 1
0 0 0 0 0 0 1
0 0 0 0 0 0 1
0 0 0 0 0 0 1
0 0 0 0 0 0 1
0 0 0 0 0 0 1
0 0 0 0 0 0 1
0 0 0 3.536 0 0 1
0 0 0 0 0 0 1
0 0 0 0 0 0 1
2.495 0 0 0 0 1 1
0 0 0 0 0 0 1
0 0 0 0 0 0 1
0 3.451 0 4.441 0 0 1
0 0 0 0 0 0 1
0 0 0 0 0 0 1
0 0 0 0 0 0 1
0 0 0 0 0 0 1
1.484 3.903 0 2.686 0 1 1
1.013 2.879 0 6.539 0 0 1
0 0 0 0 0 0 1
0 0 0 0 0 0 1
0 0 0 0 0 0 1
4.343 0 0 4.591 0 1 1
2.802 0 0 8.091 0 1 1
2.271 0 0 0 0 1 1
1.838 0 0 8.275 0 1 1
0 0 0 0 5.235 0 1
0 0 0 0 0 0 1
2.323 0 0 2.411 0 1 1
0 0 0 2.18 0 0 1
0 0 0 0 0 0 1
0 0 0 0 0 0 1
0.746 0 0 0 0 0 1
0 0 0 0 0 0 1
4.259 0 0 0 0 1 1
0 0 0 0 0 0 1
1.76 0 0 13.152 0 1 1
3.304 0 0 0 0 1 1
3.661 0.493 0 7.735 0 1 1
0 0 0 0 0 0 1
3.459 0 0 8.317 0 1 1
0 0 0 0 0 0 1
0 0 0 0 0 0 1
0 0 0 0 0 0 1
0 0 0 0 0 1 1
0 0 0 0 0 0 1
0 0 0 0 0 0 1
0 1.284 0 15.036 0 1 1
0 0 0 0 0 0 1
3.118 0 0 0 0 1 1
0 0 0 0 2.946 0 1
0 0 0 0 0 0 1
0 0 0 0 0 0 1
0 0 0 0 0 0 1
0 0 0 0 0 0 1
0 0 0 0 0 0 1
0 0 0 0 0 0 1
0 0 0 0 0 0 1
0 0 0 0 0 0 1
0 0 0 0 0 0 1
0 0 0 0 0 0 1
0 0 0 0 0 0 1
1.461 0.78 0 4.473 0 1 1
0 0 0 0 0 0 1
0 0 0 0 0 0 1
0 0 0 0 0 0 1
0 0 0 0 0 0 1
0 0 0 0 0 0 1
0 0 0 0 0 0 1
0 0 0 0 0 0 1
0 0 0 0 0 0 1
0 0 0 0 0 0 1
0.436 3.705 0 15.294 0 1 1
0 0 0 0 0 0 1
0 0 0 0 2.825 0 1
0 0 0 0 0 0 1
0 0 0 4.888 0 1 1
0 0 0 0 0 0 1
3.69 0 0 7.467 0 0 1
0 0 0 0 0 0 1
2.353 0 0 4.223 0 1 1
0 0 0 0 0 0 1
0 0 0 0 0 0 1
3.47 0 0 2.267 0 1 1
3.689 4.044 0 16.497 0 1 1
0 0 0 0 0 0 1
0 0 0 0 0 0 1
0 0 0 0 0 0 1
0 0 0 0 0 0 1
0 0 0 0 0 0 1
0 0 0 0 0 0 1
0 0 0 0 0 0 1
3.514 0 0 0 0 1 1
3.877 0 0 0 0 1 1
0 0 0 0 0 0 1
0 0 0 0 0 0 1
3.34 0 0 7.615 0 1 1
0 3.019 0 5.735 0 1 1
0 0 0 0 0 0 1
0 0 0 0 0 0 1
0 0 0 0 0 0 1
2.927 5.356 0 5.679 0 1 1
0 0 0 0 0 0 1
0 0 0 0 0 0 1
0 0 0 0 0 0 1
0 0 0 0 0 0 1
0 0 0 0 0 0 1
0 0 0 0 0 0 1
5.017 0 0 9.499 0 1 1
0 0 0 0 0 0 1
0 0 0 0 0 0 1
0 0 0 0 0 0 1
0 0 0 0 0 0 1
0 0 0 0 0 0 1
0 0 0 0 0 0 1
0 8.582 0 10.093 0 0 1
0 0 0 3.944 0 1 1
0 0 0 0 0 0 1
0 0 0 0.412 0 0 1
0 0 0 0 0 0 1
0 3.593 2.539 0 1.682 0 1
0 0 0 0 0 0 1
0.84 0 0 5.345 0 1 1
0 0 0 0 0 0 1
0 0 0 0 0 0 1
0 0 0 0 0 0 1
6.195 0 0 4.513 3.764 1 1
3.371 0 0 7.488 0 1 1
1.199 0 0 3.448 0 1 1
0 13.224 0 19.759 0 1 1
0 2.075 0 0 0 0 1
0 0 0 0 0 0 1
0 0 0 0 0 0 1
0 0 0 0 0 0 1
4.093 2.93 0 6.333 0 1 1
0 0 0 0 0 0 1
0 0 0 0 0 0 1
6.602 0 0 4.498 0 1 1
0 0 0 0 0 0 1
3.145 0 0 0 0 1 1
5.044 0 0 0 0 1 1
0 0 0 0 0 0 1
0 0 0 0 0 0 1
0 0 0 0 0 0 1
5.354 0 0 4.209 0 1 1
0 0 0 0 0 0 1
0 0 0 0 0 1 1
0 0 0 4.882 0 0 1
5.557 0 0 0 0 1 1
0 0 0 2.597 0 0 1
0 0 0 0.601 0 0 1
0 0 0 0 0 0 1
3.266 1.507 0 14.297 0 1 1
3.31 0 0 0 0 0 1
0 0 0 0 0 0 1
0 0 0 0 2.826 0 1
0 0 0 0 0 0 1
0 0 0 0 0 0 1
0 0 0 0 0 0 1
0 0 0 0 0 0 1
0 0 0 0 0 0 1
2.732 0 0 4.589 0 1 1
0 0 0 0 0 0 1
0 0 0 0 0 0 1
0 0 0 0 0 0 1
0 0 0 0 0 0 1
0 0 0 0 0 0 1
0 0 0 2.995 0 0 1
0.981 0 0 12.262 0 0 1
0 0 0 4.209 0 0 1
0 2.705 0 12.351 0 1 1
0 0 0 0 0 0 1
0 0 0 0 0 0 1
0 0 0 0 0 0 1
0 0 0 0 0 0 1
0 0 0 1.69 0 0 1
0 0 0 0 0 0 1
0 0 0 0 0 0 1
0 0 0 2.941 5.047 0 1
0 0 0 0 0 0 1
0 0 0 0 0 0 1
0 0 0 0 0 0 1
0 0 0 0 0 0 1
0 0 0 0 0 0 1
0 0 0 1.368 0 0 1
0 0 0 0 0 0 1
0 0 0 0 0 0 1
0 0 0 0 0 0 1
0 0 0 0 0 0 1
0.597 0 0 23.195 0 1 1
0 0 0 0 0 0 1
0 0 1.393 0 0 0 1
0 0 0 0 0 0 1
0 4.373 0 9.704 0 0 1
0 0 0 0 0 0 1
0 0 0 0 0 0 1
0 0 0 0 0 0 1
0 0 0 0 0 0 1
0 0 0 0 0 0 1
0.886 0 0 30.134 0 1 1
0 0 0 0 0 0 1
0 0 0 0 0 0 1
0 0 0 0 0 0 1
0 0 0 0 0 0 1
0 0 0 0 0 0 1
0 0 0 0 3.714 0 1
0 0 0 0 0 0 1
0 0 0 0 0 0 1
0 0 0 0 0 0 1
0 0 0 0 1.795 0 1
0 0 0 0 0 0 1
0 0 0 0 0 0 1
3.531 0 0 6.245 1.328 1 1
0 0 0 0 0 0 1
2.553 0 0 19.07 0 1 1
0 0 0 3.115 0 0 1
0 2.822 0 0 0 0 1
2.731 2.741 0 6.168 0 1 1
0 0 0 0 0 0 1
4.806 0 0 0 0 0 1
5.119 4.593 0 14.087 0 1 1
2.286 0 0 4.579 0 1 1
0 0 0 0 0 0 1
0 0 0 0 0 0 1
0 0 0 0 0 0 1
0 0 0 0 0 0 1
0 0 0 0 0 0 1
0 0 0 0 0 0 1
0 0 0 0 0 0 1
0 0 0 0 0 0 1
0 0 0 0 2.822 0 1
0 0 0 0 0 0 1
0 0 0 0 0 0 1
0 0 0 0 0 0 1
3.384 0 0 0 0 0 1
0 0 0 0 0 0 1
0 0 0 0 0 0 1
0 0 0 0 0 0 1
0 0 0 0 0 0 1
0 0 0 4.462 0 0 1
0 0 0 0 0 0 1
0 0 0 0 0 0 1
0 0 0 5.715 0 1 1
0 0 0 0 0 0 1
0.266 0 0 0 0 0 1
0 0 0 0 0 0 1
0 0 0 0 0 0 1
0 0 0 0 0 0 1
0 0 0 0 0 0 1
0 0 0 0 0 0 1
5.763 0 0 3.804 3.104 1 1
0 0 0 0 0 0 1
4.379 2.275 0 5.344 0 1 1
2.9 0 0 7.021 0 1 1
0 0 0 0 0 0 1
0 0 0 0 3.191 0 1
0 0 0 0 1.685 0 1
3.211 0 0 4.003 0 1 1
2.891 0 0 4.104 0 1 1
0 0 0 0 0 0 1
0 0 0 0 0 0 1
0 0 0 0 3.718 0 1
0 0 0 0 0 0 1
0 0 0 0 0 0 1
1.54 0 0 1.55 0 1 1
0 0 0 0 0 0 1
7.882 0 0 9.689 0 1 1
0 0 0 0 2.936 0 1
0 0 0 0 0 0 1
4.556 0 0 7.857 0 1 1
0 0 0 0 0 0 1
0 0 0 0 0 0 1
0 0 0 0 0 0 1
0 0 0 0 0 0 1
0 0 0 0 1.662 0 1
0 0 0 0 0 0 1
0 0 0 0.321 0 0 1
0 0 0 0 0 0 1
0 0 0 0 0 0 1
0 0 0 0 0 0 1
2.735 0.616 0 2.13 0 0 1
0 0 0 0 0 0 1
0 0 0 0 0 0 1
0 0 0 0 0 0 1
0 0 0 0 0 0 1
0 0 0 0 0 0 1
0 0 0 5.77 0 0 1
0 0 0 0 0 0 1
0 0 0 0 0 0 1
0 0 0 0 0 0 1
0 0 0 0 0 0 1
0 0 0 0 0 0 1
0 0 0 0 0 0 1
0 0 0 0 0 0 1
1.311 9.123 0 15.888 0 1 1
0 0 0 0 0 0 1
0 0 0 0 0 0 1
2.964 0 0 7.862 0 1 1
0 0 0 0 0 0 1
0 0 0 0 0 0 1
0 0 0 0 0 0 1
0 0 0 0 0 0 1
0 0 0 0 0 0 1
0 9.225 0 5.282 0 0 1
0 0 0 0 0 0 1
0 0 0 0 0 0 1
0 0 0 0 0 0 1
0 0 0 0 0 0 1
0 0 0 0 0 0 1
0 0 0 0 0 0 1
0 0 0 0 0 0 1
0 0 0 0 0 0 1
2.773 0 0 5.696 0 1 1
0 2.651 0 0 0 0 1
0 0 0 0 0 0 1
3.092 0 0 11.565 0 1 1
0 3.282 0 7.928 0 0 1
0 0 0 0 0 0 1
0 0 0 0 0 0 1
0 0 0 0 0 0 1
1.831 0 0 2.884 0 1 1
0 0 0 0 0 0 1
0 0 0 0 0 0 1
0 0 0 0 0 0 1
0 0 0 0 6.062 0 1
0 0 0 0 0 0 1
0.101 0.539 0 2.283 0 0 1
2.389 4.182 0 5.177 0 1 1
0 0 0 0 0 0 1
0 8.014 0 8.909 0 0 1
0 0 0 0 0 0 1
0 0 0 0 0 0 1
0 0 0 3.863 0 0 1
0 0 0 0 0 1 1
2.495 0 0 5.094 0 1 1
0 0 0 0 0 0 1
3.445 0 0 3.973 0 1 1
0 0 0 0 0 0 1
0 0 0 0 0 0 1
3.064 0 0 0 0 1 1
0 0 0 0 0 0 1
0 0 0 0 0 0 1
6.175 0 0 2.79 0 1 1
0 0 0 0 0 0 1
0 0 0 0 3.293 0 1
1.751 0 0 7.535 0 1 1
0 0 0 0 0 0 1
0 0 0 0 0 0 1
3.693 0 0 7.831 0 1 1
0 0 0 0 0 0 1
0 0 0 0 0 0 1
0 0 0 0 0 0 1
0 0 0 0.787 0 0 1
0 0 0 0 0 0 1
0 0 0 6.759 0 0 1
0 0 0 0 0 0 1
0 0 0 0 0 0 1
0 0 0 0 0 0 1
0 0 0 0 0 0 1
0 0 0 0 0 0 1
0 0 0 0 3.872 0 1
0 0 0 3.804 0 0 1
0 0 0 0 0 1 1
0 3.828 0 5.21 0 1 1
0 0 0 0 0 0 1
0 0 0 0 0 0 1
0 0 0 2.672 0 0 1
0 0 0 0 0 1 1
0 0 0 0 0 0 1
0 0 0 0 0 0 1
0 0 0 0 0 0 1
1.821 0 0 3.999 0 1 1
0 0 0 0 0 0 1
2.053 0 0 2.932 0 1 1
1.148 0 0 4.55 0 0 1
0 0 0 0 0 0 1
0 0 0 0 0 0 1
0 0 0 0 4.987 0 1
0 0 0 0 0 0 1
0 0 0 0 0 0 1
0 0 0 0 0 0 1
0 0 0 0 0 1 1
0 0 0 0 1.673 0 1
0 0 0 0 0 0 1
0 0 0 0 3.598 0 1
2.509 0 0 18.345 0 1 1
0 0 0 0 0 0 1
0 0 0 5.613 0 0 1
0 0 0 0 0 0 1
0 0 0 0 0 0 1
0 0 0 0 0 0 1
0 0 0 2.911 0 0 1
0 0 0 0 0 0 1
0 0 0 0 0 0 1
0 2.49 5.82 0 1.797 0 1
0 0 0 0 0 0 1
0 0 0 0 0 0 1
0 0 0 0 0 0 1
0 0 0 0 0 0 1
4.384 0 0 5.095 0 1 1
0 0 0 0 0 0 1
0 0 0 0 0 0 1
0 0 0 0 0 0 1
0 0 0 0 0 0 1
0 0 0.657 0 0 0 1
0 0 0 0 0 0 1
0 0 0 0 0 0 1
1.799 0 0 13.79 0 1 1
0 0 0 0 0 0 1
0 0 0 0 0 0 1
0 0 0 0 0 1 1
0 0 0 0 0 0 1
0 0 0 0 0 0 1
0 0 0 0 0 0 1
1.056 3.844 0 4.832 0 0 1
4.964 0 0 1.877 0 1 1
0 0 0 0 7.055 0 1
0 0 3.278 0 2.151 0 1
0 0 0 0 0 0 1
0 0 0 0 0 0 1
0 0 0 0 0 0 1
0 0 0 0 3.256 0 1
0 0 0 0 0 0 1
0 0 0 0 0 0 1
1.104 0 0 9.659 0 0 1
0 0 0 22.75 0 1 1
0 0 0 0 0 0 1
5.746 0 0 0 0 1 1
0 0 0 0 0 0 1
0 0 0 0 0 0 1
0 0 0 7.278 0 1 1
0 0 0 0 0 0 1
0 0 0 0 0 0 1
0 0 0 0 2.925 0 1
0 0 0 5.501 0 0 1
0 0 0 0 0 0 1
0 0 0 0 0 0 1
1.321 0 0 0 0 1 1
0 0 0 0 0 0 1
0 0 0 0 0 1 1
0 0 0 0 0 0 1
0 0 0 4.684 0 0 1
3.782 0 0 3.767 4.873 1 1
0 0 0 0 0 0 1
0 0 0 0 0 0 1
5.559 0 0 0 0 1 1
4.581 0 0 11.289 0 1 1
0 0 0 0 0 0 1
0 0 0 0 0 0 1
0 0 0 0 3.947 0 1
0 0 0 0 0 0 1
5.964 0 0 6.792 0 1 1
2.322 0 0 2.918 3.661 1 1
0 0 0 0 0 0 1
0 0 0 0 0 0 1
0 0 0 0 0 0 1
0 0 0 0 0 0 1
0 0 0 0 0 0 1
0.037 0 0 11.783 0 1 1
0 0 0 0 0 0 1
0 0 0 0 0 0 1
0 0 0 0 0 0 1
0 0 0 0 0 0 1
0 0 0 0.336 0 0 1
2.936 5.298 0 18.841 0 1 1
0 0 0 0 3.575 0 1
0 0 0 0 0 0 1
0 0 0 0 0 0 1
0.917 3.578 0 16.729 0 1 1
0 0 0 0 3.714 0 1
0 0 0 0 0 0 1
0 0 0 0 0 0 1
0 0 0 0.527 0 1 1
0 0 0 3.236 0 0 1
0 0 0 0 0 0 1
0 0 0 0 2.175 1 1
0 0 0 3.571 0 0 1
4.647 0 0 10.389 0 1 1
0 1.44 0 10.036 0 1 1
0 0 0 0 0 0 1
0 0 0 0 0 0 1
0 0 0 0 0 0 1
3.384 0 0 1.406 0 1 1
0.998 0 0 12.356 0 1 1
0 0 0 0 0 0 1
0 0 0 0 0 0 1
0 0 0 0 0 0 1
0 0 0 0 0 0 1
0 0 0 0 0 0 1
0 0 0 0 0 0 1
0 0 0 0 0 0 1
0 0 0 0 0 0 1
4.977 0 0 4.459 0 1 1
0 0 0 0.269 0 0 1
3.978 0 0 5.955 0 1 1
0 0 0 0 0 0 1
0 0 0 6.497 0 0 1
0 0 0 0 0 0 1
