0.000 0.000 0.000 0.912 0.688 0.000 1.000
1.917 0.000 0.000 0.000 0.235 0.000 1.000
0.000 0.000 0.000 0.000 0.676 0.000 1.000
0.000 0.000 0.000 0.000 0.000 0.000 1.000
0.000 0.000 0.000 0.000 0.000 0.000 1.000
3.863 0.000 0.000 2.398 0.000 1.000 1.000
0.000 0.000 0.000 0.000 0.000 0.000 1.000
6.395 0.000 0.000 12.478 0.000 1.000 1.000
0.000 0.000 0.000 0.000 0.000 0.000 1.000
3.989 0.000 0.000 5.224 0.000 1.000 1.000
3.633 0.000 0.000 5.751 0.000 1.000 1.000
0.000 0.000 0.000 0.000 0.000 0.000 1.000
2.664 0.000 0.000 0.000 0.000 1.000 1.000
1.898 0.094 0.000 28.531 0.000 1.000 1.000
0.000 0.000 0.000 0.000 0.000 0.000 1.000
3.182 7.129 0.000 3.195 0.000 1.000 1.000
0.000 0.000 0.000 0.000 0.000 0.000 1.000
0.000 0.000 0.000 0.000 0.000 0.000 1.000
0.000 0.000 0.000 0.000 0.000 0.000 1.000
0.000 0.000 0.000 0.000 0.000 0.000 1.000
8.229 4.688 0.000 16.682 0.000 1.000 1.000
0.000 0.000 0.000 0.000 0.057 0.000 1.000
0.000 0.000 0.000 0.000 1.207 0.000 1.000
0.000 13.028 0.000 5.993 0.000 0.000 1.000
0.000 0.000 0.000 0.000 0.000 0.000 1.000
0.000 0.000 0.000 0.000 0.000 0.000 1.000
0.000 0.000 0.000 0.000 0.000 0.000 1.000
0.947 10.122 0.000 0.000 0.000 0.000 1.000
2.171 0.000 0.000 0.000 0.000 0.000 1.000
8.448 0.000 0.000 10.288 0.000 1.000 1.000
0.000 0.000 0.000 0.000 0.000 0.000 1.000
0.000 0.000 0.000 0.000 0.000 0.000 1.000
0.000 14.928 0.000 4.358 0.000 0.000 1.000
0.000 0.000 0.000 0.000 0.000 0.000 1.000
0.000 0.000 0.000 0.000 0.000 0.000 1.000
0.000 0.000 0.000 0.000 0.000 0.000 1.000
0.000 0.000 0.000 0.000 0.000 0.000 1.000
0.000 0.000 0.000 0.000 0.000 0.000 1.000
0.000 0.000 0.000 0.000 2.836 0.000 1.000
3.699 4.848 0.000 2.461 0.000 1.000 1.000
2.976 0.000 0.000 0.000 0.000 1.000 1.000
7.801 7.098 0.000 9.043 0.000 1.000 1.000
0.000 0.000 0.000 0.000 0.000 0.000 1.000
0.000 0.000 0.000 0.000 0.000 0.000 1.000
0.000 0.000 0.000 0.000 0.000 0.000 1.000
0.000 0.000 0.000 0.000 0.000 0.000 1.000
2.415 0.000 0.000 0.000 0.000 1.000 1.000
0.076 0.000 0.000 0.000 0.000 0.000 1.000
0.000 0.000 0.000 0.000 0.000 0.000 1.000
5.098 0.000 0.000 0.000 0.000 1.000 1.000
0.000 0.000 0.000 0.000 0.000 0.000 1.000
4.386 0.000 0.000 5.988 0.000 1.000 1.000
7.348 0.000 0.000 21.683 0.000 1.000 1.000
5.988 0.000 0.000 19.359 0.000 1.000 1.000
1.881 2.202 0.000 9.392 0.000 1.000 1.000
0.000 0.000 0.000 2.301 0.000 0.000 1.000
0.000 0.000 0.000 0.000 0.000 0.000 1.000
0.000 0.000 0.000 0.000 0.000 0.000 1.000
0.000 0.000 0.000 0.000 1.602 0.000 1.000
0.000 0.000 0.000 0.000 0.000 0.000 1.000
0.000 0.000 0.000 0.000 0.000 0.000 1.000
0.000 0.000 0.000 0.000 0.000 0.000 1.000
0.000 0.000 0.000 0.000 0.000 0.000 1.000
0.000 0.000 0.000 0.000 0.000 0.000 1.000
0.000 0.000 0.000 0.000 0.000 0.000 1.000
0.000 0.000 0.000 0.000 0.000 0.000 1.000
2.608 0.000 0.000 0.000 0.000 1.000 1.000
3.724 4.283 0.000 27.910 0.000 1.000 1.000
0.000 16.984 0.000 9.601 0.000 0.000 1.000
0.000 0.000 0.000 0.000 0.000 0.000 1.000
0.000 0.000 0.000 0.000 0.000 0.000 1.000
0.000 0.000 0.000 0.000 0.000 0.000 1.000
0.000 0.000 0.000 0.000 0.000 0.000 1.000
0.876 2.080 0.000 0.000 2.323 0.000 1.000
2.735 0.000 0.000 0.000 0.000 1.000 1.000
0.000 0.000 0.000 0.000 0.000 0.000 1.000
0.000 0.000 0.000 0.000 0.000 0.000 1.000
0.000 0.000 0.000 0.000 0.000 0.000 1.000
0.000 0.000 0.000 0.000 0.000 0.000 1.000
0.000 0.000 0.000 0.000 2.305 0.000 1.000
0.000 0.000 1.445 0.000 0.000 0.000 1.000
0.000 0.000 0.000 0.000 0.000 0.000 1.000
0.000 0.000 0.000 0.000 0.000 0.000 1.000
0.000 0.000 0.000 0.000 0.000 0.000 1.000
0.000 0.000 0.000 0.000 0.000 0.000 1.000
0.000 0.000 0.000 0.000 0.776 0.000 1.000
1.895 3.983 0.000 6.659 0.000 1.000 1.000
0.000 0.000 0.000 0.000 0.000 0.000 1.000
3.015 1.203 0.000 7.983 0.000 1.000 1.000
1.746 0.000 0.000 3.307 0.000 0.000 1.000
0.000 0.000 0.000 0.000 2.925 0.000 1.000
0.000 0.000 0.000 0.000 0.000 0.000 1.000
0.000 0.000 0.000 0.000 0.000 0.000 1.000
0.000 0.000 0.000 0.000 0.000 0.000 1.000
2.634 10.098 0.000 37.486 0.000 1.000 1.000
0.000 0.752 3.352 0.000 4.847 0.000 1.000
0.000 0.000 0.000 0.000 1.820 0.000 1.000
0.000 0.000 0.000 0.000 0.000 0.000 1.000
0.000 0.000 0.000 0.000 0.000 0.000 1.000
0.000 0.000 0.000 0.000 0.000 0.000 1.000
4.168 0.000 0.000 0.000 0.000 1.000 1.000
3.837 0.000 0.000 5.634 0.000 1.000 1.000
0.000 0.000 0.000 0.000 0.000 0.000 1.000
2.018 0.000 0.000 0.000 0.000 0.000 1.000
0.000 0.000 0.000 0.000 0.000 0.000 1.000
0.000 0.000 0.000 0.000 0.000 0.000 1.000
0.000 0.000 0.000 0.000 0.000 0.000 1.000
3.178 2.261 0.000 9.994 0.000 1.000 1.000
0.000 0.000 0.000 0.000 0.000 0.000 1.000
0.000 0.000 0.000 0.000 3.410 0.000 1.000
4.447 2.327 0.000 7.662 0.879 1.000 1.000
0.000 0.000 0.000 0.000 0.000 0.000 1.000
2.118 0.000 0.000 0.000 1.839 0.000 1.000
0.000 0.000 0.000 0.000 0.300 0.000 1.000
3.069 8.736 0.000 0.000 0.000 1.000 1.000
7.364 0.000 0.000 8.641 0.000 1.000 1.000
2.404 0.000 0.000 5.236 0.000 1.000 1.000
1.334 2.736 0.000 10.391 0.000 0.000 1.000
1.383 0.000 0.000 0.000 0.000 0.000 1.000
0.000 0.000 0.000 0.000 0.000 0.000 1.000
0.000 0.000 0.000 0.000 0.000 0.000 1.000
0.000 0.000 0.000 0.000 0.000 0.000 1.000
2.790 0.000 0.000 2.317 0.000 1.000 1.000
0.000 0.000 0.000 0.000 0.000 0.000 1.000
2.219 2.695 0.000 19.102 0.000 1.000 1.000
2.982 8.409 0.000 11.480 0.000 1.000 1.000
0.000 0.000 0.000 0.000 0.000 0.000 1.000
5.523 0.000 0.000 0.000 0.000 1.000 1.000
0.000 0.078 0.000 0.000 0.000 0.000 1.000
5.439 0.000 0.000 6.992 0.279 1.000 1.000
4.000 0.000 0.000 1.637 0.000 1.000 1.000
0.000 0.000 0.000 0.000 0.000 0.000 1.000
2.679 3.383 0.000 3.382 0.000 1.000 1.000
1.729 0.000 0.000 0.000 0.000 0.000 1.000
0.263 0.000 0.000 0.000 0.000 0.000 1.000
0.000 0.000 0.000 0.000 0.000 0.000 1.000
0.000 0.000 0.000 0.000 0.000 0.000 1.000
0.000 0.000 0.000 0.000 0.000 0.000 1.000
0.000 0.000 0.000 0.000 0.000 0.000 1.000
0.000 0.000 0.000 0.000 0.000 0.000 1.000
0.000 0.000 0.000 0.000 0.000 0.000 1.000
3.991 0.000 0.000 6.402 0.000 1.000 1.000
2.518 0.000 0.000 5.016 0.000 1.000 1.000
3.682 0.000 0.000 3.249 0.000 1.000 1.000
2.132 0.000 0.000 5.544 0.000 1.000 1.000
0.000 0.000 0.000 0.000 0.000 0.000 1.000
0.000 0.000 0.000 0.000 0.000 0.000 1.000
2.233 2.757 0.000 0.000 2.328 1.000 1.000
0.000 0.000 0.000 0.000 1.497 0.000 1.000
2.922 0.000 0.000 0.000 0.000 1.000 1.000
2.632 0.000 0.000 6.163 0.000 1.000 1.000
2.080 5.012 0.000 11.492 0.000 1.000 1.000
2.673 0.000 0.000 2.860 0.000 1.000 1.000
3.986 0.000 0.000 0.000 0.000 1.000 1.000
0.000 0.000 0.000 0.000 0.000 0.000 1.000
0.000 0.000 0.000 0.000 0.000 0.000 1.000
0.000 0.000 0.000 0.000 0.000 0.000 1.000
0.000 0.000 0.000 0.000 0.000 0.000 1.000
0.000 0.000 0.000 0.000 0.000 0.000 1.000
0.000 0.000 0.000 0.000 0.000 0.000 1.000
0.000 0.000 0.000 0.000 0.000 0.000 1.000
4.493 1.618 0.000 2.777 0.000 1.000 1.000
0.000 0.000 0.000 0.000 0.000 0.000 1.000
0.000 0.000 0.000 0.000 0.000 0.000 1.000
4.449 0.000 0.000 2.588 0.000 1.000 1.000
0.000 0.000 1.961 0.000 0.000 0.000 1.000
0.000 0.000 0.000 0.000 0.000 0.000 1.000
2.324 28.523 0.000 48.395 0.000 1.000 1.000
1.713 0.000 0.000 0.000 0.000 0.000 1.000
0.000 0.000 0.000 0.000 0.000 0.000 1.000
0.000 0.000 0.000 0.000 0.000 0.000 1.000
2.612 0.000 0.000 0.000 0.000 1.000 1.000
0.000 0.000 0.000 0.000 1.508 0.000 1.000
0.000 0.000 0.000 0.000 0.000 0.000 1.000
0.000 0.000 0.000 0.000 2.539 0.000 1.000
0.000 0.000 0.000 0.000 2.704 0.000 1.000
0.000 0.000 0.000 0.000 0.000 0.000 1.000
0.000 0.000 0.000 0.000 0.000 0.000 1.000
0.000 0.000 0.000 0.000 0.000 0.000 1.000
0.000 0.000 0.000 0.000 0.000 0.000 1.000
0.000 0.000 0.000 0.000 0.000 0.000 1.000
0.000 0.000 0.000 0.000 0.000 0.000 1.000
0.000 0.000 0.000 0.000 0.000 0.000 1.000
0.000 0.000 0.000 0.000 0.000 0.000 1.000
0.000 0.000 0.000 0.000 0.000 0.000 1.000
0.000 0.000 0.000 0.000 0.000 0.000 1.000
5.604 0.000 0.000 13.322 0.000 1.000 1.000
0.000 0.000 0.000 0.000 0.000 0.000 1.000
1.044 0.000 0.000 1.756 0.000 0.000 1.000
0.000 0.000 0.000 0.000 0.000 0.000 1.000
0.000 0.000 0.000 0.000 0.000 0.000 1.000
0.000 0.000 0.000 0.000 0.000 0.000 1.000
0.000 0.000 0.000 0.000 0.000 0.000 1.000
0.000 0.000 0.000 0.000 0.000 0.000 1.000
0.000 0.000 0.000 0.000 0.000 0.000 1.000
0.000 0.000 0.000 0.000 0.000 0.000 1.000
0.000 0.000 0.000 0.000 0.000 0.000 1.000
0.000 0.000 0.000 0.000 0.000 0.000 1.000
0.000 0.000 0.000 0.000 0.000 0.000 1.000
0.000 0.000 0.000 0.000 0.000 0.000 1.000
0.000 0.000 0.000 0.000 0.000 0.000 1.000
0.000 0.000 0.000 0.000 0.000 0.000 1.000
0.000 0.000 0.000 0.000 0.000 0.000 1.000
0.000 0.000 0.000 0.000 0.000 0.000 1.000
0.000 16.036 0.000 7.128 0.000 0.000 1.000
0.000 0.000 0.000 0.000 0.000 0.000 1.000
0.000 0.000 0.000 0.000 0.000 0.000 1.000
0.000 0.000 0.000 0.000 0.000 0.000 1.000
0.000 0.000 0.000 0.000 0.000 0.000 1.000
5.000 3.458 0.000 0.000 0.000 1.000 1.000
0.000 0.000 0.000 0.000 0.000 0.000 1.000
0.000 0.000 0.000 0.000 0.000 0.000 1.000
0.000 0.000 0.000 0.000 0.000 0.000 1.000
0.000 0.000 0.000 0.000 0.000 0.000 1.000
0.000 0.000 0.000 0.000 0.000 0.000 1.000
3.816 0.000 0.000 6.181 0.000 1.000 1.000
0.634 0.000 0.000 1.276 0.000 0.000 1.000
0.000 0.000 0.000 0.000 0.000 0.000 1.000
0.000 0.000 0.000 0.000 0.000 0.000 1.000
1.572 0.000 0.000 0.000 0.000 0.000 1.000
2.510 0.000 0.000 19.736 0.000 1.000 1.000
2.346 0.000 0.000 8.234 0.000 1.000 1.000
0.000 0.000 0.000 0.000 0.000 0.000 1.000
0.000 0.000 0.000 0.000 0.000 0.000 1.000
0.000 0.000 0.000 0.000 0.000 0.000 1.000
0.000 0.000 0.000 0.000 0.000 0.000 1.000
0.000 0.000 0.000 0.000 0.000 0.000 1.000
1.237 16.386 0.000 7.737 0.000 1.000 1.000
6.236 1.475 0.000 7.582 0.000 1.000 1.000
0.000 0.000 0.000 0.000 0.000 0.000 1.000
0.000 0.000 0.000 0.000 0.000 0.000 1.000
0.000 0.000 0.000 0.000 0.000 0.000 1.000
0.000 0.000 0.000 0.000 0.000 0.000 1.000
1.877 4.016 0.000 5.390 0.000 1.000 1.000
3.835 0.000 0.000 2.182 0.000 1.000 1.000
0.000 0.000 0.000 1.160 0.000 0.000 1.000
4.016 6.818 0.000 7.481 0.000 1.000 1.000
0.000 0.000 0.000 0.000 0.000 0.000 1.000
3.298 4.203 0.000 27.534 0.000 1.000 1.000
1.696 0.000 0.000 0.000 2.142 0.000 1.000
0.746 13.376 0.000 0.000 0.000 0.000 1.000
4.193 0.000 0.000 0.000 0.000 1.000 1.000
0.000 0.000 0.000 0.000 0.000 0.000 1.000
1.993 0.000 0.000 0.000 0.000 0.000 1.000
1.057 0.000 0.000 0.000 0.000 0.000 1.000
0.000 0.000 0.000 0.000 0.000 0.000 1.000
0.000 0.000 0.206 0.000 2.429 0.000 1.000
3.289 0.000 0.000 2.777 0.000 1.000 1.000
0.000 0.000 0.000 0.000 0.000 0.000 1.000
0.000 0.000 0.000 0.000 0.000 0.000 1.000
0.000 0.000 0.000 0.000 2.660 0.000 1.000
0.675 0.000 0.000 2.623 1.964 0.000 1.000
0.665 0.000 0.000 0.830 1.412 0.000 1.000
0.000 0.000 0.000 0.000 0.000 0.000 1.000
0.000 0.000 0.000 0.000 0.000 0.000 1.000
0.000 0.000 0.000 0.000 0.000 0.000 1.000
3.758 2.165 0.000 5.494 0.000 1.000 1.000
6.744 0.000 0.000 8.364 0.000 1.000 1.000
0.000 0.000 0.000 0.000 0.000 0.000 1.000
0.000 0.000 0.000 0.000 0.000 0.000 1.000
0.000 0.000 0.000 0.000 0.000 0.000 1.000
0.000 0.000 0.000 0.000 0.000 0.000 1.000
0.000 0.000 0.000 0.000 0.000 0.000 1.000
0.000 0.000 0.000 0.000 0.000 0.000 1.000
0.000 0.000 0.000 0.000 0.000 0.000 1.000
0.000 0.000 0.000 0.000 0.000 0.000 1.000
0.000 0.000 0.000 0.000 0.000 0.000 1.000
0.000 0.000 0.000 0.000 1.902 0.000 1.000
0.000 0.000 0.000 0.000 0.000 0.000 1.000
3.527 0.000 0.000 9.931 2.449 1.000 1.000
0.000 0.000 0.000 0.000 0.000 0.000 1.000
3.141 0.000 0.000 0.000 0.000 1.000 1.000
5.076 5.652 0.000 7.173 0.000 1.000 1.000
0.000 0.000 0.000 0.000 0.000 0.000 1.000
0.000 0.000 0.000 0.000 0.000 0.000 1.000
3.680 0.000 0.000 9.920 0.000 1.000 1.000
0.000 0.000 0.000 0.000 0.000 0.000 1.000
0.000 0.000 0.000 0.000 0.000 0.000 1.000
0.000 0.000 0.000 0.000 0.000 0.000 1.000
0.000 0.000 0.000 0.000 0.000 0.000 1.000
2.279 1.131 0.000 0.000 0.000 1.000 1.000
2.014 0.000 0.000 0.000 0.000 0.000 1.000
2.816 0.000 0.000 12.995 0.000 1.000 1.000
0.000 0.000 0.000 0.000 0.000 0.000 1.000
2.361 5.255 0.000 26.314 0.390 1.000 1.000
3.175 0.000 0.000 1.793 0.000 1.000 1.000
2.532 0.000 0.000 7.539 0.000 1.000 1.000
0.000 0.000 0.000 0.000 0.000 0.000 1.000
4.567 0.000 0.000 0.000 0.000 1.000 1.000
0.000 0.000 0.000 0.000 0.000 0.000 1.000
5.840 0.000 0.000 0.000 0.000 1.000 1.000
0.000 0.000 0.000 0.000 0.000 0.000 1.000
0.000 0.000 0.000 0.000 0.000 0.000 1.000
0.000 0.000 0.000 0.000 0.000 0.000 1.000
2.233 0.000 0.000 0.000 0.000 0.000 1.000
0.000 0.000 0.000 0.000 0.000 0.000 1.000
2.912 0.000 0.000 0.000 0.000 1.000 1.000
0.000 0.000 0.000 0.000 0.000 0.000 1.000
0.000 0.000 0.000 0.000 0.000 0.000 1.000
2.764 0.000 0.000 34.147 3.241 1.000 1.000
0.000 0.000 0.000 0.000 0.000 0.000 1.000
5.292 3.786 0.000 9.997 0.000 1.000 1.000
0.000 0.000 0.000 0.000 0.000 0.000 1.000
8.079 0.000 0.000 0.000 0.000 1.000 1.000
0.000 0.000 0.000 0.000 0.000 0.000 1.000
0.000 0.000 0.000 0.000 0.000 0.000 1.000
2.488 0.000 0.000 0.000 0.000 1.000 1.000
5.874 3.851 0.000 9.572 0.000 1.000 1.000
3.632 0.000 0.000 24.426 2.912 1.000 1.000
2.214 0.000 0.000 15.752 2.867 1.000 1.000
2.466 2.955 0.000 8.080 0.000 1.000 1.000
2.674 0.000 0.000 0.000 0.000 1.000 1.000
7.654 0.000 0.000 31.243 0.000 1.000 1.000
0.000 0.000 0.000 0.000 0.000 0.000 1.000
0.000 0.000 0.000 0.000 2.131 0.000 1.000
2.026 9.382 0.000 0.000 0.000 1.000 1.000
0.000 0.000 0.000 0.000 0.000 0.000 1.000
0.000 0.000 0.000 0.000 0.000 0.000 1.000
0.000 0.000 0.000 0.000 0.000 0.000 1.000
0.000 0.000 0.000 0.000 0.000 0.000 1.000
1.245 3.736 0.000 5.940 0.000 0.000 1.000
1.977 0.000 0.000 0.000 0.000 0.000 1.000
0.000 0.000 0.000 0.000 0.000 0.000 1.000
4.055 3.996 0.000 3.050 0.000 1.000 1.000
4.683 0.000 0.000 6.342 0.000 1.000 1.000
0.000 0.000 0.000 0.000 0.000 0.000 1.000
0.000 0.000 0.000 0.000 0.000 0.000 1.000
0.000 0.000 0.000 0.000 0.000 0.000 1.000
0.000 0.000 0.000 0.000 0.000 0.000 1.000
0.000 0.000 0.000 0.000 0.000 0.000 1.000
5.116 2.011 0.000 17.520 1.773 1.000 1.000
0.000 0.000 0.000 0.000 0.000 0.000 1.000
0.000 0.000 0.000 0.000 0.000 0.000 1.000
0.000 0.000 0.000 0.000 0.000 0.000 1.000
0.000 0.000 0.000 0.000 0.000 0.000 1.000
5.830 2.212 0.000 7.050 0.000 1.000 1.000
0.000 0.000 0.000 0.000 0.000 0.000 1.000
3.007 0.000 0.000 0.000 2.414 1.000 1.000
0.000 0.000 0.000 0.000 0.000 0.000 1.000
0.000 0.000 0.000 0.000 0.000 0.000 1.000
0.000 0.000 0.000 0.000 0.000 0.000 1.000
6.712 0.000 0.000 0.000 0.000 1.000 1.000
0.000 0.000 0.000 0.000 0.495 0.000 1.000
0.000 0.000 0.000 0.000 0.000 0.000 1.000
2.925 14.316 0.000 6.806 0.000 1.000 1.000
0.000 0.000 0.000 0.000 0.000 0.000 1.000
0.000 0.000 0.000 0.000 0.000 0.000 1.000
1.813 7.624 0.000 0.000 0.000 0.000 1.000
2.450 3.195 0.000 0.000 0.000 1.000 1.000
0.000 0.000 0.000 0.000 0.000 0.000 1.000
0.000 0.000 0.000 0.000 0.000 0.000 1.000
0.000 0.000 0.000 0.000 0.000 0.000 1.000
0.000 0.000 0.000 0.000 4.870 0.000 1.000
0.000 0.000 0.000 0.000 0.000 0.000 1.000
0.000 2.985 0.000 0.000 0.000 0.000 1.000
1.065 0.000 0.000 4.384 0.000 0.000 1.000
2.574 0.000 0.000 0.000 0.000 1.000 1.000
0.000 0.000 3.454 0.000 0.000 0.000 1.000
0.000 0.000 0.000 0.000 0.000 0.000 1.000
0.000 0.000 0.000 0.000 0.000 0.000 1.000
0.000 0.000 0.000 0.000 0.000 0.000 1.000
0.000 0.000 0.000 0.000 0.000 0.000 1.000
0.000 0.000 0.000 0.000 0.000 0.000 1.000
0.000 0.000 0.000 0.000 1.453 0.000 1.000
0.000 0.000 0.000 0.000 0.000 0.000 1.000
2.087 11.339 0.000 4.550 0.000 1.000 1.000
0.000 0.000 0.000 0.000 0.000 0.000 1.000
0.000 0.000 0.000 0.000 0.000 0.000 1.000
2.589 0.000 0.000 0.000 0.000 1.000 1.000
0.000 0.000 0.000 0.000 0.000 0.000 1.000
0.000 0.000 0.000 0.000 0.000 0.000 1.000
3.454 0.000 0.000 0.000 0.000 1.000 1.000
3.765 2.910 0.000 0.000 0.000 1.000 1.000
5.027 4.014 0.000 8.789 0.000 1.000 1.000
0.000 0.000 0.000 0.000 0.000 0.000 1.000
0.000 0.000 0.000 0.000 0.000 0.000 1.000
2.899 0.000 0.000 7.877 0.000 1.000 1.000
7.237 0.000 0.000 17.201 0.000 1.000 1.000
2.149 0.000 0.000 0.000 0.000 0.000 1.000
2.769 3.331 0.000 16.233 0.000 1.000 1.000
5.047 0.000 0.000 0.000 0.000 1.000 1.000
0.000 0.000 0.000 0.000 0.000 0.000 1.000
0.000 0.000 0.000 0.000 0.000 0.000 1.000
0.000 0.000 0.000 0.000 0.000 0.000 1.000
0.000 0.000 0.000 0.000 0.000 0.000 1.000
3.490 0.000 0.000 2.998 0.000 1.000 1.000
0.882 0.000 0.000 0.000 0.000 0.000 1.000
1.865 2.486 0.000 1.695 0.000 0.000 1.000
5.501 0.000 0.000 0.000 0.000 1.000 1.000
2.163 0.000 0.000 0.000 0.000 0.000 1.000
0.000 0.000 0.000 0.000 0.000 0.000 1.000
4.237 4.790 0.000 10.824 0.000 1.000 1.000
0.000 0.000 0.000 0.000 0.000 0.000 1.000
0.000 0.000 0.000 0.000 1.795 0.000 1.000
0.000 0.000 0.000 0.000 0.000 0.000 1.000
0.000 0.000 0.000 0.000 0.000 0.000 1.000
0.000 0.000 0.000 0.000 0.000 0.000 1.000
0.000 0.000 0.000 0.000 0.000 0.000 1.000
0.000 0.000 0.000 0.000 0.000 0.000 1.000
0.000 0.000 0.000 0.000 0.000 0.000 1.000
2.081 0.000 0.000 0.000 0.000 0.000 1.000
0.000 0.000 0.000 0.000 0.000 0.000 1.000
0.000 0.000 0.000 0.000 0.000 0.000 1.000
0.000 0.000 0.000 0.000 0.000 0.000 1.000
0.000 0.000 0.000 0.000 0.000 0.000 1.000
0.000 0.000 0.000 0.000 0.000 0.000 1.000
0.000 0.000 0.000 0.000 0.000 0.000 1.000
0.000 0.000 0.000 0.000 0.000 0.000 1.000
0.000 0.000 0.000 0.000 0.000 0.000 1.000
0.000 0.000 0.000 0.000 0.000 0.000 1.000
2.115 0.000 0.000 0.000 0.000 0.000 1.000
5.499 0.000 0.000 0.000 0.000 1.000 1.000
0.000 0.000 0.000 0.000 0.000 0.000 1.000
0.000 0.000 0.000 0.000 0.000 0.000 1.000
0.000 0.000 0.000 0.000 0.000 0.000 1.000
0.000 0.000 0.000 0.000 0.000 0.000 1.000
0.000 0.000 0.000 0.000 0.000 0.000 1.000
0.000 0.000 2.971 0.000 0.000 0.000 1.000
0.000 0.000 0.000 0.000 0.000 0.000 1.000
0.000 0.000 0.000 0.000 2.583 0.000 1.000
0.000 0.000 0.000 0.000 0.000 0.000 1.000
2.189 0.000 0.000 0.981 0.000 0.000 1.000
3.440 4.302 0.000 10.321 0.000 1.000 1.000
0.000 0.000 0.000 0.000 0.000 0.000 1.000
0.000 0.000 0.000 0.000 0.000 0.000 1.000
0.000 0.000 0.000 0.000 0.000 0.000 1.000
0.000 0.000 0.000 0.000 0.000 0.000 1.000
0.000 0.000 0.000 0.000 0.000 0.000 1.000
2.346 0.000 0.000 0.000 0.000 1.000 1.000
0.006 0.000 0.000 0.000 0.000 0.000 1.000
0.000 0.000 0.000 0.000 0.000 0.000 1.000
6.444 0.000 0.000 12.977 0.000 1.000 1.000
3.009 3.918 0.000 29.887 0.000 1.000 1.000
2.101 0.167 0.000 7.851 0.000 1.000 1.000
0.000 0.000 0.000 0.000 0.000 0.000 1.000
2.595 0.000 0.000 6.125 0.000 1.000 1.000
7.982 4.927 0.000 16.559 0.000 1.000 1.000
2.287 0.000 0.000 2.322 0.000 1.000 1.000
0.000 0.000 2.227 0.000 0.000 0.000 1.000
0.000 0.000 1.680 0.000 0.000 0.000 1.000
0.000 0.000 0.000 0.000 0.000 0.000 1.000
0.000 0.000 0.000 0.000 1.521 0.000 1.000
0.000 0.000 0.000 0.000 0.000 0.000 1.000
0.000 0.000 0.000 0.000 0.000 0.000 1.000
5.490 4.904 0.000 13.571 0.000 1.000 1.000
0.000 0.000 0.000 0.000 0.000 0.000 1.000
0.000 0.000 0.000 0.000 2.461 0.000 1.000
0.000 0.000 0.000 0.000 0.000 0.000 1.000
0.000 0.000 0.000 0.000 0.000 0.000 1.000
5.667 2.879 0.000 0.000 0.104 1.000 1.000
0.000 0.000 0.000 0.000 0.000 0.000 1.000
0.000 0.000 0.000 0.000 0.000 0.000 1.000
0.000 0.000 0.000 0.000 0.000 0.000 1.000
0.000 0.000 0.000 0.000 0.000 0.000 1.000
0.000 0.000 0.000 0.000 0.000 0.000 1.000
0.000 0.000 0.000 0.000 0.000 0.000 1.000
0.000 0.000 0.000 0.000 0.000 0.000 1.000
0.482 0.000 0.000 0.000 0.000 0.000 1.000
4.861 0.000 0.000 0.000 0.000 1.000 1.000
2.060 0.000 0.000 0.000 0.000 0.000 1.000
1.002 0.000 0.000 1.824 0.000 0.000 1.000
0.000 0.000 0.000 0.000 0.000 0.000 1.000
0.000 0.000 0.000 0.000 0.000 0.000 1.000
0.000 0.000 0.000 0.000 0.000 0.000 1.000
0.000 0.000 0.000 0.000 0.000 0.000 1.000
0.000 0.000 0.000 0.000 0.000 0.000 1.000
0.000 0.000 0.000 0.000 0.000 0.000 1.000
0.000 0.000 0.000 0.000 0.000 0.000 1.000
2.742 3.545 0.000 0.000 0.000 1.000 1.000
0.000 0.000 0.000 0.000 2.564 0.000 1.000
0.000 0.000 0.000 0.000 0.000 0.000 1.000
0.000 0.000 0.000 0.000 0.000 0.000 1.000
0.000 0.000 0.000 0.000 0.000 0.000 1.000
5.754 0.000 0.000 0.000 0.000 1.000 1.000
5.138 3.385 0.000 18.199 0.000 1.000 1.000
7.538 4.071 0.000 10.331 0.000 1.000 1.000
0.000 0.000 0.000 0.000 0.000 0.000 1.000
0.000 0.000 0.000 0.000 0.000 0.000 1.000
0.000 0.000 0.000 0.000 0.000 0.000 1.000
0.000 0.000 0.000 0.000 0.000 0.000 1.000
4.619 0.000 0.000 9.545 0.000 1.000 1.000
2.229 0.000 0.000 2.204 0.000 1.000 1.000
1.406 0.000 0.000 1.627 0.000 0.000 1.000
0.000 0.000 0.000 0.000 0.000 0.000 1.000
3.521 0.000 0.000 0.000 0.000 1.000 1.000
1.892 0.000 0.000 0.000 0.000 0.000 1.000
0.000 0.000 0.000 0.000 0.000 0.000 1.000
2.887 0.000 0.000 0.000 0.000 1.000 1.000
0.000 0.000 0.000 0.000 0.000 0.000 1.000
5.262 0.000 0.000 3.950 0.000 1.000 1.000
0.000 0.000 0.000 0.000 0.000 0.000 1.000
5.734 0.000 0.000 4.232 0.000 1.000 1.000
3.200 0.000 0.000 8.249 0.000 1.000 1.000
0.144 0.000 0.000 0.000 0.000 0.000 1.000
0.000 0.000 0.000 0.000 0.000 0.000 1.000
0.000 0.000 0.000 0.000 0.000 0.000 1.000
0.000 0.000 0.000 0.000 0.000 0.000 1.000
0.000 0.000 0.000 0.000 0.000 0.000 1.000
0.767 0.000 0.000 6.946 0.000 0.000 1.000
2.894 0.000 0.000 8.835 0.000 1.000 1.000
2.381 0.000 0.000 6.299 0.000 1.000 1.000
0.000 0.000 0.000 0.000 0.000 0.000 1.000
0.000 0.000 0.000 0.000 0.000 0.000 1.000
0.000 0.000 0.000 0.000 0.000 0.000 1.000
0.000 0.000 0.000 0.000 0.000 0.000 1.000
2.754 0.000 0.000 0.000 0.000 1.000 1.000
0.000 0.000 0.000 0.000 0.000 0.000 1.000
0.000 0.000 0.000 0.000 0.000 0.000 1.000
0.000 0.000 0.000 0.000 0.000 0.000 1.000
0.000 0.000 0.000 0.000 0.000 0.000 1.000
0.479 13.146 0.000 0.000 0.000 0.000 1.000
0.000 0.000 0.000 0.000 0.000 0.000 1.000
0.936 0.000 0.000 0.000 0.000 0.000 1.000
1.018 0.000 0.000 0.000 0.000 0.000 1.000
0.000 0.000 0.000 0.000 0.000 0.000 1.000
0.000 12.759 0.000 3.171 0.000 0.000 1.000
5.480 3.306 0.000 6.731 0.000 1.000 1.000
0.000 0.000 0.000 0.000 1.661 0.000 1.000
0.000 0.000 0.000 0.000 0.000 0.000 1.000
0.000 0.000 0.000 0.000 0.820 0.000 1.000
0.000 0.000 0.000 0.000 0.000 0.000 1.000
0.000 0.000 0.000 0.000 0.000 0.000 1.000
0.000 0.000 0.000 0.000 0.000 0.000 1.000
0.000 0.000 0.000 0.000 0.000 0.000 1.000
0.000 0.000 0.000 0.000 0.000 0.000 1.000
0.000 0.000 0.000 0.000 0.000 0.000 1.000
8.102 6.554 0.000 28.924 0.000 1.000 1.000
3.215 0.000 0.000 0.000 0.000 1.000 1.000
0.000 0.000 0.000 0.000 0.000 0.000 1.000
0.000 0.000 0.000 0.000 0.000 0.000 1.000
3.526 0.000 0.000 0.000 2.354 1.000 1.000
0.000 0.000 0.000 0.000 0.000 0.000 1.000
0.000 0.000 0.000 0.000 0.000 0.000 1.000
5.037 0.000 0.000 2.680 0.000 1.000 1.000
2.647 0.000 0.000 7.590 0.000 1.000 1.000
0.000 0.000 0.000 0.000 0.000 0.000 1.000
0.000 0.000 0.000 0.000 0.000 0.000 1.000
0.000 0.000 0.000 0.000 0.000 0.000 1.000
6.510 2.826 0.000 4.775 0.000 1.000 1.000
0.000 0.000 0.000 0.000 0.000 0.000 1.000
0.000 0.000 0.000 0.000 0.000 0.000 1.000
4.379 0.000 0.000 5.634 0.000 1.000 1.000
0.000 0.000 0.000 0.000 0.000 0.000 1.000
0.000 0.000 0.000 0.000 0.000 0.000 1.000
2.470 3.256 0.000 10.501 0.000 1.000 1.000
2.278 1.403 0.000 6.497 1.937 1.000 1.000
4.870 4.002 0.000 12.531 2.030 1.000 1.000
2.417 2.974 0.000 3.074 0.000 1.000 1.000
2.361 8.434 0.000 5.147 0.000 1.000 1.000
4.139 5.175 0.000 2.888 0.000 1.000 1.000
5.995 6.383 0.000 5.421 0.000 1.000 1.000
0.000 0.000 0.000 0.000 0.000 0.000 1.000
1.623 0.000 0.000 0.000 0.000 0.000 1.000
2.383 3.852 0.000 4.742 0.000 1.000 1.000
0.000 0.000 0.000 0.000 0.000 0.000 1.000
0.000 0.000 0.000 0.000 0.000 0.000 1.000
0.000 0.000 0.000 0.000 0.000 0.000 1.000
0.000 0.000 0.000 0.000 0.000 0.000 1.000
0.000 0.000 0.000 0.000 0.000 0.000 1.000
0.000 0.000 0.000 0.000 0.000 0.000 1.000
0.000 0.000 0.000 0.000 0.000 0.000 1.000
0.000 0.000 0.000 0.000 2.558 0.000 1.000
0.000 0.000 0.000 0.000 0.000 0.000 1.000
0.000 0.000 0.000 0.000 0.000 0.000 1.000
3.840 0.000 0.000 0.000 0.000 1.000 1.000
4.644 0.000 0.000 13.392 0.000 1.000 1.000
0.000 0.000 0.000 0.000 0.000 0.000 1.000
0.000 0.000 0.000 5.219 0.598 0.000 1.000
0.000 0.000 0.000 0.000 0.000 0.000 1.000
0.000 0.000 0.000 0.000 0.000 0.000 1.000
5.540 1.049 0.000 8.517 0.000 1.000 1.000
0.000 0.000 0.000 0.000 0.000 0.000 1.000
0.000 0.000 0.000 0.000 0.000 0.000 1.000
4.491 2.997 0.000 8.806 0.000 1.000 1.000
2.292 0.000 0.000 0.000 0.000 0.000 1.000
4.326 0.000 0.000 5.347 0.000 1.000 1.000
0.000 0.000 0.000 0.000 0.000 0.000 1.000
0.000 0.000 0.000 0.000 0.000 0.000 1.000
3.845 0.000 0.000 0.000 0.000 1.000 1.000
6.088 0.000 0.000 0.000 0.000 1.000 1.000
3.757 3.749 0.000 0.000 0.000 1.000 1.000
0.000 0.000 0.000 0.000 0.000 0.000 1.000
0.000 0.000 0.000 0.000 0.000 0.000 1.000
0.000 0.000 0.000 0.000 0.000 0.000 1.000
0.000 0.000 0.000 0.000 0.000 0.000 1.000
0.000 0.000 0.000 0.000 0.000 0.000 1.000
0.000 0.000 0.000 0.000 0.000 0.000 1.000
0.000 0.000 0.000 0.000 0.000 0.000 1.000
6.560 0.000 0.000 0.000 0.000 1.000 1.000
0.000 0.000 0.000 0.000 0.000 0.000 1.000
0.000 0.000 0.000 0.000 0.000 0.000 1.000
2.936 1.456 0.000 0.000 0.000 1.000 1.000
2.172 0.000 0.000 3.614 0.207 1.000 1.000
0.000 0.000 0.000 0.000 0.000 0.000 1.000
2.913 14.451 0.000 3.838 0.000 1.000 1.000
0.000 0.000 0.000 0.000 0.000 0.000 1.000
0.000 0.000 0.000 0.000 0.000 0.000 1.000
0.000 0.000 0.000 0.000 0.000 0.000 1.000
0.000 0.000 0.000 0.000 0.000 0.000 1.000
0.000 0.000 0.000 0.000 0.000 0.000 1.000
0.000 0.000 0.000 0.000 0.000 0.000 1.000
0.000 0.000 0.000 0.000 0.000 0.000 1.000
0.000 0.000 0.000 0.000 0.000 0.000 1.000
0.000 0.000 0.000 0.000 0.000 0.000 1.000
5.484 26.511 0.000 3.352 0.000 1.000 1.000
0.000 0.000 0.000 0.000 0.000 0.000 1.000
0.000 0.000 0.000 0.000 0.000 0.000 1.000
0.000 0.000 0.000 0.000 0.000 0.000 1.000
4.458 0.000 0.000 5.013 0.026 1.000 1.000
6.762 3.586 0.000 18.468 0.000 1.000 1.000
3.682 0.000 0.000 0.000 0.000 1.000 1.000
0.000 0.000 0.000 0.000 0.000 0.000 1.000
0.000 0.000 0.000 0.000 0.000 0.000 1.000
0.000 0.000 0.000 0.000 0.000 0.000 1.000
0.000 0.000 0.000 0.000 0.000 0.000 1.000
0.000 0.000 0.000 0.000 0.000 0.000 1.000
0.000 0.000 0.000 0.000 0.000 0.000 1.000
0.000 0.000 0.000 0.000 0.000 0.000 1.000
0.000 0.000 0.000 0.000 0.000 0.000 1.000
0.000 0.000 0.000 0.000 0.000 0.000 1.000
0.000 0.000 0.000 0.000 0.000 0.000 1.000
4.276 0.000 0.000 5.786 0.000 1.000 1.000
3.441 4.848 0.000 2.461 0.000 1.000 1.000
0.000 0.000 0.248 0.000 0.000 0.000 1.000
0.000 0.000 0.000 0.000 0.000 0.000 1.000
0.215 0.797 0.000 3.178 0.000 0.000 1.000
0.000 0.000 0.000 0.000 0.000 0.000 1.000
0.000 0.000 0.000 0.000 0.000 0.000 1.000
0.000 0.000 0.000 0.000 0.000 0.000 1.000
0.000 0.000 0.000 0.000 0.000 0.000 1.000
0.000 0.000 0.000 0.000 0.000 0.000 1.000
0.000 0.000 1.459 0.000 0.000 0.000 1.000
0.000 0.000 2.439 0.000 0.000 0.000 1.000
0.000 0.000 0.000 0.000 0.000 0.000 1.000
0.000 0.000 0.000 0.000 0.000 0.000 1.000
0.000 0.000 0.000 0.000 0.000 0.000 1.000
0.000 0.000 2.733 0.000 0.000 0.000 1.000
0.000 0.000 1.196 0.000 0.000 0.000 1.000
0.000 0.000 0.000 0.000 0.000 0.000 1.000
0.000 0.000 0.000 0.000 0.000 0.000 1.000
0.000 0.000 0.000 0.000 0.000 0.000 1.000
0.000 0.000 0.000 0.000 0.000 0.000 1.000
0.000 0.000 1.560 0.000 0.000 0.000 1.000
0.000 0.000 2.029 0.000 2.814 0.000 1.000
0.000 0.000 0.000 0.000 0.000 0.000 1.000
5.153 4.634 0.000 13.930 0.000 1.000 1.000
0.000 0.000 0.000 0.000 0.000 0.000 1.000
0.000 3.204 0.000 0.000 0.000 0.000 1.000
0.000 0.000 0.000 0.000 0.000 0.000 1.000
0.000 0.000 0.000 0.000 0.000 0.000 1.000
3.710 7.619 0.000 0.000 0.000 1.000 1.000
1.810 0.000 0.000 0.000 0.000 0.000 1.000
5.274 0.000 0.000 0.000 0.000 1.000 1.000
0.000 0.000 0.000 0.000 0.000 0.000 1.000
0.000 0.000 0.000 0.000 0.000 0.000 1.000
0.000 0.000 0.000 0.000 0.000 0.000 1.000
0.000 0.000 0.000 0.000 0.000 0.000 1.000
0.000 0.000 0.000 0.000 0.000 0.000 1.000
1.908 6.934 0.000 4.235 0.000 1.000 1.000
0.000 0.000 0.000 0.000 0.000 0.000 1.000
0.000 0.000 0.000 0.000 0.000 0.000 1.000
0.000 0.000 0.000 0.000 0.000 0.000 1.000
0.000 0.000 0.000 0.000 0.000 0.000 1.000
0.000 0.000 0.000 0.000 0.000 0.000 1.000
0.000 0.000 0.000 0.000 0.000 0.000 1.000
0.000 0.000 0.000 0.000 0.000 0.000 1.000
0.000 0.000 0.000 0.000 0.000 0.000 1.000
2.391 28.890 0.000 48.805 0.000 1.000 1.000
0.000 0.000 0.000 0.000 0.000 0.000 1.000
0.000 0.000 0.000 0.000 0.000 0.000 1.000
0.000 0.000 0.000 0.000 0.000 0.000 1.000
0.255 0.000 0.000 0.000 0.000 0.000 1.000
0.000 0.000 0.000 0.000 0.000 0.000 1.000
0.643 0.000 0.000 1.116 0.000 0.000 1.000
0.000 0.000 2.329 0.000 0.000 0.000 1.000
0.000 0.000 0.000 0.000 0.000 0.000 1.000
0.000 0.000 0.000 0.000 0.000 0.000 1.000
0.000 0.000 0.000 0.000 0.000 0.000 1.000
0.000 0.000 0.000 0.000 0.000 0.000 1.000
0.000 0.000 0.000 0.000 0.000 0.000 1.000
2.511 0.000 0.000 3.030 0.000 1.000 1.000
0.000 0.000 0.000 0.000 0.000 0.000 1.000
0.000 0.000 0.000 0.000 0.000 0.000 1.000
1.326 0.000 0.000 0.000 0.000 0.000 1.000
0.000 0.000 0.000 0.000 0.000 0.000 1.000
0.000 0.000 0.000 0.000 0.000 0.000 1.000
0.000 0.000 0.000 0.000 0.000 0.000 1.000
0.000 0.000 0.000 0.000 0.000 0.000 1.000
0.000 0.000 0.000 0.000 0.000 0.000 1.000
1.829 13.949 0.000 15.153 1.993 1.000 1.000
0.000 0.000 0.000 0.000 0.000 0.000 1.000
4.355 0.000 0.000 0.000 0.000 1.000 1.000
0.000 0.000 0.000 0.000 0.000 0.000 1.000
0.000 0.000 0.000 0.000 0.000 0.000 1.000
0.000 0.000 0.000 0.000 0.000 0.000 1.000
0.000 0.000 0.000 0.000 0.000 0.000 1.000
0.000 0.000 0.000 0.000 0.000 0.000 1.000
0.000 0.000 0.000 0.000 0.000 0.000 1.000
5.482 1.059 0.000 3.159 0.000 1.000 1.000
1.459 0.000 0.000 0.000 0.000 0.000 1.000
0.000 0.000 0.000 0.000 0.000 0.000 1.000
0.000 0.000 0.000 0.000 0.000 0.000 1.000
0.000 0.000 0.000 0.000 0.000 0.000 1.000
0.000 0.000 0.000 0.000 2.481 0.000 1.000
0.000 0.000 0.000 0.000 0.000 0.000 1.000
0.000 0.000 0.000 0.000 0.000 0.000 1.000
0.000 0.000 0.000 0.000 0.000 0.000 1.000
0.000 0.000 0.000 0.000 2.039 0.000 1.000
0.000 0.000 0.000 0.000 0.000 0.000 1.000
0.000 0.000 0.000 0.000 0.000 0.000 1.000
1.223 2.188 0.000 1.576 0.000 0.000 1.000
0.000 0.000 0.000 0.000 0.000 0.000 1.000
0.000 0.000 0.000 0.000 0.000 0.000 1.000
0.000 0.000 0.000 0.000 0.000 0.000 1.000
0.000 0.000 0.000 0.000 0.000 0.000 1.000
0.000 0.000 0.000 0.000 0.000 0.000 1.000
2.147 0.000 0.000 0.000 0.000 0.000 1.000
0.000 0.201 0.000 0.000 0.000 0.000 1.000
0.000 0.000 0.000 0.000 0.000 0.000 1.000
0.000 0.000 0.000 0.000 2.583 0.000 1.000
1.921 0.000 0.000 0.000 0.000 0.000 1.000
0.000 0.000 0.000 0.000 2.609 0.000 1.000
0.000 0.000 1.231 0.000 0.000 0.000 1.000
0.000 0.000 0.000 0.000 0.000 0.000 1.000
0.000 0.000 0.000 0.000 0.000 0.000 1.000
0.000 0.000 0.000 0.000 0.000 0.000 1.000
0.000 0.000 0.000 0.000 0.000 0.000 1.000
0.000 0.000 0.000 0.000 0.000 0.000 1.000
0.000 0.000 2.106 0.000 0.000 0.000 1.000
0.000 0.000 0.000 0.000 0.000 0.000 1.000
0.000 0.000 0.000 0.000 0.000 0.000 1.000
0.000 0.000 0.000 0.000 0.000 0.000 1.000
0.000 0.000 0.000 0.000 0.000 0.000 1.000
0.000 0.000 0.000 0.000 0.000 0.000 1.000
0.000 0.000 0.000 0.000 0.000 0.000 1.000
0.000 0.000 0.000 0.000 3.201 0.000 1.000
0.000 0.000 0.000 0.000 0.000 0.000 1.000
0.000 0.000 0.000 0.000 0.000 0.000 1.000
0.000 0.000 0.000 0.000 0.000 0.000 1.000
1.887 3.195 0.000 0.000 0.000 0.000 1.000
0.000 0.000 0.000 0.000 0.000 0.000 1.000
0.000 0.000 0.000 0.000 0.000 0.000 1.000
0.000 0.000 1.631 0.000 0.000 0.000 1.000
0.000 2.985 0.000 0.000 0.000 0.000 1.000
0.000 0.000 0.000 0.000 0.000 0.000 1.000
0.000 0.000 0.000 0.000 0.000 0.000 1.000
0.000 0.000 0.000 0.000 0.000 0.000 1.000
0.000 0.000 0.000 0.000 0.000 0.000 1.000
0.000 0.000 0.000 0.000 0.000 0.000 1.000
0.000 0.000 0.000 0.000 0.000 0.000 1.000
0.000 0.000 2.141 0.000 0.000 0.000 1.000
0.000 0.000 0.000 0.000 0.000 0.000 1.000
2.233 0.000 0.000 0.000 0.000 0.000 1.000
0.000 0.000 0.000 0.000 0.000 0.000 1.000
0.000 0.000 0.000 0.000 0.000 0.000 1.000
4.560 4.014 0.000 8.789 0.000 1.000 1.000
0.000 0.000 0.000 0.000 0.000 0.000 1.000
0.000 0.000 0.000 0.000 0.000 0.000 1.000
5.250 0.000 0.000 0.000 0.000 1.000 1.000
0.000 0.000 0.000 0.000 0.000 0.000 1.000
0.000 0.000 0.000 0.000 0.000 0.000 1.000
0.000 0.000 0.000 0.000 0.000 0.000 1.000
0.000 0.000 0.000 0.000 0.000 0.000 1.000
0.000 0.000 0.000 0.000 0.000 0.000 1.000
2.163 0.000 0.000 0.000 0.000 0.000 1.000
0.000 0.000 0.000 0.000 0.000 0.000 1.000
0.000 0.000 0.000 0.000 0.000 0.000 1.000
0.000 0.000 0.000 0.000 0.000 0.000 1.000
0.000 0.000 0.000 0.000 0.000 0.000 1.000
0.000 0.000 0.000 0.000 0.000 0.000 1.000
0.000 0.000 0.000 0.000 0.000 0.000 1.000
0.000 0.000 0.000 0.000 0.000 0.000 1.000
0.000 0.000 0.000 0.000 0.000 0.000 1.000
2.115 0.000 0.000 0.000 0.000 0.000 1.000
0.000 0.000 0.000 0.000 0.000 0.000 1.000
0.431 3.759 0.000 0.000 0.068 0.000 1.000
0.000 0.000 0.000 0.000 0.000 0.000 1.000
0.000 0.000 0.000 0.000 0.000 0.000 1.000
0.000 0.000 0.000 0.000 0.000 0.000 1.000
0.000 0.000 0.526 0.000 0.000 0.000 1.000
0.000 0.000 0.000 0.000 0.000 0.000 1.000
0.000 0.000 0.000 0.000 0.000 0.000 1.000
0.000 0.000 0.000 0.000 0.000 0.000 1.000
0.000 0.000 0.000 0.000 0.000 0.000 1.000
0.000 0.000 0.525 0.000 0.000 0.000 1.000
0.000 0.000 0.000 0.000 0.000 0.000 1.000
2.742 3.545 0.000 0.000 0.000 1.000 1.000
0.000 0.000 0.000 0.000 2.501 0.000 1.000
0.000 0.000 0.000 0.000 0.000 0.000 1.000
0.000 0.000 0.000 0.000 0.000 0.000 1.000
0.000 0.000 0.000 0.000 0.000 0.000 1.000
0.000 0.000 0.000 0.000 0.000 0.000 1.000
0.000 5.136 0.000 8.071 0.000 0.000 1.000
0.000 0.000 0.000 0.000 0.000 0.000 1.000
0.000 0.000 0.000 0.000 0.000 0.000 1.000
0.000 0.000 0.000 0.000 0.000 0.000 1.000
0.000 0.000 0.000 0.000 0.000 0.000 1.000
0.000 0.000 0.000 0.000 0.000 0.000 1.000
0.000 0.000 0.000 0.000 0.000 0.000 1.000
0.000 0.000 0.000 0.000 0.000 0.000 1.000
1.470 0.000 0.000 0.000 0.000 0.000 1.000
0.000 0.000 0.000 0.000 0.000 0.000 1.000
0.000 0.000 0.575 0.000 0.000 0.000 1.000
0.000 0.000 0.000 0.000 0.000 0.000 1.000
0.000 0.000 0.000 0.000 0.000 0.000 1.000
0.000 0.000 0.000 0.000 0.000 0.000 1.000
0.000 0.000 0.000 0.000 0.000 0.000 1.000
6.089 0.000 0.000 3.736 0.000 1.000 1.000
0.000 0.000 0.000 0.000 2.429 0.000 1.000
0.000 0.000 0.000 0.000 0.000 0.000 1.000
0.000 0.000 0.000 0.000 0.000 0.000 1.000
0.000 0.000 0.000 0.000 0.000 0.000 1.000
0.000 0.000 1.603 0.000 0.000 0.000 1.000
0.000 0.000 0.000 0.000 0.000 0.000 1.000
0.000 0.000 0.000 0.000 0.000 0.000 1.000
0.000 0.000 0.000 0.000 0.000 0.000 1.000
0.000 0.000 0.000 0.000 0.000 0.000 1.000
0.000 0.000 1.336 0.000 1.560 0.000 1.000
0.000 0.000 0.000 0.000 0.000 0.000 1.000
0.000 0.000 0.000 0.000 0.000 0.000 1.000
0.000 0.000 0.000 0.000 0.000 0.000 1.000
0.000 0.000 0.000 0.000 0.000 0.000 1.000
0.000 0.000 0.000 0.000 0.000 0.000 1.000
0.000 0.000 0.000 0.000 0.000 0.000 1.000
0.000 0.000 0.000 0.000 0.000 0.000 1.000
0.000 0.000 0.000 0.000 0.000 0.000 1.000
0.000 0.000 0.000 0.000 0.000 0.000 1.000
0.000 0.000 0.000 0.000 0.000 0.000 1.000
3.176 2.282 0.000 1.902 0.000 1.000 1.000
0.224 0.000 0.000 0.000 0.000 0.000 1.000
2.355 0.000 0.000 0.000 0.000 1.000 1.000
0.000 0.000 2.041 0.000 0.000 0.000 1.000
0.000 0.000 0.000 0.000 0.196 0.000 1.000
0.000 0.000 0.000 0.000 0.000 0.000 1.000
0.000 0.000 0.000 0.000 0.000 0.000 1.000
0.000 0.000 1.319 0.000 0.000 0.000 1.000
0.000 0.000 0.000 0.000 0.097 0.000 1.000
0.000 0.000 0.000 0.000 0.000 0.000 1.000
0.000 0.000 0.000 4.254 0.000 0.000 1.000
0.000 0.000 0.000 0.000 0.000 0.000 1.000
0.000 0.000 0.000 0.000 0.000 0.000 1.000
0.000 0.000 0.000 0.000 0.000 0.000 1.000
0.000 0.000 0.000 0.000 0.000 0.000 1.000
0.000 0.000 0.000 0.000 0.000 0.000 1.000
0.000 0.000 0.000 0.000 0.000 0.000 1.000
0.000 0.000 0.000 0.000 0.000 0.000 1.000
0.986 0.000 0.000 0.000 0.000 0.000 1.000
0.000 0.000 0.000 0.000 0.000 0.000 1.000
0.000 0.000 0.000 0.000 0.000 0.000 1.000
0.000 0.000 0.000 0.000 0.000 0.000 1.000
3.222 0.000 0.000 0.000 0.000 1.000 1.000
0.000 0.000 0.000 0.000 0.000 0.000 1.000
0.000 0.000 0.000 0.000 0.000 0.000 1.000
0.000 0.000 0.000 0.000 0.000 0.000 1.000
0.000 0.000 0.000 0.000 0.000 0.000 1.000
0.000 0.000 0.000 0.000 0.000 0.000 1.000
0.000 0.000 0.000 0.000 0.000 0.000 1.000
0.000 0.000 0.000 0.000 0.000 0.000 1.000
0.000 0.000 0.000 0.000 0.000 0.000 1.000
0.000 0.000 1.657 0.000 3.525 0.000 1.000
0.000 0.000 0.000 0.000 0.000 0.000 1.000
0.000 0.000 0.000 0.000 0.000 0.000 1.000
0.000 0.000 0.000 0.000 0.000 0.000 1.000
0.000 0.000 0.000 0.000 0.000 0.000 1.000
0.000 0.000 0.000 0.000 0.000 0.000 1.000
0.000 0.000 0.000 0.000 0.000 0.000 1.000
2.621 15.079 0.000 0.000 0.000 1.000 1.000
6.322 3.305 0.000 1.876 1.735 1.000 1.000
0.000 0.000 0.000 0.000 0.000 0.000 1.000
0.000 0.000 0.000 0.000 0.000 0.000 1.000
0.000 0.000 0.000 0.000 0.000 0.000 1.000
0.000 0.000 0.000 0.000 0.000 0.000 1.000
0.000 0.000 0.000 0.000 0.000 0.000 1.000
0.612 0.000 0.000 0.000 0.000 0.000 1.000
0.000 0.000 0.000 0.000 0.000 0.000 1.000
0.000 0.000 0.000 0.000 0.000 0.000 1.000
8.454 5.764 0.000 14.586 0.000 1.000 1.000
0.000 0.000 0.000 0.000 0.000 0.000 1.000
0.000 0.000 0.000 0.000 0.000 0.000 1.000
0.000 0.000 0.000 0.000 0.000 0.000 1.000
0.000 0.000 0.000 0.000 0.000 0.000 1.000
0.000 1.435 3.352 0.000 2.828 0.000 1.000
0.000 0.000 0.000 0.000 0.000 0.000 1.000
0.000 0.000 0.000 0.000 0.000 0.000 1.000
0.254 0.000 0.000 0.000 0.000 0.000 1.000
0.000 2.461 0.000 0.000 0.000 0.000 1.000
0.000 0.000 0.000 0.000 0.000 0.000 1.000
0.000 0.000 0.000 0.000 0.000 0.000 1.000
0.000 0.000 0.000 0.000 0.000 0.000 1.000
0.000 0.000 0.000 0.000 0.000 0.000 1.000
2.320 25.165 0.000 44.646 0.000 1.000 1.000
0.000 0.000 0.000 0.000 0.000 0.000 1.000
0.000 0.000 1.222 0.000 0.000 0.000 1.000
0.000 0.000 0.000 0.000 0.000 0.000 1.000
0.000 0.000 0.000 0.000 0.000 0.000 1.000
0.000 0.000 0.000 0.000 0.000 0.000 1.000
0.000 0.000 0.000 0.000 0.000 0.000 1.000
0.000 0.000 0.000 0.000 0.000 0.000 1.000
0.000 0.000 0.000 0.000 0.000 0.000 1.000
0.000 2.737 0.000 0.000 0.000 0.000 1.000
0.000 0.000 1.552 0.000 2.023 0.000 1.000
0.000 0.000 0.000 0.000 1.740 0.000 1.000
0.000 0.000 0.000 0.000 0.000 0.000 1.000
0.000 0.000 2.484 0.000 0.000 0.000 1.000
0.000 0.000 0.000 0.000 0.000 0.000 1.000
0.000 0.000 0.000 0.000 1.732 0.000 1.000
4.692 0.000 0.000 0.000 2.059 1.000 1.000
0.000 0.000 2.703 0.000 0.000 0.000 1.000
1.333 0.000 0.000 0.000 0.000 0.000 1.000
0.000 0.000 0.000 0.000 0.000 0.000 1.000
0.000 0.000 0.000 0.000 0.000 0.000 1.000
0.000 0.000 0.000 0.000 0.000 0.000 1.000
0.000 0.000 0.000 0.000 0.000 0.000 1.000
5.520 4.035 0.000 10.702 0.000 1.000 1.000
0.090 0.000 0.000 0.000 0.000 0.000 1.000
0.000 0.000 0.000 0.000 0.000 0.000 1.000
0.000 0.000 0.000 0.000 0.000 0.000 1.000
0.000 0.000 0.000 0.000 0.000 0.000 1.000
0.000 0.000 0.000 0.000 0.000 0.000 1.000
0.000 0.000 0.000 0.000 1.411 0.000 1.000
0.000 0.000 0.000 0.000 0.000 0.000 1.000
0.000 0.000 0.000 0.000 0.000 0.000 1.000
0.000 0.000 0.000 0.000 0.000 0.000 1.000
6.310 2.242 0.000 9.937 0.000 1.000 1.000
0.000 0.000 0.000 0.000 0.000 0.000 1.000
3.555 0.000 0.000 15.112 2.250 1.000 1.000
0.000 0.000 0.000 0.000 0.000 0.000 1.000
8.212 2.232 0.000 8.088 0.000 1.000 1.000
6.413 0.643 0.000 6.391 0.000 1.000 1.000
0.000 0.000 0.000 0.000 0.000 0.000 1.000
0.000 0.000 0.000 0.000 0.000 0.000 1.000
0.000 0.000 0.000 0.000 2.207 0.000 1.000
0.000 0.000 0.000 0.000 0.988 0.000 1.000
0.000 0.000 0.000 0.000 0.000 0.000 1.000
3.405 7.298 0.000 12.162 0.000 1.000 1.000
0.000 0.000 0.000 0.000 0.000 0.000 1.000
2.496 0.000 0.000 2.629 0.000 1.000 1.000
0.000 0.000 0.000 0.000 0.000 0.000 1.000
0.000 0.000 0.000 0.000 0.000 0.000 1.000
0.000 0.000 0.000 0.000 0.000 0.000 1.000
0.000 0.000 0.000 0.000 0.000 0.000 1.000
0.000 0.000 0.000 0.000 0.000 0.000 1.000
0.000 0.000 0.000 0.000 0.000 0.000 1.000
0.000 0.000 0.000 0.000 0.000 0.000 1.000
0.000 0.000 0.000 0.000 3.126 0.000 1.000
0.000 0.000 0.000 0.000 0.000 0.000 1.000
0.000 0.000 0.538 0.000 0.000 0.000 1.000
0.000 0.000 0.000 0.000 0.000 0.000 1.000
0.261 0.000 0.000 0.000 0.000 0.000 1.000
0.000 0.000 0.000 0.000 0.000 0.000 1.000
0.000 0.000 0.000 0.000 2.854 0.000 1.000
0.000 0.000 0.500 0.000 0.000 0.000 1.000
0.000 0.000 0.000 0.000 0.000 0.000 1.000
0.000 0.000 0.000 0.000 0.000 0.000 1.000
3.560 0.000 0.000 3.295 0.000 1.000 1.000
0.000 0.000 0.000 0.000 0.000 0.000 1.000
0.000 0.000 0.000 0.000 0.000 0.000 1.000
0.000 0.000 0.000 0.000 0.000 0.000 1.000
0.000 0.000 0.000 0.000 0.000 0.000 1.000
0.000 0.000 0.000 0.000 0.000 0.000 1.000
0.000 0.000 0.000 0.000 0.000 0.000 1.000
3.682 0.000 0.000 0.000 0.000 1.000 1.000
0.000 0.000 0.000 0.000 0.000 0.000 1.000
0.000 0.000 0.000 0.000 3.000 0.000 1.000
