0.000 0.000 0.000 0.000 0.000
0.000 0.000 0.000 0.000 0.000
0.000 0.000 0.000 0.000 0.000
0.000 0.000 0.000 0.000 0.000
2.071 0.000 0.000 0.000 0.000
0.000 0.000 0.000 0.000 0.000
0.000 0.000 0.000 0.000 0.000
0.000 0.000 0.000 0.000 0.000
0.000 0.000 0.000 0.000 0.000
0.000 0.000 0.000 0.000 0.000
0.000 0.000 0.000 0.000 0.000
0.000 0.000 0.000 0.000 0.000
3.039 0.000 0.000 8.316 0.000
0.000 0.000 0.000 0.000 0.000
0.000 0.000 0.000 0.000 0.000
0.000 0.000 0.000 0.000 0.000
0.825 1.763 0.000 7.719 0.000
0.000 0.000 0.000 0.000 0.000
0.000 0.000 0.000 0.000 0.000
0.000 0.000 0.000 0.000 0.000
0.000 0.000 0.000 0.000 0.000
3.027 0.000 0.000 0.000 0.000
0.000 0.000 0.000 0.000 0.224
0.000 0.000 0.000 0.000 0.000
0.000 0.000 0.000 0.000 0.000
0.000 0.000 0.000 0.000 0.000
0.000 0.000 0.000 0.000 0.000
0.000 0.000 0.000 0.000 0.000
1.449 9.088 0.000 0.271 0.000
3.331 2.432 1.914 3.110 0.000
3.043 0.000 0.000 3.203 0.000
0.000 0.000 0.000 0.000 0.000
0.000 0.000 0.000 0.000 0.000
0.672 9.262 0.000 0.000 0.000
0.000 0.000 0.000 0.000 0.000
0.000 0.000 0.000 0.000 0.000
0.000 0.000 0.000 0.000 0.000
0.000 0.000 0.000 0.000 0.000
0.000 0.000 0.000 0.000 0.000
0.000 0.000 0.000 0.000 0.000
0.000 0.000 0.000 0.000 0.000
0.000 0.000 0.000 0.000 0.000
3.374 0.000 0.000 3.228 0.000
0.476 0.000 0.000 0.000 0.000
0.000 0.000 0.000 2.153 0.000
0.000 0.000 0.000 0.000 0.000
0.000 0.000 0.000 0.000 0.000
0.000 0.000 0.000 0.000 2.816
2.708 0.000 0.000 4.798 1.643
3.621 3.469 0.000 3.286 0.000
2.656 0.000 0.000 2.378 3.270
2.124 0.000 0.000 5.312 0.671
0.657 0.000 0.000 0.969 0.771
0.000 0.000 0.000 0.000 0.000
0.000 0.000 0.000 0.000 0.000
0.000 0.000 0.000 0.000 0.000
0.000 0.000 0.000 0.000 0.000
2.839 1.225 0.000 3.500 3.540
0.000 0.000 0.000 0.000 0.000
0.000 0.000 0.000 2.285 0.000
5.225 0.294 0.128 6.033 0.000
3.654 2.811 0.000 13.693 0.000
3.494 0.000 2.099 4.839 0.000
0.000 0.000 0.000 0.000 0.000
0.000 0.000 0.000 0.000 0.000
0.000 0.000 0.000 0.000 0.000
0.000 0.000 0.000 0.000 0.000
0.000 0.000 0.000 0.000 0.000
5.277 2.976 0.000 7.573 0.000
0.000 0.000 0.000 0.000 0.000
0.000 0.000 0.000 0.000 0.000
0.000 0.000 0.000 0.000 0.000
0.000 0.000 0.000 0.000 0.000
0.000 0.000 0.000 0.000 0.000
4.034 0.000 0.000 14.505 0.000
0.000 0.000 0.000 0.000 0.000
0.000 0.000 2.046 0.000 0.000
2.868 2.442 0.000 27.615 0.000
0.000 0.000 0.000 0.000 0.000
1.700 8.100 0.000 31.138 0.000
0.000 0.000 0.000 0.000 0.000
0.000 0.000 0.000 0.000 0.000
4.765 0.000 0.000 0.000 0.000
3.087 3.060 0.000 20.526 0.000
0.575 13.802 0.000 5.327 0.000
3.385 0.000 0.000 2.826 0.000
0.000 0.000 0.000 0.000 0.000
0.000 0.000 0.000 0.000 2.642
0.000 0.000 0.000 0.000 2.642
0.000 0.000 0.000 0.000 0.569
0.000 0.000 0.000 0.000 2.642
2.745 0.000 0.000 3.828 0.000
0.000 0.000 0.000 0.000 0.000
0.000 0.000 0.000 0.000 0.000
0.000 0.000 0.000 0.000 0.000
0.000 0.000 0.000 0.000 0.000
0.000 0.000 0.000 0.000 0.000
0.000 0.000 0.000 0.000 0.000
0.314 0.000 0.000 0.000 0.000
0.000 0.000 0.000 0.000 0.000
0.000 0.000 0.000 0.000 0.000
0.000 0.000 0.000 0.000 0.000
0.000 0.000 0.000 0.000 0.000
0.000 0.000 0.000 0.000 0.000
0.000 0.000 0.000 0.000 0.000
0.000 0.000 0.000 2.416 2.747
0.000 0.000 0.000 5.168 0.000
4.407 2.824 0.000 7.518 0.000
2.537 0.000 0.000 6.630 0.000
0.000 0.000 0.000 0.000 0.000
3.946 3.081 0.000 17.589 0.000
0.000 0.000 0.000 0.000 0.000
0.476 0.000 0.000 0.000 0.000
0.000 1.153 2.435 0.000 1.527
0.000 0.000 0.000 0.000 0.000
0.000 0.000 0.000 0.000 0.000
0.000 0.000 0.000 0.000 0.000
0.555 0.000 0.000 0.000 0.000
0.000 0.000 0.000 0.000 0.000
2.614 0.000 0.000 5.381 0.000
0.000 0.000 0.000 0.000 0.000
0.000 0.000 0.000 0.000 0.000
5.836 2.742 0.000 4.986 0.000
4.573 3.243 0.000 6.913 0.000
0.000 0.000 0.000 0.000 0.000
0.000 0.000 0.000 2.930 0.000
2.217 0.000 0.000 0.000 0.000
0.000 0.000 0.000 0.000 0.000
0.000 0.000 0.000 0.000 2.027
0.000 0.000 0.000 0.000 0.000
2.945 5.092 0.000 5.086 0.000
0.000 0.000 0.000 0.000 3.104
0.000 0.000 0.000 0.000 0.000
0.000 0.000 0.000 0.000 0.000
0.000 0.000 0.875 0.000 0.836
3.604 5.356 0.000 0.000 0.000
0.000 0.000 0.000 0.000 0.000
0.000 0.000 0.000 0.000 2.662
2.782 0.000 0.000 0.000 0.000
0.000 0.000 0.000 0.000 0.000
0.000 0.000 0.000 1.164 0.000
0.000 0.000 0.000 0.000 0.000
3.539 3.627 0.000 21.731 0.193
2.065 0.000 0.000 3.561 0.000
1.584 0.000 0.000 0.000 0.000
2.451 2.152 0.000 8.995 0.000
0.000 0.000 0.000 0.000 2.920
0.000 0.000 0.000 0.000 0.000
0.000 0.000 0.000 0.000 0.000
4.030 0.000 0.000 0.000 0.000
0.000 0.000 0.000 0.000 0.000
0.000 0.000 0.000 0.000 1.120
0.000 0.000 0.000 0.000 0.000
0.000 0.000 0.000 0.000 0.000
0.000 0.000 0.000 0.000 0.000
0.000 0.000 0.000 0.000 0.000
0.000 0.000 0.000 0.000 0.000
0.254 0.000 0.000 0.000 0.000
2.401 2.739 0.000 4.236 0.000
0.000 0.000 0.000 0.000 0.000
0.763 7.636 0.000 12.770 2.354
3.490 3.761 0.000 5.275 0.824
0.000 0.000 0.000 1.031 0.000
0.767 3.085 0.000 15.476 0.577
0.000 0.000 0.000 0.000 0.000
2.853 0.000 0.939 4.590 0.000
0.000 0.000 0.000 0.000 0.000
0.000 0.000 0.000 0.000 0.000
0.000 0.000 0.000 0.000 0.000
1.723 0.000 0.000 0.000 0.000
1.537 2.491 0.000 1.440 0.000
2.436 3.000 0.000 3.259 0.000
2.390 0.000 0.000 0.000 0.000
0.000 0.000 0.000 0.000 1.339
3.101 0.000 0.000 4.155 0.000
4.976 2.771 0.000 9.595 0.000
0.616 0.000 0.000 0.000 0.248
4.532 0.000 1.244 0.000 0.797
0.000 0.000 0.000 0.000 0.000
0.000 0.000 0.000 0.000 0.000
3.459 3.530 0.000 11.412 0.000
0.000 0.000 0.000 0.000 0.000
0.000 0.000 0.000 0.000 0.000
0.857 3.785 0.000 12.965 0.000
0.000 0.000 0.000 0.000 0.000
0.000 0.000 0.000 0.000 0.000
2.887 3.063 0.000 16.989 0.000
1.802 2.404 0.366 10.589 0.000
0.000 0.000 0.000 0.000 0.000
0.000 0.000 0.000 0.000 0.000
0.000 0.000 0.000 0.000 0.000
0.000 0.000 0.000 0.000 0.000
0.000 0.000 0.000 2.515 3.751
2.174 2.852 0.000 3.795 1.584
0.000 0.000 0.000 0.000 0.445
0.000 0.000 0.000 0.000 0.000
0.000 0.000 0.000 0.000 0.000
0.000 0.000 0.000 0.000 3.252
1.437 0.000 0.000 0.000 0.000
1.644 1.770 0.000 4.182 1.583
1.230 4.368 0.000 2.467 0.000
0.765 2.855 0.656 3.074 2.383
0.000 0.000 0.000 0.000 0.000
0.000 0.000 0.000 0.000 0.000
0.000 0.000 0.000 0.000 0.000
0.000 0.000 0.000 0.000 1.646
0.000 0.000 0.000 0.281 0.149
0.000 0.000 0.000 0.000 0.000
0.000 0.000 0.000 3.052 0.114
0.000 0.000 0.000 0.000 0.000
2.854 4.445 0.000 12.895 0.000
0.000 0.000 0.000 0.000 0.000
0.000 0.000 0.000 0.000 0.000
0.000 0.000 0.000 0.000 0.000
0.000 0.000 0.000 0.000 0.000
0.000 0.000 0.000 0.000 0.000
0.000 0.000 0.000 0.000 0.000
0.000 0.000 0.000 0.000 0.000
0.000 0.000 0.000 0.000 0.000
4.124 0.434 0.000 8.007 0.000
3.361 5.513 0.000 16.604 0.000
0.000 0.000 0.000 0.000 0.000
0.000 0.000 0.000 0.000 0.000
0.000 0.000 0.000 0.000 0.000
0.000 0.000 0.000 0.000 0.000
0.000 0.000 0.000 0.000 0.000
0.000 0.000 0.000 0.000 0.000
0.000 0.000 0.000 0.000 0.000
0.000 0.000 0.000 0.000 0.000
0.000 0.000 0.000 0.000 0.000
0.000 0.000 0.000 0.000 0.000
0.000 0.000 0.000 0.000 0.000
0.000 0.000 0.000 0.000 0.000
0.000 0.000 0.000 0.000 0.000
3.670 0.000 0.000 18.624 0.000
0.000 0.000 0.000 0.000 0.000
0.000 0.000 0.000 0.000 0.000
0.000 0.000 0.000 0.000 0.000
0.000 0.000 0.000 0.000 0.000
0.000 0.000 0.000 0.000 0.000
2.129 0.000 0.000 0.000 0.000
0.000 0.000 0.000 0.000 0.000
0.000 0.000 0.000 0.000 0.000
0.000 0.000 0.000 0.000 0.000
0.000 0.000 0.000 0.000 0.000
0.000 0.000 0.000 0.000 0.000
0.000 0.000 0.000 0.000 0.000
0.864 0.000 0.000 2.413 0.000
0.000 0.000 0.000 0.000 2.247
0.000 0.000 0.000 0.000 0.000
0.000 0.000 0.000 0.000 0.000
0.000 0.000 0.000 0.000 0.000
0.000 0.000 0.000 0.000 0.000
0.000 0.000 0.000 0.000 0.000
0.000 0.000 0.000 0.000 0.000
0.000 0.000 0.000 0.000 0.000
0.000 0.000 0.000 0.000 0.000
0.000 0.000 0.000 0.000 0.000
0.000 0.000 0.000 0.000 0.000
0.000 0.000 0.000 0.000 0.000
0.000 0.000 0.000 0.000 0.000
0.000 0.000 0.000 0.000 0.000
0.000 0.000 0.000 0.000 2.269
0.000 0.000 0.000 0.000 3.499
0.000 0.000 0.000 0.000 0.000
1.523 0.000 0.000 0.000 0.000
2.034 0.869 0.000 6.302 0.000
1.231 0.000 0.000 2.727 2.901
2.005 0.000 0.000 0.000 0.000
0.000 0.000 0.000 0.000 0.000
0.000 0.000 0.000 0.000 0.000
3.386 0.000 0.000 0.000 0.000
2.867 0.000 0.000 4.524 0.000
4.644 0.000 0.000 11.037 0.000
0.580 1.681 0.000 0.000 0.000
0.000 0.000 0.000 0.000 0.000
2.229 0.000 0.000 2.515 0.000
2.213 0.000 0.000 2.071 0.000
2.542 0.000 0.000 8.318 0.000
0.000 0.000 0.000 0.000 0.000
0.000 0.000 0.000 0.000 0.000
0.000 0.000 0.000 0.000 0.000
0.000 0.000 0.000 0.000 0.000
1.918 0.000 0.000 0.000 0.000
0.380 5.740 0.000 6.153 0.000
0.000 0.000 0.000 0.000 0.000
2.704 2.667 0.000 0.000 0.000
0.000 0.000 0.000 0.000 0.000
0.000 0.000 0.000 0.000 0.000
0.000 0.000 0.000 0.000 0.000
0.000 0.000 0.000 0.000 0.000
0.000 0.000 0.000 0.000 0.000
0.000 0.000 0.000 0.000 0.000
0.000 0.000 0.000 0.000 0.000
0.000 0.000 0.000 0.000 0.000
0.000 0.000 0.000 3.813 0.000
2.181 0.000 0.000 3.222 0.000
0.000 0.000 0.000 0.000 0.000
2.661 0.000 0.000 0.000 0.000
0.000 0.000 0.000 1.502 0.000
0.000 0.000 0.000 0.000 2.551
0.000 0.000 0.000 3.555 2.697
3.301 0.000 0.000 4.776 0.000
2.718 0.000 0.000 3.873 0.000
1.462 0.000 0.000 1.931 0.739
2.249 0.000 0.000 3.882 0.000
2.424 4.356 0.000 12.945 0.000
1.994 0.000 0.000 0.000 0.000
0.000 0.000 0.000 0.000 0.000
0.000 0.000 0.000 0.000 0.000
5.753 2.380 0.000 5.035 1.905
3.822 3.070 1.402 4.974 0.000
0.000 0.000 0.000 0.000 0.000
0.000 0.000 0.000 0.000 0.000
0.000 0.000 0.000 0.000 0.000
1.756 0.000 0.000 0.000 1.475
0.000 0.000 0.000 0.000 0.000
0.000 0.000 0.000 0.000 0.000
2.209 0.000 0.000 1.938 0.000
0.000 0.000 0.000 0.000 0.000
0.000 0.000 0.000 0.000 0.000
0.000 0.000 0.000 0.000 2.825
3.010 0.000 0.000 2.139 0.000
3.717 0.000 0.000 0.000 0.000
0.000 0.000 1.564 0.000 2.778
0.000 0.000 0.000 0.000 0.000
0.035 0.000 0.000 0.000 0.000
3.902 2.565 0.000 21.471 2.370
1.511 3.496 0.000 13.120 0.000
0.000 0.000 0.000 0.000 0.000
0.000 0.000 0.000 0.000 0.000
0.000 0.000 0.000 0.000 0.000
0.000 0.000 0.000 0.000 0.000
0.000 0.000 0.000 0.000 0.000
2.874 0.000 0.000 6.090 0.000
0.000 0.000 0.000 0.000 0.000
0.000 0.000 0.000 0.000 0.000
1.687 4.069 0.000 22.108 0.000
0.000 0.000 0.000 0.000 0.000
0.000 0.000 0.000 0.000 0.000
2.783 0.000 0.000 1.610 0.000
3.342 0.000 0.000 3.999 0.000
4.059 2.500 0.000 5.267 1.916
3.343 0.000 0.000 1.938 2.197
2.253 2.692 0.000 3.383 0.000
0.000 0.000 0.000 0.000 0.000
4.611 0.000 0.000 4.301 0.000
0.000 0.000 0.202 0.000 0.000
0.000 0.000 0.000 0.000 0.000
0.000 0.000 0.000 0.000 0.000
0.000 0.000 0.000 0.000 0.000
4.725 0.000 0.000 0.000 0.000
4.574 0.000 0.000 0.000 0.000
1.579 0.000 1.862 1.489 2.456
0.000 0.000 0.000 0.000 0.000
2.727 0.000 0.000 0.000 0.000
0.000 0.000 1.871 0.000 0.000
0.000 0.000 0.000 0.000 0.000
0.000 0.000 0.000 0.000 0.000
0.000 0.000 0.000 0.000 0.000
2.603 0.000 0.000 0.000 0.000
0.000 0.000 0.000 0.000 0.000
0.000 0.000 0.000 5.715 3.397
0.000 0.000 0.000 0.000 0.000
0.000 0.000 0.000 0.000 1.665
0.000 0.000 0.000 0.000 0.000
3.177 0.000 0.000 0.812 0.000
2.098 0.000 0.000 0.000 0.000
0.000 0.000 0.000 0.000 0.000
3.010 2.105 0.000 2.488 1.941
0.000 0.000 0.000 0.000 0.000
0.000 0.000 0.000 0.000 0.000
1.053 0.000 0.000 2.784 0.000
0.000 0.000 0.000 0.000 0.000
0.000 0.000 0.000 0.000 0.000
3.810 0.000 0.000 6.136 0.000
0.000 0.000 0.000 0.000 0.000
0.000 0.000 0.000 0.000 0.000
0.000 0.000 0.000 0.000 0.000
0.000 0.000 0.000 0.000 0.000
0.000 0.000 0.000 0.000 0.000
0.000 0.000 1.959 0.000 0.000
0.000 0.000 0.000 0.000 0.000
0.000 0.000 0.000 0.000 0.000
0.000 0.000 0.000 0.000 0.000
0.993 0.000 0.000 9.178 1.909
2.869 2.299 0.000 19.254 0.385
2.431 2.577 0.000 4.121 0.391
4.999 0.000 0.000 0.000 0.388
1.646 3.533 0.000 20.222 0.000
0.000 0.000 0.000 0.000 1.369
5.482 0.000 0.000 4.978 3.423
3.828 3.291 0.000 13.871 0.000
2.658 0.000 0.000 1.993 2.066
0.000 0.000 0.000 0.026 0.000
0.000 0.000 0.000 0.000 0.000
0.000 0.000 0.000 0.000 0.000
0.000 0.000 0.000 0.000 0.000
2.549 0.000 0.000 0.000 0.000
0.000 0.000 0.000 0.000 0.000
0.000 0.000 0.000 0.000 0.000
0.000 0.000 0.000 0.000 0.000
0.000 0.000 0.000 0.000 0.000
1.832 0.000 0.000 0.000 0.000
0.000 0.000 0.000 0.000 0.000
2.770 0.000 0.000 3.617 4.669
3.973 0.000 0.000 4.134 2.397
0.000 0.000 0.000 1.749 1.593
0.000 0.000 0.000 0.000 0.000
0.000 0.000 0.000 0.000 0.000
2.396 0.000 0.000 7.833 0.000
3.823 0.000 0.000 0.000 0.000
3.907 0.000 0.000 11.242 0.000
0.000 0.000 0.000 0.000 0.000
0.000 0.000 0.000 0.000 0.000
3.366 0.000 0.000 3.170 0.000
1.176 0.000 0.000 0.000 0.000
0.000 0.000 0.000 0.000 0.000
4.880 0.000 2.696 8.027 0.000
0.000 0.000 0.000 0.000 0.000
2.599 1.830 0.000 5.862 0.000
0.000 0.000 0.000 0.000 0.000
0.000 0.000 0.000 0.000 0.000
0.000 0.000 0.000 0.000 2.761
0.000 0.000 0.000 0.000 0.000
2.003 0.000 0.000 0.000 0.000
0.271 0.000 0.000 0.000 0.000
0.000 0.000 0.000 0.000 0.000
3.387 0.000 0.000 4.459 0.000
0.000 0.000 0.000 0.000 0.000
0.000 0.000 0.000 0.000 2.642
0.000 0.000 0.000 0.000 0.000
0.000 0.000 0.000 0.000 0.000
0.000 0.000 0.000 0.000 0.000
0.000 0.000 0.000 0.000 0.000
0.000 0.000 0.000 0.000 0.000
0.000 0.000 0.000 0.000 0.000
0.000 0.000 0.000 0.000 0.000
0.000 0.000 1.738 0.000 0.000
0.000 0.000 0.000 0.000 0.000
1.964 2.156 0.000 0.000 0.000
1.660 0.000 0.000 2.840 2.582
0.135 0.000 0.000 2.843 0.000
0.000 0.000 0.000 0.000 0.156
1.854 0.000 0.000 2.508 0.000
0.000 0.000 0.000 2.099 0.000
0.689 0.000 0.000 4.283 0.760
0.000 0.000 0.000 4.305 0.000
0.820 0.000 2.655 0.000 2.763
1.785 0.000 0.000 0.000 0.000
0.000 0.000 1.269 0.000 0.000
2.075 0.000 0.354 0.000 0.740
2.588 0.000 0.000 4.578 0.000
2.194 1.887 0.000 7.456 0.000
2.295 2.016 0.000 10.099 2.047
2.370 0.000 1.876 2.396 0.000
1.358 0.000 0.039 2.733 0.000
0.490 0.000 0.000 1.930 0.000
1.988 2.063 0.000 2.090 0.000
4.010 0.141 0.000 2.988 0.000
3.701 3.717 0.000 11.390 0.000
2.990 4.989 0.000 8.910 0.000
1.935 0.355 0.000 5.227 0.000
3.028 0.000 0.000 3.494 0.000
0.000 0.000 0.000 0.606 2.007
0.000 1.398 0.000 0.000 0.000
2.630 0.000 2.641 0.000 0.000
0.000 0.000 1.517 0.000 0.000
0.000 0.000 0.000 0.000 0.000
0.000 0.000 0.000 0.000 0.000
0.000 0.000 1.325 0.000 0.000
0.562 0.000 0.000 0.000 0.000
2.905 2.579 0.000 6.783 0.000
0.000 0.000 0.000 0.000 0.000
0.000 0.000 0.000 0.000 0.000
0.000 0.000 0.000 0.000 0.151
0.000 0.000 0.000 0.000 0.000
0.000 0.000 0.000 0.000 0.000
0.000 0.000 0.000 0.000 0.000
0.000 0.000 0.000 0.000 2.040
0.000 0.000 0.000 0.000 0.000
0.000 0.000 1.587 0.000 0.000
4.699 3.138 1.617 25.998 0.880
0.000 0.000 0.000 0.000 0.000
0.000 0.000 0.000 0.000 0.000
0.000 0.000 0.000 0.000 0.000
0.480 0.000 0.000 5.723 0.974
3.397 3.604 0.000 13.439 0.526
0.000 0.000 0.000 0.649 1.799
0.000 0.000 0.000 0.000 0.000
2.250 1.092 0.000 2.023 2.845
0.000 0.000 0.000 0.000 1.986
0.000 0.000 0.000 0.000 0.000
0.000 0.000 0.000 0.000 0.000
0.000 0.000 0.000 0.000 0.000
0.000 0.000 0.000 0.000 0.000
0.000 0.000 0.000 0.000 0.000
0.000 0.000 0.000 0.000 0.000
3.339 2.783 0.000 15.212 0.000
0.000 0.000 0.000 0.000 0.000
0.000 0.000 0.000 0.000 0.000
0.000 0.000 0.000 0.000 0.000
0.000 0.000 0.000 0.000 0.000
0.000 0.000 0.000 0.000 2.642
0.000 0.000 1.310 3.955 0.000
1.215 0.000 0.000 0.000 0.000
3.980 2.824 0.000 0.000 0.000
4.383 2.824 0.000 0.000 2.581
3.264 0.000 0.000 0.000 2.627
0.404 0.888 0.000 0.000 2.430
0.000 0.000 0.000 0.000 0.000
0.000 0.000 0.000 0.000 0.000
0.000 0.000 0.000 0.000 0.000
0.446 0.000 0.000 2.235 0.000
0.000 0.000 2.834 0.000 0.000
0.000 0.000 0.000 0.000 0.000
0.000 0.000 0.000 0.000 0.000
0.000 0.000 0.000 0.000 0.000
2.831 2.847 0.000 11.065 0.000
0.000 0.000 0.000 0.000 0.000
0.000 0.000 0.000 0.000 0.000
3.602 2.667 0.000 3.016 0.000
0.797 0.000 0.000 0.000 0.000
0.000 0.000 0.000 0.000 0.000
3.273 3.108 0.000 12.256 0.000
0.000 0.000 0.000 0.000 0.000
0.000 0.000 0.000 0.000 0.000
0.000 0.000 0.000 0.000 0.000
2.935 0.000 0.000 0.000 0.000
1.450 3.742 0.000 9.029 0.000
4.179 0.000 0.000 3.470 0.000
0.000 0.000 0.000 0.000 1.356
0.000 0.000 0.000 0.000 0.000
0.000 0.000 0.000 0.000 0.000
0.000 0.000 0.623 0.000 1.421
0.000 0.000 0.000 0.000 0.000
0.000 0.000 0.000 0.000 0.000
0.000 0.000 0.000 0.000 0.000
0.000 0.000 0.489 0.000 0.000
1.676 0.000 0.000 0.000 0.000
1.492 0.000 0.000 0.000 0.000
3.391 0.000 0.000 6.456 0.120
0.592 0.000 0.000 0.000 0.000
1.160 7.781 0.000 0.000 0.000
2.564 2.329 0.000 33.516 0.000
2.163 6.249 0.000 12.819 0.000
3.084 0.000 0.000 0.950 0.000
0.000 0.000 0.000 0.000 0.000
0.000 0.000 0.000 0.000 0.000
0.000 0.000 0.000 0.000 0.000
1.348 0.000 0.000 0.000 0.000
0.000 0.000 0.388 4.718 0.000
0.000 0.000 0.000 0.000 0.000
0.000 0.000 0.000 0.000 0.000
0.716 0.000 0.000 0.000 0.000
1.529 0.000 2.687 0.000 3.344
2.033 0.000 0.000 0.000 0.000
1.859 0.000 0.724 0.000 0.000
0.000 4.739 0.000 0.000 0.000
0.000 0.000 0.464 0.000 0.000
1.882 0.000 0.000 0.000 0.000
0.000 0.000 0.000 0.000 0.000
0.000 0.000 0.000 0.000 0.000
0.000 0.000 0.000 0.000 0.000
0.000 0.000 0.000 0.000 0.000
0.000 0.000 0.000 0.000 0.000
5.085 2.453 0.000 9.366 1.685
2.795 0.000 0.000 0.000 0.000
2.788 0.000 0.000 2.767 0.000
0.000 0.000 0.000 0.000 0.000
2.549 0.000 0.000 0.000 0.000
3.418 0.000 0.000 3.880 0.000
0.000 0.000 0.000 0.000 0.000
0.000 0.000 0.000 0.289 0.225
0.000 0.000 0.000 0.000 0.000
0.000 0.000 0.000 0.000 0.000
0.000 0.000 0.000 0.000 0.000
0.000 0.000 0.000 0.000 0.000
0.000 0.000 0.000 0.000 0.000
0.000 0.000 0.000 0.000 0.000
0.000 0.000 0.000 0.000 0.000
0.000 0.000 0.000 0.000 0.000
0.000 0.000 0.000 0.000 0.000
0.000 0.000 0.000 0.000 0.000
2.400 9.915 0.000 2.312 0.000
3.651 0.000 0.000 8.125 0.000
0.000 0.000 0.000 0.000 0.000
0.000 0.000 0.000 0.000 0.000
1.912 0.000 0.000 0.000 0.000
5.318 0.000 0.000 4.352 0.216
2.582 0.000 0.000 4.249 0.000
3.359 1.638 1.964 5.814 0.000
1.882 0.000 0.000 0.000 0.000
2.873 0.000 2.162 0.000 0.000
0.645 0.000 1.448 0.000 0.000
0.000 0.000 0.000 0.000 0.000
1.832 0.000 0.000 3.842 0.000
0.000 0.000 0.000 0.000 0.341
0.000 0.000 0.000 0.000 0.000
0.000 0.000 0.000 0.000 2.271
0.000 0.000 1.779 0.000 0.000
0.000 0.000 0.000 0.000 0.000
0.000 0.000 0.000 0.000 0.839
0.000 0.000 0.000 0.000 0.000
0.000 0.000 0.000 0.000 0.000
2.230 0.000 0.000 0.000 0.000
3.880 2.372 0.324 4.434 0.000
3.605 1.350 0.000 2.651 0.000
2.823 12.384 0.000 16.966 2.413
0.000 0.000 0.000 0.000 0.000
3.560 2.934 0.000 2.840 0.000
0.000 0.000 0.000 0.000 0.000
0.000 0.000 0.000 0.000 0.000
0.000 0.000 0.000 0.000 0.000
0.000 0.000 0.000 0.000 0.000
0.000 0.000 0.000 0.000 0.000
0.000 0.000 0.000 0.000 0.000
0.000 0.000 0.000 0.000 0.000
0.000 0.000 0.000 0.000 0.000
0.000 0.000 0.000 0.000 0.000
0.000 0.000 0.000 0.000 0.000
0.000 0.000 0.000 0.000 0.000
0.000 0.000 0.990 0.000 0.000
0.000 0.000 0.000 0.000 0.000
0.000 0.000 0.000 0.000 0.000
0.000 0.000 0.000 0.000 0.000
0.000 0.000 0.000 0.000 0.142
0.000 0.000 0.511 0.000 2.106
0.000 0.000 2.865 0.000 0.489
0.000 0.000 0.000 0.000 0.000
0.000 0.000 0.000 0.000 0.000
0.179 0.000 0.000 0.000 0.000
2.576 3.317 1.488 5.543 0.000
0.000 0.000 0.000 0.000 0.000
0.136 0.000 0.000 0.000 0.000
0.000 0.000 0.000 0.000 0.167
0.000 0.000 0.000 0.000 0.000
0.000 0.000 0.000 0.000 2.678
0.000 0.000 0.000 0.000 0.000
0.000 0.000 0.000 0.000 0.797
0.000 0.000 0.000 0.000 0.000
0.000 0.000 0.000 0.000 0.000
0.000 0.000 0.000 0.000 0.000
4.365 1.883 1.125 6.249 0.000
0.000 0.000 0.000 0.000 0.000
0.000 0.000 0.000 0.000 0.000
0.000 0.000 0.000 0.000 0.000
0.000 0.000 0.000 0.000 0.000
0.000 0.000 0.000 0.000 0.000
0.000 0.000 0.000 0.000 0.000
0.000 0.000 0.000 0.000 0.000
3.199 0.000 0.000 5.299 0.000
0.000 0.000 0.000 0.000 0.000
3.589 0.000 0.000 4.151 0.000
0.000 0.000 0.000 0.000 0.000
0.000 0.000 0.000 0.000 0.000
0.000 0.000 0.000 0.000 0.000
0.000 0.000 0.000 0.000 2.309
0.000 0.000 0.000 0.000 0.000
0.000 0.000 0.000 2.613 0.873
0.000 0.000 0.000 0.000 0.767
2.190 9.587 1.699 3.244 2.450
0.000 0.000 0.000 0.000 0.000
0.605 0.000 1.382 2.816 1.244
0.000 0.000 0.000 0.000 0.000
0.000 0.000 0.000 0.000 2.402
1.860 0.000 0.000 0.000 0.000
2.418 0.000 0.000 0.000 0.000
3.034 0.000 0.000 11.062 0.000
2.351 0.000 0.000 3.136 2.816
1.088 3.102 0.000 30.520 4.278
2.666 15.512 0.000 23.677 3.327
1.459 13.692 0.000 22.404 0.307
2.009 2.249 0.557 3.932 0.000
0.572 0.000 0.000 3.044 0.000
2.552 0.000 0.000 2.939 0.000
0.000 0.000 0.000 0.000 0.000
0.000 0.000 0.000 0.000 0.000
0.000 0.000 0.000 0.000 0.000
3.521 0.000 0.000 1.816 1.742
0.000 0.000 0.000 0.000 0.000
0.000 0.000 0.000 0.000 0.000
0.000 0.000 0.000 0.000 0.000
0.000 0.000 0.000 0.000 0.000
0.000 0.000 0.000 0.000 0.000
0.000 0.000 0.000 0.000 0.000
0.000 0.000 0.000 0.000 0.000
0.000 0.000 0.000 0.000 0.000
3.015 0.000 0.000 0.000 0.000
0.000 0.000 0.000 0.000 0.000
0.000 0.000 0.000 0.000 0.000
5.905 0.000 0.000 7.812 0.000
2.590 0.000 0.000 13.232 0.000
0.000 0.000 0.000 0.000 0.000
0.000 0.000 0.000 0.000 0.000
0.000 0.000 0.000 0.000 0.000
0.000 0.000 0.000 2.305 0.000
0.000 0.000 0.000 0.000 0.000
0.000 0.000 0.000 0.000 0.000
1.654 0.000 0.000 0.000 0.000
0.511 0.000 0.000 0.000 0.000
0.000 0.000 0.000 0.000 0.000
2.231 0.000 0.000 0.000 1.987
0.000 0.000 0.000 0.000 0.000
0.000 0.000 0.000 0.000 0.000
0.000 0.000 0.000 0.000 0.000
0.000 0.000 0.000 0.000 0.000
0.000 0.000 0.000 0.000 0.000
4.733 0.000 0.000 33.248 0.000
2.453 3.404 0.000 17.238 0.000
0.490 0.000 0.000 3.445 0.000
1.987 0.000 0.000 4.044 0.000
0.000 0.000 0.000 0.000 1.294
0.000 0.000 0.000 0.000 1.464
2.956 0.000 0.000 5.398 0.000
3.348 0.000 0.000 0.000 0.000
0.000 0.000 0.000 0.000 0.000
0.000 0.000 0.000 0.000 0.000
0.000 0.000 0.000 0.000 0.000
0.000 0.000 1.055 0.000 0.000
0.000 0.000 1.662 0.000 3.179
0.000 0.000 0.000 0.000 0.000
0.000 0.000 0.000 0.000 0.000
0.000 0.000 0.000 0.000 0.000
6.564 0.000 0.000 2.430 0.000
2.720 6.962 0.000 13.510 0.000
5.140 2.407 0.000 10.556 0.000
4.197 0.000 0.000 6.600 0.000
0.000 0.000 0.000 0.000 0.000
0.000 0.000 0.000 0.000 0.000
0.000 0.000 0.000 0.000 0.000
0.000 0.000 0.000 0.000 0.000
0.000 0.000 0.000 0.000 0.000
0.000 0.000 0.000 0.000 0.000
0.000 0.000 0.000 0.000 0.000
4.045 3.038 0.000 3.265 0.000
0.600 0.000 0.000 0.000 0.000
0.000 0.000 0.000 0.000 0.000
0.000 0.000 2.789 0.000 0.000
0.000 0.000 0.000 0.000 0.000
1.541 0.000 0.000 1.712 2.144
2.166 0.000 0.000 0.000 0.000
0.000 0.000 0.000 2.033 0.000
2.588 0.000 0.732 2.187 0.000
0.000 0.000 0.000 0.000 0.000
0.000 0.000 0.000 0.000 1.459
3.390 0.000 0.000 3.587 0.000
0.000 0.000 0.000 0.000 0.000
2.947 2.075 0.000 1.163 0.000
0.000 0.000 0.000 0.000 0.000
0.000 0.000 0.000 0.000 2.642
2.729 2.034 0.000 2.873 0.000
1.529 12.343 0.000 3.354 0.000
0.000 0.000 0.000 0.000 0.000
0.000 0.000 0.000 0.000 0.000
0.000 0.000 0.000 0.000 0.000
0.000 0.000 0.000 0.000 0.000
0.000 0.000 0.000 0.000 0.000
0.000 0.000 0.000 0.000 0.000
0.000 0.000 0.000 0.000 0.000
0.000 0.000 0.000 0.000 0.000
0.000 0.000 0.000 0.000 0.000
0.000 0.000 0.000 0.000 0.000
4.558 4.630 0.000 15.604 0.000
0.000 0.000 0.000 0.000 0.000
0.000 0.000 0.000 0.000 0.000
0.872 0.000 0.000 1.420 0.000
0.000 0.000 0.000 0.000 0.000
0.000 0.000 0.000 0.000 0.000
0.000 0.000 0.000 0.000 0.000
2.566 0.000 1.475 5.411 0.000
0.000 0.000 0.000 0.000 0.000
2.302 3.901 0.000 11.151 0.000
0.000 0.000 0.000 0.000 0.000
0.000 0.000 0.000 0.000 0.000
0.000 0.000 0.000 0.000 0.000
0.000 0.000 0.621 0.000 2.213
0.000 2.913 2.809 0.000 0.000
0.000 0.000 0.000 0.000 0.000
0.000 0.000 0.000 0.000 0.000
0.000 0.000 0.000 0.000 0.000
0.000 0.000 0.000 0.000 0.000
0.000 0.000 0.000 0.000 0.000
0.000 0.000 0.000 0.000 0.000
0.000 0.000 0.000 0.000 0.000
2.395 0.000 0.000 0.000 0.000
0.000 0.000 1.975 0.000 0.000
0.000 0.000 1.763 0.000 0.000
3.877 3.469 0.000 3.958 0.000
0.000 0.000 0.000 0.000 0.000
0.000 0.000 0.000 0.000 0.000
0.000 0.000 2.326 0.000 0.000
0.000 0.000 0.000 0.000 0.000
0.000 0.000 0.000 0.000 0.000
0.267 0.000 0.000 2.294 0.000
0.000 0.000 0.000 0.000 0.000
0.000 0.000 0.000 0.000 0.000
0.854 0.000 0.000 0.000 0.000
0.000 0.000 0.407 0.000 1.752
0.536 0.000 0.000 0.000 0.000
0.000 0.000 0.000 0.000 0.000
0.000 0.000 0.000 0.000 0.000
0.000 0.000 0.000 0.000 0.000
0.000 0.000 1.545 0.000 0.000
0.000 0.000 0.000 0.000 0.000
0.000 0.000 0.000 0.000 0.000
0.000 0.000 0.000 0.000 0.000
0.000 0.000 0.000 0.000 0.000
0.000 0.000 0.000 0.000 0.000
0.000 0.000 0.000 0.000 0.000
0.000 0.000 0.000 0.000 0.000
0.000 0.000 0.000 0.000 0.000
0.000 0.000 1.764 0.000 0.000
0.000 0.000 0.922 0.000 0.101
0.000 0.000 0.000 0.000 0.000
0.000 0.000 0.000 0.000 0.000
0.000 0.000 0.000 0.000 0.000
0.000 0.000 0.000 0.000 0.000
0.000 0.000 0.000 0.000 0.000
5.071 4.935 0.000 0.000 0.000
1.961 4.432 0.000 8.037 0.000
3.241 4.355 0.000 5.323 0.000
2.777 4.046 0.000 0.000 0.000
0.000 0.000 0.000 0.000 0.000
0.000 0.000 0.000 0.000 0.000
0.000 0.000 2.714 0.000 0.000
0.000 0.000 0.000 0.000 0.000
0.000 0.000 0.000 0.000 0.000
0.000 0.000 0.000 0.000 0.000
0.000 0.000 0.000 0.000 0.000
0.108 0.000 0.000 0.000 0.000
0.000 0.000 0.000 0.000 0.000
0.000 0.000 1.459 0.000 0.000
0.000 0.000 0.000 0.000 0.000
0.000 0.000 0.000 0.000 0.000
0.000 0.000 0.000 0.000 0.000
0.000 1.151 0.000 0.000 0.000
0.000 0.000 0.000 0.000 0.000
0.000 0.000 0.731 0.000 0.000
0.000 0.000 0.000 0.000 0.000
0.000 0.000 0.000 0.000 0.000
2.287 0.000 0.000 0.000 0.000
0.000 0.000 0.000 0.000 0.000
0.000 0.000 0.000 0.000 0.000
0.000 0.000 0.000 0.000 0.000
0.000 0.000 0.000 0.000 0.000
0.000 0.000 0.000 0.000 0.000
0.000 3.140 2.762 0.000 1.277
0.000 0.000 0.000 0.000 0.000
0.000 0.000 0.000 0.000 0.000
0.000 0.000 0.000 0.000 0.000
0.000 0.000 0.000 0.000 0.000
0.000 0.000 0.000 0.000 0.000
0.000 0.000 0.000 0.000 0.000
0.000 0.000 0.000 0.000 0.000
0.000 0.000 0.000 0.000 0.000
2.381 6.269 0.000 9.869 0.000
0.000 0.000 0.000 0.000 0.000
0.000 0.000 0.000 0.000 0.000
0.000 0.000 0.000 0.000 0.000
0.000 0.000 0.000 0.000 0.000
0.597 0.000 0.000 0.000 0.000
0.000 0.000 0.000 0.000 0.000
0.000 0.000 0.000 0.000 0.000
0.000 0.000 0.000 0.000 0.000
0.000 0.000 0.000 0.000 0.000
0.000 0.000 0.000 0.000 0.000
0.000 0.000 0.000 0.000 0.000
0.000 0.000 0.000 0.000 0.000
6.437 2.193 0.000 9.764 0.000
0.000 0.000 0.000 0.000 0.000
0.000 0.000 0.000 0.000 0.000
0.000 0.000 0.000 0.000 0.000
0.000 0.000 0.000 0.000 0.000
0.000 0.000 0.000 0.000 0.000
0.000 0.000 0.000 0.000 0.000
0.000 0.000 1.169 0.000 0.000
0.000 0.000 2.693 0.000 0.000
4.884 0.000 0.000 0.000 0.000
0.701 0.000 1.202 0.000 0.000
0.000 0.000 0.458 0.000 0.000
0.000 0.000 0.000 0.000 0.000
0.000 0.000 0.000 0.000 0.000
0.000 0.000 0.000 0.000 0.000
0.000 0.000 0.000 0.000 0.000
0.000 0.000 0.000 0.000 0.000
0.000 0.000 0.000 0.000 0.000
0.000 0.000 0.000 0.000 0.000
0.000 0.000 1.151 0.000 0.000
4.585 2.511 0.000 13.014 0.000
0.000 0.000 0.000 0.000 0.000
0.000 0.000 0.000 0.000 0.000
0.000 0.000 0.000 0.000 0.000
0.000 0.000 1.468 0.000 0.000
0.000 0.000 0.000 0.000 0.000
0.000 0.000 0.000 0.000 0.000
0.000 0.000 0.000 0.000 0.000
0.000 0.000 0.000 0.000 0.000
0.000 0.000 0.000 0.000 0.000
0.000 0.000 0.000 0.000 0.000
0.000 0.000 0.000 0.000 0.000
0.000 0.000 0.000 0.000 0.000
0.000 0.000 0.000 0.000 0.000
1.123 0.000 0.000 1.241 2.449
0.000 0.000 0.000 0.000 0.000
0.000 0.000 1.836 0.000 0.000
0.000 0.000 0.000 0.000 0.000
0.000 0.000 0.000 0.000 0.000
0.000 0.000 0.000 0.000 0.000
0.000 0.000 0.000 0.000 0.000
0.000 0.000 2.000 0.000 0.000
0.000 0.000 0.000 0.000 0.000
3.156 2.758 0.000 0.000 0.000
0.000 0.000 0.000 0.000 0.000
0.000 0.000 0.000 0.000 0.000
0.000 2.606 1.734 0.000 0.000
0.000 0.000 1.158 0.000 0.000
0.455 2.417 0.000 1.317 0.000
0.000 0.000 0.000 0.000 0.000
2.203 0.000 0.000 0.000 0.000
0.000 0.000 0.000 0.000 0.000
0.000 0.000 0.000 0.000 0.000
0.000 0.000 0.000 0.000 0.000
0.000 0.000 0.000 0.000 0.000
0.000 0.000 0.000 0.000 0.000
0.000 0.000 0.000 0.000 0.000
0.000 0.000 0.000 0.000 0.000
0.000 0.000 0.000 0.000 0.000
0.000 0.000 0.000 0.000 0.000
1.848 0.000 0.000 1.760 0.000
0.000 0.000 0.000 0.000 0.000
0.000 0.000 2.730 0.000 0.000
0.000 0.000 0.000 0.000 0.000
0.000 0.000 0.000 0.000 0.000
0.000 0.000 0.000 0.000 0.000
0.000 0.000 1.372 0.000 0.000
0.000 0.000 0.000 0.000 0.000
1.237 3.162 0.000 0.000 0.000
0.000 0.000 0.000 0.000 0.000
0.000 0.000 0.000 0.000 0.000
0.000 0.000 0.000 0.000 0.000
0.000 0.000 0.000 0.000 0.000
0.676 0.000 0.000 0.000 0.000
0.000 0.000 0.000 0.000 0.000
0.000 0.000 0.000 0.000 0.000
0.000 0.000 2.025 0.000 0.000
2.005 0.000 0.364 0.000 0.000
0.000 4.739 0.000 0.000 0.000
0.000 0.000 0.000 0.000 0.000
0.000 0.000 0.000 0.000 0.000
0.000 0.000 0.000 0.000 0.000
0.000 0.000 0.000 0.000 1.346
0.000 0.000 0.000 0.000 0.000
0.000 0.000 0.000 0.000 0.000
0.000 0.000 0.000 0.000 0.000
0.000 0.000 0.000 0.000 0.000
0.000 0.000 0.000 0.000 0.000
0.000 0.000 0.000 0.000 0.000
0.000 0.000 0.598 0.000 0.000
0.000 0.000 3.208 0.000 0.000
0.000 0.000 0.514 0.000 0.000
0.000 0.000 0.000 0.000 0.000
0.916 0.000 0.000 0.000 0.000
0.000 0.000 0.000 0.000 0.000
0.000 0.000 2.036 0.000 0.000
0.000 0.000 0.000 0.000 0.000
1.882 0.000 0.000 0.000 0.000
0.000 0.000 0.000 0.000 0.000
0.000 0.000 2.468 0.000 0.000
0.000 0.000 0.000 0.000 0.000
0.000 0.000 1.993 0.000 0.000
0.000 1.328 0.000 0.000 0.000
0.000 0.000 0.000 0.000 0.000
0.000 0.000 0.000 0.000 0.000
0.000 0.000 1.824 0.000 0.000
0.000 0.000 0.000 0.000 0.000
0.000 0.000 0.000 0.000 0.000
0.000 0.000 0.671 0.000 0.000
0.000 0.000 0.491 0.000 0.000
0.000 0.000 0.000 0.000 0.000
2.312 0.361 0.500 3.543 0.000
2.049 0.000 0.000 0.103 0.000
0.000 0.000 0.000 0.000 0.000
0.000 0.000 0.000 0.000 0.000
0.000 0.000 0.000 0.000 0.000
0.000 0.000 0.000 0.000 0.000
0.000 0.000 0.000 0.000 0.000
0.000 0.000 1.852 0.000 2.439
7.138 1.917 0.000 9.141 0.000
1.332 2.077 0.000 0.000 0.000
0.000 0.000 0.890 0.000 0.000
0.000 0.000 0.000 0.000 0.000
0.000 0.000 0.000 0.000 0.000
0.000 0.000 0.599 0.000 0.925
0.000 0.000 0.000 0.000 0.000
0.000 0.000 0.000 0.000 0.000
0.000 0.000 0.000 0.000 0.000
0.000 0.000 0.000 0.000 0.000
0.000 0.000 0.000 0.000 0.000
0.000 0.000 0.000 0.000 0.000
0.000 0.000 0.000 0.000 0.000
0.000 0.000 0.000 0.000 0.000
0.000 0.000 0.000 0.000 0.000
0.000 0.000 0.000 0.000 0.000
0.000 0.000 0.000 0.000 0.000
0.000 0.000 0.000 0.000 0.000
0.000 0.000 0.000 0.000 0.000
0.000 0.000 0.707 0.000 0.000
0.000 0.000 0.000 0.000 0.000
0.000 0.000 2.059 0.000 0.625
0.000 0.000 1.136 0.000 2.798
0.000 0.000 2.019 0.000 0.000
0.000 0.000 0.000 0.000 0.000
0.000 0.000 0.000 0.000 0.000
0.000 0.000 0.000 0.000 0.000
0.000 0.000 0.000 0.000 0.000
0.000 0.000 0.000 0.000 0.000
0.000 0.000 0.000 0.000 0.000
0.000 0.000 0.000 0.000 0.000
0.000 0.000 0.000 0.000 0.000
0.000 0.000 0.000 0.000 0.000
0.000 0.000 0.000 0.000 0.000
0.000 0.000 0.000 0.000 0.000
0.000 0.000 0.000 0.000 0.000
0.000 0.000 0.000 0.000 0.000
0.000 0.000 0.000 0.000 0.000
0.000 0.000 0.000 0.000 0.000
0.000 0.000 1.067 0.000 0.000
0.000 0.000 0.200 0.000 0.000
0.000 0.000 0.000 0.000 0.000
0.000 0.000 0.000 0.000 0.000
1.230 0.000 0.373 0.000 0.000
0.000 0.000 3.498 0.000 0.000
0.000 0.000 0.000 0.000 0.000
0.000 0.000 0.000 0.000 0.000
0.000 0.000 0.000 0.000 0.000
0.000 0.000 0.000 0.000 0.000
0.000 0.000 0.000 0.000 0.000
0.000 0.000 0.000 0.000 0.000
0.000 0.000 0.000 0.000 0.354
0.000 0.000 0.000 0.000 0.000
0.000 0.000 0.000 0.000 0.000
0.000 0.000 0.000 0.000 0.000
0.000 0.000 0.000 0.000 0.000
0.000 0.000 0.000 0.000 0.000
0.000 0.000 0.000 0.000 0.000
0.000 0.000 0.000 0.000 0.000
0.000 0.000 0.000 0.000 0.000
0.000 0.000 0.000 0.000 0.000
0.000 0.000 0.000 0.000 0.000
2.858 13.044 0.000 2.579 0.208
2.496 0.000 0.000 0.000 0.000
0.000 0.000 0.535 0.000 0.000
1.875 0.000 0.000 1.292 2.574
0.000 0.000 0.000 0.000 0.000
0.000 0.000 0.000 0.000 0.000
0.000 0.000 0.517 0.000 0.000
2.253 0.000 0.000 0.000 0.000
2.537 0.000 0.000 0.000 0.000
0.000 0.000 0.000 0.000 0.000
0.000 0.000 0.000 0.000 0.000
0.000 0.000 0.000 0.000 0.000
0.000 0.000 0.000 0.000 0.000
0.000 0.000 0.000 0.000 0.000
0.000 0.000 0.000 0.000 0.000
3.017 1.221 0.000 17.952 0.000
0.000 0.000 0.000 0.000 0.000
0.000 0.000 3.466 0.000 3.645
2.214 1.314 0.000 13.700 0.000
0.000 0.000 0.000 0.000 0.527
0.000 0.000 0.000 0.000 0.000
0.000 0.000 0.000 0.000 0.000
0.000 0.000 0.000 0.000 0.000
3.744 0.000 0.000 0.000 0.000
3.550 0.000 0.000 4.664 0.000
0.000 0.000 0.000 0.000 0.000
0.000 0.000 0.000 0.000 0.000
0.000 0.000 0.000 0.000 0.000
0.000 0.000 0.000 0.000 0.000
0.000 0.000 0.000 0.000 0.000
0.000 0.000 0.000 0.000 0.000
0.000 3.295 0.000 0.000 0.000
0.000 0.000 0.000 0.000 2.427
0.000 0.000 0.238 0.000 0.000
0.000 0.000 0.000 0.000 0.000
0.112 0.000 0.000 0.000 0.000
0.000 0.000 0.000 0.000 0.000
0.000 0.000 0.000 0.000 0.000
0.893 0.000 0.000 0.803 0.000
0.000 0.000 0.000 0.000 0.000
0.000 0.000 0.000 0.000 0.000
0.000 0.000 0.000 0.000 0.000
0.000 0.000 0.695 0.000 0.000
3.228 0.000 0.000 3.323 0.000
1.574 0.000 0.000 1.835 0.212
0.000 0.000 0.000 0.000 0.000
0.000 0.000 0.000 0.000 0.000
1.190 0.000 0.000 2.649 0.000
0.000 0.000 0.000 0.000 2.317
0.000 0.000 0.000 0.000 0.000
0.000 2.619 0.656 0.000 1.545
0.000 0.000 0.000 0.000 0.000
0.000 0.000 0.000 0.000 0.000
0.000 0.000 0.000 0.000 0.000
0.000 0.000 0.000 0.000 0.000
0.000 0.000 0.000 0.000 0.000
0.281 0.000 0.000 0.000 0.000
0.417 0.000 0.000 0.000 0.000
0.000 0.000 0.000 0.000 0.000
0.000 0.000 0.000 0.000 0.000
0.000 0.000 0.000 0.000 0.000
0.000 0.000 0.000 0.000 0.000
0.000 0.000 0.000 0.000 0.000
0.000 0.000 0.000 0.000 0.000
0.000 0.000 1.595 0.000 0.000
0.000 0.000 0.000 0.000 0.000
0.000 0.000 0.000 0.000 0.000
0.000 0.000 0.000 0.000 0.000
2.603 0.000 0.000 0.000 0.000
0.000 0.000 0.000 0.000 0.000
0.000 0.000 0.000 0.000 0.000
0.000 0.000 0.000 0.000 0.000
0.000 0.000 0.000 0.000 0.000
0.000 0.000 0.000 0.000 0.000
3.101 0.299 0.000 6.743 0.000
2.358 0.000 0.000 4.312 1.081
1.732 0.000 0.000 1.966 2.256
0.000 0.000 0.000 0.000 0.667
1.406 0.000 0.000 0.000 0.000
3.872 6.704 0.000 20.359 0.000
0.000 0.000 0.000 0.000 0.000
0.000 0.000 0.000 2.730 0.000
1.308 0.000 0.000 0.000 0.000
0.056 0.000 0.000 0.830 0.000
2.099 0.000 0.000 1.270 0.000
0.000 0.000 0.000 0.000 0.000
0.000 0.000 0.000 0.000 0.000
0.000 0.000 0.000 0.000 0.000
0.000 0.000 0.000 0.000 0.000
0.000 0.000 0.000 0.000 0.000
0.000 0.000 0.000 0.000 0.000
0.000 0.000 0.000 0.000 0.000
0.000 0.000 0.000 0.000 0.000
0.000 0.000 0.000 0.000 0.000
1.778 3.177 0.000 12.002 0.000
0.000 0.000 0.000 0.000 0.000
0.000 0.000 2.190 0.000 0.000
1.921 0.000 0.000 0.000 0.000
3.290 0.000 0.000 0.000 0.000
0.000 0.000 0.436 0.000 0.000
0.155 0.000 0.000 0.000 0.000
0.000 0.000 0.000 0.000 0.000
0.000 0.000 0.000 0.000 0.000
0.000 0.000 0.000 0.000 2.208
2.753 0.000 0.000 5.730 1.335
3.630 19.168 0.000 14.748 0.000
0.000 0.000 0.000 0.000 0.000
0.000 0.000 0.000 0.000 0.000
0.000 0.000 0.000 0.000 0.000
0.000 0.000 0.000 0.000 0.000
0.000 0.000 0.000 0.000 0.000
0.000 0.000 0.000 0.000 0.000
0.000 0.000 0.000 0.000 0.000
0.000 0.000 2.034 0.000 0.000
2.310 0.000 0.000 1.503 0.000
0.000 0.000 0.000 0.000 2.013
0.000 0.000 0.000 0.000 0.000
0.000 0.000 0.000 0.000 0.000
1.396 0.000 0.000 2.003 0.000
3.182 2.824 0.000 3.102 0.000
0.000 0.000 0.000 0.000 0.000
0.000 0.000 0.000 0.000 0.000
0.000 0.000 0.000 0.593 0.000
0.000 0.000 0.000 0.000 0.000
0.000 0.000 0.000 0.000 0.000
0.000 0.000 0.000 0.000 0.000
0.000 0.000 0.000 0.000 0.000
0.000 0.000 0.000 0.000 0.000
